{"NukeTruck":{"SouthBeachAirStrip":[-14924.875,19.063251495361329,-5167.3759765625,-0.33436116576194765,-0.0027992953546345236,0.9424408674240112,-0.00026064791018143296,0.9999958276748657,0.0028777755796909334,-0.9424449801445007,0.00071657111402601,-0.3343604803085327],"WestoverVault":[-552.0549926757813,34.12761306762695,7654.6943359375,0.9716142416000366,-0.0013690876075997949,0.23656681180000306,0.0012539883609861136,0.9999989867210388,0.0006370010669343174,-0.2365674525499344,-0.00032226729672402143,0.9716150164604187]},"CementMixer":{"SouthBeachCement":[-7466.28759765625,10.39619255065918,-7317.51220703125,0.472392201423645,0.004524555988609791,-0.8813768625259399,0.0015582808991894127,0.9999809861183167,0.005968604702502489,0.8813870549201965,-0.004192954860627651,0.47237616777420046],"CapeHenlopenWindFarm":[-1601.685302734375,18.2598876953125,11827.3525390625,-0.1750013679265976,-0.006921527907252312,0.9845438599586487,-0.0010781732853502036,0.9999760389328003,0.006838375236839056,-0.9845675826072693,0.000135216090711765,-0.17500463128089906]},"ArmoredCar":{"KensCargoGeneral3":[-12753.0458984375,7.92537784576416,444.020263671875,-0.21001020073890687,-0.016522761434316636,-0.9775595664978027,-0.00970727950334549,0.9998431205749512,-0.014813974499702454,0.9776510000228882,0.0063783577643334869,-0.21013765037059785],"KensCargoGeneral2":[-12757.4306640625,7.901344299316406,470.37237548828127,-0.17146798968315125,-0.013644551858305931,-0.985095202922821,0.005197826307266951,0.9998776316642761,-0.014754049479961396,0.9851759672164917,-0.007650200743228197,-0.1713760942220688],"KensBullseye1":[-3658.3134765625,12.157028198242188,1633.178466796875,-0.10234469920396805,0.013650729320943356,0.9946553111076355,0.009943987242877484,0.9998699426651001,-0.012699111364781857,-0.9946992993354797,0.008591152727603913,-0.1024671271443367],"WestoverBank":[-355.531005859375,71.1448745727539,6342.26904296875,0.6590769290924072,-0.01034153439104557,-0.7520044445991516,-0.0005966185708530247,0.9998979568481445,-0.014273448847234249,0.7520753145217896,0.009855960495769978,0.659003496170044],"KensTShirt":[-4988.046875,12.489375114440918,598.7261962890625,-0.11675914376974106,-0.005198060069233179,-0.9931466579437256,0.043326590210199359,0.9990076422691345,-0.010322420857846737,0.9922147393226624,-0.04423489794135094,-0.11641806364059448],"KensCafeTurkmenistan":[-4780.40185546875,12.17544937133789,955.2623291015625,0.1703009158372879,0.008592476136982441,0.9853546619415283,0.003743479959666729,0.9999490976333618,-0.009366735816001892,-0.985385000705719,0.005283819045871496,0.17026008665561677],"KensCargoGeneral1":[-12757.37109375,7.947000503540039,494.7694396972656,-0.16681963205337525,-0.017270222306251527,-0.9858361482620239,-0.010046848095953465,0.9998244643211365,-0.015815183520317079,0.9859362244606018,0.007266263477504253,-0.1669638603925705],"DoeRunWarehouse":[-286.53729248046877,34.80936813354492,4283.4853515625,0.12150254100561142,0.010313299484550953,0.9925375580787659,0.005306286737322807,0.9999249577522278,-0.011039636097848416,-0.9925769567489624,0.006608032621443272,0.12143869698047638]},"DumpTruck":{"NomtaukQuarryIron":[36751.9140625,-42.71451950073242,29510.751953125,0.09676752239465714,0.006176913157105446,0.9952878355979919,0.00017984297301154584,0.999980628490448,-0.006223522592335939,-0.9953069686889648,0.0007812303956598043,0.09676453471183777],"KensingtonOversized":[-12457.44921875,8.811232566833496,42.82593536376953,0.9727116227149963,-0.0011337524047121406,-0.23201456665992738,-0.00033211856498382986,0.9999802112579346,-0.006278853863477707,0.23201709985733033,0.006184570491313934,0.97269207239151],"NomtaukQuarrySalt":[36629.15234375,-42.09048843383789,29656.52734375,0.9383075833320618,0.015627089887857438,-0.3454485833644867,-0.018367229029536248,0.9998204708099365,-0.0046601006761193279,0.3453137278556824,0.010717540979385376,0.93842613697052]},"BoxTruck":{"KensCargoGeneral3":[-12728.4287109375,8.126981735229493,456.4320983886719,-0.24505941569805146,0.0073822662234306339,-0.9694799780845642,-0.00006777226371923462,0.9999708533287048,0.007631575223058462,0.9695080518722534,0.0019358932040631772,-0.2450517863035202],"WestoverWarehouse2":[-952.8877563476563,58.57747268676758,7739.734375,-0.8270548582077026,0.004378186073154211,-0.5621041655540466,0.000012271480954950676,0.9999697804450989,0.007770632393658161,0.5621212124824524,0.006419841665774584,-0.8270299434661865],"WestoverWarehouse3":[-1959.745849609375,29.677370071411134,7206.3505859375,0.6538671851158142,0.0058888886123895649,-0.7565864324569702,-0.00008273780986201018,0.9999702572822571,0.0077117616310715679,0.756609320640564,-0.0049798693507909779,0.6538482308387756],"KensCargoGeneral2":[-12741.013671875,8.127436637878418,471.239990234375,-0.21189428865909577,0.007516026962548494,-0.9772636890411377,-0.0000726924990885891,0.9999703168869019,0.007706422358751297,0.9772925972938538,0.0017039865488186479,-0.2118874490261078],"KensCargoGeneral1":[-12727.037109375,8.131674766540528,496.8291931152344,-0.12001226842403412,0.008035905659198761,-0.9927398562431336,-0.0012360593536868692,0.999965250492096,0.008243819698691368,0.9927716255187988,0.0022164450492709877,-0.11999816447496414],"KensBullseye2":[-3433.1376953125,12.390316009521485,1661.462646484375,-0.26020923256874087,0.008093805983662606,-0.9655183553695679,-0.004608246497809887,0.9999430775642395,0.009624316357076168,0.9655412435531616,0.006953682284802198,-0.26015713810920718],"SouthBeachAirStrip":[-14819.568359375,9.849380493164063,-5204.9365234375,0.35680171847343447,0.0076073287054896359,-0.9341491460800171,0.0002881915424950421,0.9999659061431885,0.008253389038145543,0.9341800808906555,-0.0032140372786670925,0.3567873537540436],"WestonOne":[2190.73876953125,6.145021915435791,2416.84912109375,0.9735812544822693,0.04152815043926239,0.22453272342681886,-0.04124800115823746,0.9991312623023987,-0.005940311588346958,-0.22458437085151673,-0.0034781501162797214,0.9744484424591065],"KensYeetberry":[-4973.22900390625,12.89314079284668,604.4898071289063,0.12408115714788437,-0.0017965389415621758,0.9922704696655273,-0.05209983140230179,0.9986072182655335,0.00832297746092081,-0.990903377532959,-0.05272984877228737,0.12381473928689957],"WestoverUDMerch":[1444.142822265625,61.58610153198242,5960.978515625,-0.17901283502578736,0.008282190188765526,-0.9838118553161621,-0.0017192686209455133,0.9999604225158691,0.00873097125440836,0.9838452339172363,0.003254392882809043,-0.17899151146411897],"WestoverWarehouse1":[-1642.2393798828126,29.678251266479493,7552.6962890625,0.7607551217079163,0.005302357487380505,-0.6490173935890198,-0.0003269125008955598,0.9999696612358093,0.007786380127072334,0.6490389704704285,-0.005711356643587351,0.7607337236404419],"Hospital":[-4569.111328125,12.981162071228028,2025.9447021484376,0.9925415515899658,0.0009978767484426499,-0.12190265953540802,-0.00006766869046259671,0.9999708533287048,0.007634645793586969,0.12190672755241394,-0.0075694541446864609,0.9925127029418945],"KensBullseye1":[-3653.59130859375,12.376916885375977,1669.1546630859376,-0.9577875137329102,-0.0016300134593620897,0.28747254610061648,0.0010107444832101465,0.9999586343765259,0.009037469513714314,-0.2874753773212433,0.008946537040174008,-0.9577462673187256]}}
