{"DriveData":[[-12576.7265625,7.762761116027832,494.3221740722656,-0.14206159114837647,-0.0029077574145048858,-0.98985356092453,0.007780067622661591,0.9999614953994751,-0.004054028075188398,0.9898272752761841,-0.008277049288153649,-0.14203350245952607],[-12572.3671875,7.763473987579346,494.9479064941406,-0.14206081628799439,-0.00296308402903378,-0.9898535013198853,0.00778318801894784,0.999961256980896,-0.004110360983759165,0.9898273348808289,-0.008288136683404446,-0.14203225076198579],[-12567.5556640625,7.765817642211914,495.6382751464844,-0.14206069707870484,-0.002980009187012911,-0.9898534417152405,0.007786024361848831,0.9999611973762512,-0.004127865191549063,0.9898273348808289,-0.00829343032091856,-0.1420319825410843],[-12562.6513671875,7.76531982421875,496.342041015625,-0.14206120371818543,-0.003057131776586175,-0.9898531436920166,0.007787136826664209,0.9999608397483826,-0.004205938894301653,0.9898272156715393,-0.008305622264742852,-0.14203183352947236],[-12557.6572265625,7.769296646118164,497.14508056640627,-0.14553509652614594,-0.0029439551290124656,-0.9893487095832825,0.007868063636124134,0.9999604821205139,-0.004132939502596855,0.9893218278884888,-0.00838574580848217,-0.14550618827342988],[-12552.65234375,7.767171859741211,498.5789489746094,-0.1743764579296112,-0.0026026535779237749,-0.9846756458282471,0.007839750498533249,0.9999611377716065,-0.004031399264931679,0.9846478700637817,-0.008422591723501683,-0.17434927821159364],[-12547.8798828125,7.7601799964904789,500.48321533203127,-0.2174784541130066,-0.00206177169457078,-0.9760629534721375,0.007651465013623238,0.9999634623527527,-0.0038170949555933477,0.9760351181030273,-0.008298447355628014,-0.217454731464386],[-12542.8115234375,7.756485462188721,502.253173828125,-0.24250084161758424,-0.0014535019872710109,-0.9701501131057739,0.0071024238131940369,0.9999694228172302,-0.0032735152635723354,0.9701251983642578,-0.007684247102588415,-0.24248309433460236],[-12537.7998046875,7.75311803817749,503.63922119140627,-0.24760624766349793,-0.0014418890932574869,-0.9688596725463867,0.0070237936452031139,0.9999699592590332,-0.0032832215074449779,0.9688352942466736,-0.007618016563355923,-0.24758867919445039],[-12532.5498046875,7.77708101272583,505.2841491699219,-0.2591298818588257,-0.002235518069937825,-0.9658399224281311,0.0074919117614626888,0.999962568283081,-0.004324539098888636,0.9658134579658508,-0.008356604725122452,-0.2591034173965454],[-12527.64453125,7.786871433258057,507.67340087890627,-0.30117419362068179,-0.0016962200170382858,-0.953567624092102,0.008112628944218159,0.9999576807022095,-0.004341026768088341,0.9535346031188965,-0.009043345227837563,-0.3011476695537567],[-12523.1123046875,7.758672714233398,510.520751953125,-0.3543702960014343,-0.00032197340624406934,-0.9351051449775696,0.008116346783936024,0.9999611973762512,-0.0034201000817120077,0.9350699782371521,-0.00880161952227354,-0.3543539345264435],[-12518.4736328125,7.76215934753418,513.7074584960938,-0.40550529956817629,0.00005777276965091005,-0.9140927195549011,0.008055207319557667,0.9999613761901856,-0.00351021159440279,0.914057195186615,-0.008786615915596486,-0.40549010038375857],[-12513.5185546875,7.777761936187744,516.837646484375,-0.43719854950904848,-0.00016053678700700402,-0.8993650078773499,0.007453274913132191,0.9999650120735169,-0.003801673883572221,0.8993341326713562,-0.008365301415324211,-0.43718206882476809],[-12508.580078125,7.791703224182129,519.5934448242188,-0.4485599994659424,-0.0006634462042711675,-0.8937524557113648,0.007031838875263929,0.9999661445617676,-0.004271457437425852,0.8937250375747681,-0.008200728334486485,-0.4485401511192322],[-12503.7109375,7.793642520904541,523.1610107421875,-0.4856927990913391,-0.00039329027640633285,-0.8741294741630554,0.00799816008657217,0.9999560117721558,-0.004893922246992588,0.8740929961204529,-0.009368370287120343,-0.4856683015823364],[-12499.515625,7.73896598815918,527.0422973632813,-0.5344868898391724,0.0028910592664033176,-0.8451718091964722,0.00903378240764141,0.9999565482139587,-0.0022924384102225305,0.8451284766197205,-0.008860376663506031,-0.5344897508621216],[-12495.0380859375,7.730782508850098,530.9544677734375,-0.5657104253768921,0.0034623644314706327,-0.8245967030525208,0.00884801521897316,0.9999591112136841,-0.0018714496400207282,0.8245565295219421,-0.008354743011295796,-0.565717875957489],[-12490.291015625,7.781373500823975,534.5367431640625,-0.5743564963340759,0.0015432063955813647,-0.8186038732528687,0.008178926073014737,0.9999591112136841,-0.003853482659906149,0.8185644149780273,-0.008908572606742382,-0.574345588684082],[-12485.2216796875,7.768988609313965,538.2225341796875,-0.577691912651062,0.0017999681876972318,-0.8162528872489929,0.008305016905069352,0.9999587535858154,-0.0036726943217217924,0.8162126541137695,-0.008900679647922516,-0.5776830911636353],[-12480.75390625,7.771936416625977,542.080810546875,-0.5969448089599609,0.002029735129326582,-0.8022797703742981,0.00849474873393774,0.9999567270278931,-0.0037907585501670839,0.802237331867218,-0.009078038856387139,-0.5969362258911133],[-12476.5185546875,7.7759480476379398,546.7304077148438,-0.6359139680862427,0.0024263188242912294,-0.7717561721801758,0.008541600778698922,0.999955952167511,-0.003894379362463951,0.7717127203941345,-0.009068523533642292,-0.6359066367149353],[-12472.15234375,7.754247188568115,551.6729125976563,-0.6678045988082886,0.0032095119822770359,-0.7443296909332275,0.008260361850261689,0.9999610781669617,-0.00309932604432106,0.7442907691001892,-0.008218176662921906,-0.6678051352500916],[-12467.453125,7.787912368774414,556.2991333007813,-0.6762888431549072,0.0009280832600779831,-0.7366359233856201,0.006624087691307068,0.9999664425849915,-0.0048215738497674469,0.736606776714325,-0.008140318095684052,-0.6762722730636597],[-12462.58203125,7.771854400634766,560.8613891601563,-0.6780743598937988,0.0016515558818355203,-0.7349914312362671,0.006654302589595318,0.9999702572822571,-0.003892025211825967,0.7349631786346436,-0.0075299376621842388,-0.6780652403831482],[-12458.0029296875,7.772199630737305,565.1030883789063,-0.678244411945343,0.0016444673528894783,-0.7348345518112183,0.006600358057767153,0.9999707937240601,-0.0038542510010302068,0.7348067164421082,-0.007464295718818903,-0.6782354712486267],[-12453.166015625,7.781902313232422,569.5757446289063,-0.6783447265625,0.0016559665091335774,-0.7347419261932373,0.006684051360934973,0.9999699592590332,-0.003917258698493242,0.7347133755683899,-0.007568304426968098,-0.678335428237915],[-12448.32421875,7.769405364990234,574.1722412109375,-0.6807928681373596,0.0018793238559737802,-0.7324735522270203,0.006658008322119713,0.9999712705612183,-0.003622594987973571,0.7324457168579102,-0.007343051955103874,-0.6807858347892761],[-12443.7109375,7.771541595458984,579.549560546875,-0.7047315239906311,0.0027016177773475649,-0.7094689607620239,0.007834184914827347,0.9999614357948303,-0.003974076360464096,0.7094308137893677,-0.008358767256140709,-0.7047255039215088],[-12439.990234375,7.769985675811768,585.0798950195313,-0.7415156960487366,0.0039445459842681889,-0.6709239482879639,0.00887735839933157,0.9999528527259827,-0.003932398743927479,0.6708768010139465,-0.00887196697294712,-0.7415157556533814],[-12436.5263671875,7.754582405090332,591.4845581054688,-0.7868101000785828,0.007076733745634556,-0.617154598236084,0.011411350220441819,0.9999301433563232,-0.0030824141576886179,0.6170896291732788,-0.009467841126024723,-0.7868359088897705],[-12434.0703125,7.748337745666504,598.0674438476563,-0.8383229970932007,0.013876968063414097,-0.5449972152709961,0.018613291904330255,0.9998217225074768,-0.0031733301002532245,0.5448560118675232,-0.012804468162357808,-0.8384318351745606],[-12432.529296875,7.744165897369385,605.2100219726563,-0.891502857208252,0.020903205499053,-0.452532559633255,0.025023771449923517,0.9996820092201233,-0.0031206693965941669,0.45232340693473818,-0.01410615723580122,-0.8917424082756043],[-12431.7490234375,7.7300238609313969,611.9141235351563,-0.9305062890052795,0.02253904566168785,-0.365581750869751,0.024980703368782998,0.9996860027313232,-0.0019495837623253465,0.3654230237007141,-0.010946589522063733,-0.9307771921157837],[-12431.4326171875,7.733628749847412,619.2330932617188,-0.9611618518829346,0.023211399093270303,-0.2750074863433838,0.025098614394664766,0.9996793866157532,-0.0033449071925133468,0.27484166622161868,-0.0101173035800457,-0.9614362716674805],[-12431.8251953125,7.7365312576293949,626.0275268554688,-0.98218834400177,0.024432923644781114,-0.18630366027355195,0.025455579161643983,0.9996711611747742,-0.003098623361438513,0.1861666887998581,-0.007785899098962545,-0.9824873208999634],[-12433.0048828125,7.737096309661865,633.3074951171875,-0.9960241913795471,0.025567587465047838,-0.08533498644828797,0.025972407311201097,0.9996560215950012,-0.0036368845030665399,0.08521264791488648,-0.005838779732584953,-0.9963456988334656],[-12435.037109375,7.7298264503479,640.0946655273438,-0.9994330406188965,0.02661970630288124,0.020616138353943826,0.026579096913337709,0.9996442198753357,-0.0022412813268601896,-0.02066846564412117,-0.0016920522321015597,-0.9997849464416504],[-12437.7099609375,7.697108268737793,646.6466674804688,-0.9919869899749756,0.02658572793006897,0.12351108342409134,0.026490429416298868,0.9996461272239685,-0.0024140230379998686,-0.12353155761957169,0.0008771823486313224,-0.9923402667045593],[-12440.69140625,7.6625566482543949,653.0452270507813,-0.9774501919746399,0.026081161573529245,0.2095491886138916,0.026473941281437875,0.9996490478515625,-0.0009308095322921872,-0.20949992537498475,0.004637772683054209,-0.9777976870536804],[-12443.4677734375,7.707332134246826,659.4639282226563,-0.9646179676055908,0.023845352232456209,0.26257115602493288,0.024168187752366067,0.9997059106826782,-0.0020004939287900926,-0.26254162192344668,0.004416156560182571,-0.9649105668067932],[-12445.7958984375,7.776220321655273,666.3001098632813,-0.960948646068573,0.011649049818515778,0.276481568813324,0.010938968509435654,0.9999316930770874,-0.004110465757548809,-0.2765105664730072,-0.0009255232289433479,-0.9610104560852051],[-12447.76171875,7.776919841766357,673.0172729492188,-0.9611132144927979,0.003584781661629677,0.27613139152526858,0.002728770487010479,0.9999902248382568,-0.003484171349555254,-0.2761411666870117,-0.0025951839052140714,-0.9611135721206665],[-12449.2666015625,7.782757759094238,680.1748657226563,-0.9670891761779785,-0.00014232246030587703,0.2544376254081726,-0.001170064089819789,0.999991774559021,-0.0038879273924976589,-0.2544349730014801,-0.00405768072232604,-0.9670813679695129],[-12450.4189453125,7.7792792320251469,687.4636840820313,-0.9741974472999573,-0.0006285039125941694,0.22569644451141358,-0.0014284498756751419,0.9999932646751404,-0.0033810571767389776,-0.22569279372692109,-0.0036162135656923057,-0.9741917848587036],[-12451.8251953125,7.783614635467529,694.806884765625,-0.9765796065330505,-0.00015965511556714773,0.21515630185604096,-0.0010865282965824009,0.9999906420707703,-0.004189641214907169,-0.21515361964702607,-0.004325291607528925,-0.9765706658363342],[-12453.3271484375,7.78516960144043,701.9325561523438,-0.9770999550819397,-0.0002817688218783587,0.21278059482574464,-0.0011337603209540248,0.9999918341636658,-0.003882077056914568,-0.2127777636051178,-0.004034419544041157,-0.9770922660827637],[-12454.9130859375,7.771265029907227,709.271484375,-0.9771760106086731,-0.0003197806654497981,0.2124309092760086,-0.0010343327885493637,0.999994158744812,-0.003252570051699877,-0.21242862939834596,-0.003398057771846652,-0.9771707057952881],[-12456.435546875,7.782738208770752,716.2921752929688,-0.9771977663040161,-0.00026090515893884003,0.2123311311006546,-0.0011031633475795389,0.9999920129776001,-0.003848261432722211,-0.21232841908931733,-0.0039947484619915489,-0.9771901965141296],[-12458.0361328125,7.7864227294921879,723.6720581054688,-0.9772025346755981,-0.00014666457718703896,0.21230903267860413,-0.0010091571602970362,0.9999916553497315,-0.003954083193093538,-0.2123066931962967,-0.0040781935676932339,-0.9771945476531982],[-12459.6494140625,7.7830281257629398,731.133056640625,-0.9772257208824158,-0.00019287585746496916,0.2122023105621338,-0.0010551485465839506,0.9999916553497315,-0.003950212150812149,-0.21219976246356965,-0.0040841540321707729,-0.9772177934646606],[-12461.2216796875,7.785920143127441,738.383544921875,-0.9772539138793945,-0.00025164076942019165,0.21207237243652345,-0.0011304070940241218,0.9999912977218628,-0.0040224771946668629,-0.21206951141357423,-0.004170709755271673,-0.9772456884384155],[-12462.8076171875,7.786308765411377,745.706787109375,-0.9772460460662842,-0.00023079017410054803,0.21210862696170808,-0.0011131037026643754,0.999991238117218,-0.0040403264574706558,-0.21210582554340363,-0.00418449193239212,-0.9772377610206604],[-12464.478515625,7.787105560302734,753.4014892578125,-0.9772512316703796,-0.0002370747970417142,0.21208474040031434,-0.0011009006993845106,0.9999915957450867,-0.003954946529120207,-0.21208201348781587,-0.004098460543900728,-0.9772433042526245],[-12466.1640625,7.783272743225098,761.176025390625,-0.9772645831108093,-0.00022108193661551923,0.21202325820922852,-0.001130453310906887,0.999990701675415,-0.004167807288467884,-0.2120203673839569,-0.004312732722610235,-0.9772557616233826],[-12467.734375,7.782699108123779,768.4232788085938,-0.9772641062736511,-0.00023494090419262648,0.2120254933834076,-0.0011229204246774316,0.9999911189079285,-0.004067676141858101,-0.21202264726161958,-0.004213281907141209,-0.977255642414093],[-12469.3154296875,7.782595634460449,775.7386474609375,-0.9772911071777344,-0.00034536421298980713,0.21190084517002107,-0.0012206817045807839,0.999991238117218,-0.003999984823167324,-0.211897611618042,-0.004167812876403332,-0.9772830009460449],[-12470.9833984375,7.781219959259033,783.4275512695313,-0.9772781729698181,-0.00023818310000933707,0.21196062862873078,-0.0011173880193382502,0.999991238117218,-0.0040281908586621288,-0.21195782721042634,-0.0041735051199793819,-0.9772698879241943],[-12472.5927734375,7.7866129875183109,790.8778686523438,-0.9773052334785461,-0.0003348913451191038,0.21183565258979798,-0.0012332340702414513,0.9999908208847046,-0.004108646884560585,-0.21183231472969056,-0.00427664490416646,-0.9772966504096985],[-12474.3603515625,7.783352851867676,799.0220947265625,-0.9772890210151672,-0.0002650868846103549,0.21191050112247468,-0.0011221652384847403,0.9999916553497315,-0.003924274817109108,-0.21190769970417024,-0.004072949290275574,-0.9772812128067017],[-12476.1376953125,7.78131103515625,807.2427368164063,-0.9773139357566834,-0.0003120250767096877,0.21179553866386414,-0.0012203551596030594,0.9999905824661255,-0.0041580102406442169,-0.2117922604084015,-0.004322146996855736,-0.9773051738739014],[-12477.8662109375,7.7831807136535648,815.2174072265625,-0.9773033857345581,-0.0002822559326887131,0.2118442952632904,-0.0011717182351276279,0.9999909996986389,-0.0040731364861130718,-0.21184124052524568,-0.00422891229391098,-0.977294921875],[-12479.6064453125,7.782788276672363,823.2626953125,-0.9773233532905579,-0.00032627853215672076,0.211752250790596,-0.0012316282372921706,0.9999906420707703,-0.00414363294839859,-0.2117489129304886,-0.004310469143092632,-0.9773145914077759],[-12481.3623046875,7.7831926345825199,831.3759155273438,-0.9773190021514893,-0.0002832207828760147,0.2117721289396286,-0.0011841612868010998,0.9999907612800598,-0.004127480089664459,-0.2117689996957779,-0.004284637048840523,-0.9773103594779968],[-12483.0595703125,7.779933452606201,839.2296752929688,-0.9773455262184143,-0.0003866454935632646,0.21164971590042115,-0.0012732254108414054,0.9999909996986389,-0.004052635282278061,-0.21164624392986298,-0.004230302758514881,-0.9773371815681458],[-12484.826171875,7.7748284339904789,847.3905639648438,-0.9773325324058533,-0.00037212661118246615,0.21170960366725923,-0.0012119350722059608,0.9999918937683106,-0.003837048774585128,-0.21170645952224732,-0.004006650764495134,-0.9773250818252564],[-12486.5576171875,7.773074626922607,855.39501953125,-0.9773595929145813,-0.00027566211065277457,0.21158480644226075,-0.0011152561055496336,0.9999919533729553,-0.003848794149234891,-0.21158204972743989,-0.003997627180069685,-0.9773520827293396],[-12488.1806640625,7.773643970489502,862.9151000976563,-0.9773752093315125,-0.0002595328551251441,0.21151265501976014,-0.0011033787159249187,0.9999918937683106,-0.0038715617265552284,-0.21150994300842286,-0.004017347004264593,-0.9773675799369812],[-12489.8359375,7.772627830505371,870.5805053710938,-0.9773947596549988,-0.00021365236898418516,0.211422398686409,-0.0010533150052651764,0.9999920129776001,-0.003858881304040551,-0.21141988039016725,-0.003994344733655453,-0.9773871898651123],[-12491.5185546875,7.767935752868652,878.3751220703125,-0.97740638256073,-0.00023274101840797812,0.21136856079101563,-0.0010718971025198699,0.9999920129776001,-0.003855539718642831,-0.2113659679889679,-0.003994994796812534,-0.9773988127708435],[-12493.095703125,7.7722978591918949,885.7030639648438,-0.9774364233016968,-0.00010517532791709527,0.2112298458814621,-0.000961576821282506,0.9999917149543762,-0.003951646853238344,-0.2112276703119278,-0.004065597429871559,-0.9774284362792969],[-12494.6396484375,7.773626804351807,892.8712158203125,-0.9774579405784607,-0.00028453016420826316,0.21113000810146333,-0.0010888351825997234,0.9999926090240479,-0.003693281440064311,-0.2111274003982544,-0.0038399130571633579,-0.9774510264396668],[-12496.09375,7.776737213134766,899.6045532226563,-0.9774802923202515,-0.00018904398893937469,0.21102659404277802,-0.0009907758794724942,0.9999926686286926,-0.0036934744566679,-0.21102435886859895,-0.0038193785585463049,-0.9774733185768127],[-12497.630859375,7.773221015930176,906.7404174804688,-0.9774990081787109,-0.000327662710333243,0.21093983948230744,-0.0010973830940201879,0.9999931454658508,-0.0035319568123668434,-0.2109372466802597,-0.0036839658860117199,-0.9774926900863648],[-12499.1337890625,7.7877068519592289,913.71142578125,-0.9775151014328003,-0.000214477171539329,0.21086537837982179,-0.0010666956659406424,0.9999917149543762,-0.003927793353796005,-0.21086278557777406,-0.004064406733959913,-0.9775072336196899],[-12500.52734375,7.898273944854736,920.2469482421875,-0.9776200652122498,0.0007936446345411241,0.2103767693042755,-0.001031947205774486,0.9999627470970154,-0.008567806333303452,-0.21037572622299195,-0.008593156933784485,-0.9775828123092651],[-12501.892578125,8.01369857788086,926.62158203125,-0.9776571393013,0.0019403246697038413,0.21019698679447175,-0.0010263238800689579,0.9999014139175415,-0.01400365587323904,-0.21020343899726869,-0.013906504027545452,-0.9775587320327759],[-12503.171875,8.1250581741333,932.5928344726563,-0.9776691198348999,0.0030119859147816898,0.210128515958786,-0.0010006407974287868,0.9998192191123962,-0.018987128511071206,-0.21014772355556489,-0.018773391842842103,-0.9774894118309021],[-12504.5263671875,8.24777603149414,938.90087890625,-0.9776620864868164,0.0032565791625529529,0.21015767753124238,-0.0010314893443137408,0.9997935891151428,-0.020291216671466829,-0.2101803869009018,-0.020054727792739869,-0.9774569272994995],[-12505.845703125,8.364341735839844,945.070068359375,-0.9776698350906372,0.003319366369396448,0.21012063324451447,-0.0010731590446084738,0.9997833371162415,-0.020787307992577554,-0.21014410257339478,-0.020548617467284204,-0.977454423904419],[-12507.1474609375,8.474002838134766,951.123291015625,-0.9776703119277954,0.003323859767988324,0.21011823415756226,-0.001075719017535448,0.9997826218605042,-0.020820828154683114,-0.21014177799224854,-0.020581934601068498,-0.9774542450904846],[-12508.3671875,8.583742141723633,956.89453125,-0.9778692126274109,0.0033766995184123518,0.2091899812221527,-0.00109279272146523,0.9997736811637878,-0.021246444433927537,-0.20921438932418824,-0.021004844456911088,-0.9776442050933838],[-12509.1201171875,8.690298080444336,963.0584716796875,-0.9824844598770142,0.0031600981019437315,0.18631786108016969,-0.0009492014651186764,0.9997583627700806,-0.021961985155940057,-0.1863422393798828,-0.02175416238605976,-0.9822440147399902],[-12509.017578125,8.794514656066895,968.8696899414063,-0.990512490272522,0.0019301398424431682,0.13740895688533784,-0.001049467595294118,0.999765932559967,-0.02160848118364811,-0.13741850852966309,-0.021547676995396615,-0.9902786612510681],[-12508.400390625,8.840835571289063,975.0033569335938,-0.9969522356987,0.0016917239408940077,0.07799572497606278,0.00016649585450068116,0.9998087286949158,-0.019557636231184007,-0.07801388949155808,-0.019485043361783029,-0.9967618584632874],[-12508.0390625,8.95661735534668,980.9995727539063,-0.9990038275718689,0.002730089006945491,0.04454073682427406,0.001828234177082777,0.999792754650116,-0.020276052877306939,-0.04458686336874962,-0.0201744232326746,-0.9988017678260803],[-12508.1357421875,9.058055877685547,987.3840942382813,-0.9992871284484863,0.003768458729609847,0.03756428509950638,0.0029993755742907526,0.9997851848602295,-0.020509157329797746,-0.0376335009932518,-0.0203818678855896,-0.9990837574005127],[-12508.3310546875,9.154682159423829,993.6165771484375,-0.9993464946746826,0.0037880931049585344,0.035947199910879138,0.0030610444955527784,0.9997900724411011,-0.020258985459804536,-0.036016397178173068,-0.02013571187853813,-0.9991483092308044],[-12508.5390625,9.258151054382325,999.9432983398438,-0.9993628263473511,0.0038148625753819944,0.03548744320869446,0.003091908758506179,0.9997870326042175,-0.020404718816280366,-0.03555772453546524,-0.020281994715332986,-0.9991617798805237],[-12508.775390625,9.37150764465332,1006.8982543945313,-0.9993633031845093,0.003740493906661868,0.03548191115260124,0.0030128483194857837,0.999784529209137,-0.020538853481411935,-0.03555108979344368,-0.02041887491941452,-0.9991592168807983],[-12509.09765625,9.482414245605469,1013.9552612304688,-0.9992448091506958,0.004117313772439957,0.03863699734210968,0.0033222537022083999,0.9997819066047669,-0.020619377493858339,-0.03871346637606621,-0.020475445315241815,-0.9990405440330505],[-12510.03515625,9.593521118164063,1020.816650390625,-0.9976709485054016,0.009829472750425339,0.06749893724918366,0.008442820981144905,0.9997480511665344,-0.020797939971089364,-0.06768636405467987,-0.020179618149995805,-0.9975025653839111],[-12511.748046875,9.673104286193848,1027.85498046875,-0.9927566051483154,0.017735328525304796,0.11882652342319489,0.015568166971206665,0.9996955990791321,-0.01914159208536148,-0.11912982910871506,-0.017153030261397363,-0.9927304983139038],[-12514.052734375,9.768757820129395,1034.50927734375,-0.9834046363830566,0.022833723574876787,0.17998309433460236,0.019899873062968255,0.9996383190155029,-0.01808968372642994,-0.1803310513496399,-0.014207838103175164,-0.9835033416748047],[-12516.4248046875,9.877958297729493,1040.322509765625,-0.9725425243377686,0.02272816188633442,0.23161272704601289,0.019027849659323694,0.9996533393859863,-0.018198005855083467,-0.23194605112075807,-0.013291241601109505,-0.9726378321647644],[-12518.4716796875,10.051811218261719,1046.2220458984376,-0.9665300250053406,0.02136106975376606,0.2556627690792084,0.016478540375828744,0.9996389150619507,-0.021224645897746087,-0.2560238540172577,-0.016301307827234269,-0.9665330052375794],[-12520.0341796875,10.148116111755371,1051.7744140625,-0.965732216835022,0.0190340057015419,0.25884172320365908,0.014255196787416935,0.9996917843818665,-0.020326849073171617,-0.25914883613586428,-0.015940453857183458,-0.9657058715820313],[-12521.62109375,10.255640983581543,1057.6136474609376,-0.9655313491821289,0.01909039355814457,0.25958573818206789,0.014202275313436985,0.9996849894523621,-0.02069311961531639,-0.2598990201950073,-0.016293147578835489,-0.9654983282089233],[-12523.1474609375,10.364216804504395,1063.2686767578126,-0.9654786586761475,0.01909378543496132,0.2597814202308655,0.014198167249560357,0.999684751033783,-0.020708709955215455,-0.26009491086006167,-0.01630539819598198,-0.9654453992843628],[-12524.623046875,10.461673736572266,1068.7452392578126,-0.9654700756072998,0.0191021915525198,0.2598126530647278,0.014195391908288002,0.9996839165687561,-0.0207492895424366,-0.26012688875198367,-0.016344675794243814,-0.9654361009597778],[-12525.943359375,10.552812576293946,1073.6448974609376,-0.9654713869094849,0.019105490297079088,0.2598075270652771,0.014193760231137276,0.9996835589408875,-0.02076835185289383,-0.2601221203804016,-0.016363603994250299,-0.9654370546340942],[-12527.275390625,10.641878128051758,1078.5948486328126,-0.9654731154441834,0.019112085923552514,0.25980064272880556,0.014191629365086556,0.9996829032897949,-0.02080206386744976,-0.2601158320903778,-0.016396839171648027,-0.965438187122345],[-12528.5654296875,10.730302810668946,1083.3914794921876,-0.9654731154441834,0.019116677343845369,0.2598002552986145,0.014190671034157277,0.9996824860572815,-0.020823286846280099,-0.2601158320903778,-0.01641758531332016,-0.9654378294944763],[-12529.818359375,10.793514251708985,1088.0394287109376,-0.9654731750488281,0.01886475831270218,0.25981852412223818,0.014188351109623909,0.9997020363807678,-0.019862573593854905,-0.2601158320903778,-0.015490385703742504,-0.9654531478881836],[-12530.9814453125,10.836309432983399,1092.3707275390626,-0.9654737114906311,0.01841972954571247,0.2598485052585602,0.01418781466782093,0.9997345805168152,-0.01815241575241089,-0.2601138949394226,-0.01383899711072445,-0.965478777885437],[-12532.1142578125,10.873849868774414,1096.5777587890626,-0.9654734134674072,0.017969636246562005,0.25988101959228518,0.014187643304467202,0.9997645020484924,-0.016421403735876085,-0.2601148784160614,-0.012167329899966717,-0.9655010104179382],[-12533.30859375,10.918693542480469,1101.0147705078126,-0.9654752612113953,0.017572002485394479,0.2599014639854431,0.014189129695296288,0.9997885227203369,-0.014886540360748768,-0.260108083486557,-0.01068481057882309,-0.9655203819274902],[-12534.4111328125,10.960607528686524,1105.0972900390626,-0.9654914736747742,0.01723538152873516,0.25986382365226748,0.014201691374182701,0.9998073577880859,-0.013547287322580815,-0.2600472569465637,-0.009389284066855908,-0.9655502438545227],[-12535.576171875,11.001994132995606,1109.4390869140626,-0.9654739499092102,0.01725214347243309,0.2599276304244995,0.014223916456103325,0.9998073577880859,-0.013526837341487408,-0.26011091470718386,-0.009362619370222092,-0.9655333757400513],[-12536.830078125,11.042720794677735,1114.0880126953126,-0.9654776453971863,0.017219457775354387,0.25991612672805788,0.01423375029116869,0.9998093843460083,-0.013365109451115132,-0.2600966989994049,-0.009204133413732052,-0.9655386805534363],[-12538.0693359375,11.046730995178223,1118.6915283203126,-0.9654808044433594,0.016812622547149659,0.2599310874938965,0.014244991354644299,0.9998294115066528,-0.011758844368159771,-0.26008445024490359,-0.0076502226293087009,-0.9655555486679077],[-12539.3447265625,11.048303604125977,1123.419921875,-0.9654786586761475,0.016281211748719217,0.25997284054756167,0.014248122461140156,0.999851405620575,-0.009703066200017929,-0.26009219884872439,-0.005663978401571512,-0.9655671715736389],[-12540.5869140625,11.045170783996582,1128.0489501953126,-0.9654792547225952,0.015667743980884553,0.2600082755088806,0.014251364395022393,0.999871551990509,-0.0073318276554346088,-0.2600897550582886,-0.00337325525470078,-0.965578556060791],[-12541.6689453125,11.034658432006836,1133.0487060546876,-0.9683445692062378,0.013445417396724224,0.24925503134727479,0.012814129702746868,0.9999092817306519,-0.004155202768743038,-0.24928829073905946,-0.0008296814048662782,-0.9684289693832398],[-12542.1337890625,11.012219429016114,1137.97509765625,-0.9763429760932922,0.008820245042443276,0.21604758501052857,0.008434798568487168,0.9999607801437378,-0.0027060823049396278,-0.2160629779100418,-0.0008197465795092285,-0.9763790965080261],[-12542.6494140625,11.004754066467286,1142.426513671875,-0.9802988171577454,0.008692163042724133,0.19732892513275147,0.008415721356868744,0.9999620914459229,-0.0022394671104848387,-0.1973409205675125,-0.0005346816033124924,-0.9803347587585449],[-12543.4970703125,10.97541618347168,1147.244873046875,-0.9812503457069397,0.008658639155328274,0.1925428956747055,0.008568873628973961,0.9999624490737915,-0.0012989467941224576,-0.19254691898822785,0.00037528385291807353,-0.9812877178192139],[-12544.41015625,10.926885604858399,1151.952880859375,-0.9813867807388306,0.008246855810284615,0.19186457991600038,0.008636735379695893,0.9999619722366333,0.0011958173708990217,-0.19184742867946626,0.0028306429740041496,-0.9814206957817078],[-12545.8447265625,10.89616870880127,1156.6383056640626,-0.9768760204315186,0.009387529455125332,0.21360048651695252,0.010203046724200249,0.999944269657135,0.002715844428166747,-0.21356308460235597,0.004832419101148844,-0.9769173264503479],[-12547.8818359375,10.853915214538575,1161.0982666015626,-0.9665346145629883,0.009673073887825013,0.25635379552841189,0.011348206549882889,0.9999228119850159,0.005055929534137249,-0.2562851011753082,0.007795886602252722,-0.9665697813034058],[-12550.20703125,10.796985626220704,1165.07275390625,-0.9517666697502136,0.010242071934044361,0.3066518008708954,0.012759797275066376,0.9998993277549744,0.006206742953509092,-0.3065573573112488,0.009820185601711274,-0.9518015384674072],[-12552.9990234375,10.773687362670899,1168.581298828125,-0.9285444617271423,0.013085764832794667,0.37099045515060427,0.016500402241945268,0.9998456835746765,0.006031453609466553,-0.3708542585372925,0.011721963994204998,-0.9286171197891235],[-12556.1982421875,10.732488632202149,1171.5335693359376,-0.8954806923866272,0.013551553711295128,0.4448939859867096,0.018589546903967859,0.9998029470443726,0.006962778512388468,-0.44471195340156557,0.014505411498248577,-0.8955561518669128],[-12560.03515625,10.690812110900879,1174.194580078125,-0.848442554473877,0.013418472371995449,0.5291173458099365,0.019730906933546068,0.9997856020927429,0.0062839495949447159,-0.528919517993927,0.01577153429389,-0.8485254049301148],[-12563.876953125,10.699462890625,1176.512451171875,-0.7994686365127564,0.01296502910554409,0.6005679368972778,0.020484765991568567,0.9997739791870117,0.005685998126864433,-0.6003584861755371,0.01684826985001564,-0.7995535135269165],[-12568.1123046875,10.654483795166016,1178.5823974609376,-0.7416208982467651,0.011254606768488884,0.6707248091697693,0.021292168647050859,0.9997503757476807,0.0067671858705580238,-0.670481264591217,0.01929987221956253,-0.7416753768920898],[-12572.42578125,10.63873291015625,1180.0859375,-0.6752125024795532,0.009850789792835713,0.7375574707984924,0.022384269163012506,0.9997239708900452,0.007139874156564474,-0.7372835278511047,0.021330617368221284,-0.6752465963363648],[-12576.9052734375,10.634910583496094,1181.1123046875,-0.6004317402839661,0.009414996020495892,0.7996205687522888,0.02359762415289879,0.9997038245201111,0.005948514677584171,-0.7993277311325073,0.022440822795033456,-0.600476086139679],[-12581.2412109375,10.629217147827149,1181.8912353515626,-0.530358076095581,0.008968266658484936,0.8477263450622559,0.0241746474057436,0.9996973872184753,0.004548243712633848,-0.8474290370941162,0.022905683144927026,-0.530414342880249],[-12585.796875,10.65319538116455,1182.9566650390626,-0.4750998616218567,0.00977359153330326,0.8798776268959045,0.024344637989997865,0.9997015595436096,0.00204057851806283,-0.8795950412750244,0.02238978073000908,-0.4751960039138794],[-12590.15625,10.630046844482422,1184.4974365234376,-0.44863831996917727,0.009051408618688584,0.8936675786972046,0.023834465071558954,0.9997142553329468,0.0018398710526525975,-0.8933955430984497,0.022125525400042535,-0.4487258493900299],[-12594.216796875,10.619513511657715,1186.363037109375,-0.4429139792919159,0.009370654821395874,0.8965151309967041,0.023847533389925958,0.999714732170105,0.0013322968734428287,-0.8962469100952148,0.021969767287373544,-0.4430111050605774],[-12598.474609375,10.600674629211426,1188.3983154296876,-0.4408000707626343,0.00958168599754572,0.8975541591644287,0.02380210906267166,0.9997161626815796,0.0010172133333981038,-0.8972896933555603,0.021812070161104204,-0.4409030079841614],[-12602.634765625,10.578081130981446,1190.424560546875,-0.44003918766975405,0.009282725863158703,0.8979306221008301,0.023825380951166154,0.9997152090072632,0.0013408811064437032,-0.8976624608039856,0.02198357880115509,-0.44013503193855288],[-12607.013671875,10.529787063598633,1192.219970703125,-0.42795902490615847,0.008134930394589901,0.9037615060806274,0.02390792965888977,0.9997114539146423,0.002322550630196929,-0.9034818410873413,0.022601023316383363,-0.4280300438404083],[-12611.9013671875,10.110384941101075,1193.622314453125,-0.3974112272262573,-0.010158447548747063,0.9175844192504883,0.024300700053572656,0.9994715452194214,0.02158978581428528,-0.9173188209533691,0.030877964571118356,-0.39695435762405398],[-12616.625,9.387723922729493,1194.435546875,-0.3555747866630554,-0.04630472883582115,0.9335001111030579,0.023785986006259919,0.9980002045631409,0.05856435000896454,-0.9343451261520386,0.04302822798490524,-0.35376232862472536],[-12621.8740234375,9.538662910461426,1194.767822265625,-0.29562661051750185,-0.040508098900318149,0.9544443488121033,0.004575058352202177,0.9990290999412537,0.04381741210818291,-0.9552925825119019,0.017320232465863229,-0.29515427350997927],[-12627.1884765625,9.3027925491333,1195.0662841796876,-0.24567800760269166,-0.055618032813072208,0.967754602432251,-0.0033815386705100538,0.9983956813812256,0.05652056261897087,-0.9693455696105957,0.01061335951089859,-0.24547193944454194],[-12631.9423828125,9.372730255126954,1195.813720703125,-0.22818130254745484,-0.0324660949409008,0.9730771780014038,-0.022430039942264558,0.9993538856506348,0.02808307856321335,-0.9733602404594421,-0.015418127179145813,-0.22876209020614625],[-12636.8896484375,9.637243270874024,1196.8831787109376,-0.23307159543037415,0.0046522775664925579,0.972448468208313,-0.06268607079982758,0.9978368878364563,-0.019798023626208307,-0.9704370498657227,-0.0655733272433281,-0.2322758138179779],[-12641.427734375,9.958385467529297,1198.0948486328126,-0.2576422095298767,-0.019524702802300454,0.9660431146621704,-0.12183445692062378,0.9924725294113159,-0.01243419200181961,-0.958528459072113,-0.12090091407299042,-0.2580815851688385],[-12645.4853515625,10.372461318969727,1199.506103515625,-0.2856111228466034,-0.027175268158316613,0.9579602479934692,-0.1868937760591507,0.9819848537445068,-0.027864661067724229,-0.9399452209472656,-0.186995267868042,-0.2855446934700012],[-12648.978515625,10.539674758911133,1201.3681640625,-0.3246658146381378,-0.03880373761057854,0.9450324773788452,-0.2342873215675354,0.9713189601898193,-0.0406063087284565,-0.9163523316383362,-0.23459261655807496,-0.32444530725479128],[-12652.068359375,10.359980583190918,1203.7943115234376,-0.37454482913017275,-0.067879319190979,0.924720823764801,-0.2464265078306198,0.9687364101409912,-0.028701210394501687,-0.8938624858856201,-0.23862561583518983,-0.37956246733665469],[-12654.515625,10.74992561340332,1206.064208984375,-0.429699569940567,-0.0728524774312973,0.9000282287597656,-0.232870414853096,0.971964418888092,-0.03250376135110855,-0.8724274635314941,-0.22355680167675019,-0.43461790680885317],[-12657.359375,11.738351821899414,1207.5589599609376,-0.4517543315887451,-0.01956728659570217,0.8919277787208557,-0.17755967378616334,0.9817304611206055,-0.06839516758918762,-0.8742943406105042,-0.18926821649074555,-0.44697535037994387],[-12659.9912109375,11.597328186035157,1209.1519775390626,-0.46602389216423037,-0.027974778786301614,0.8843297958374023,-0.16902223229408265,0.9839073419570923,-0.05794648826122284,-0.8684775233268738,-0.17647583782672883,-0.4632526934146881],[-12662.416015625,10.891237258911133,1210.8336181640626,-0.47444021701812746,-0.0597810260951519,0.8782554864883423,-0.1682724803686142,0.9854525923728943,-0.02382434904575348,-0.8640549182891846,-0.15908946096897126,-0.47759783267974856],[-12664.8115234375,10.978215217590332,1212.549072265625,-0.48644891381263735,-0.045218273997306827,0.872538149356842,-0.1437639594078064,0.9891903400421143,-0.028886232525110246,-0.8618000745773315,-0.1394912153482437,-0.48769131302833559],[-12667.626953125,10.854219436645508,1214.4124755859376,-0.48850196599960329,-0.03495325520634651,0.8718624114990234,-0.11057054996490479,0.9936221241950989,-0.02211770974099636,-0.8655287027359009,-0.10720685124397278,-0.48925116658210757],[-12670.58203125,10.302175521850586,1216.2457275390626,-0.48681560158729555,-0.04473045840859413,0.8723587393760681,-0.08290227502584458,0.9965459704399109,0.004834979306906462,-0.8695618510246277,-0.06996677815914154,-0.4888423681259155],[-12673.7822265625,10.367098808288575,1218.113037109375,-0.4883998930454254,-0.03511862829327583,0.871912956237793,-0.056310366839170459,0.998375654220581,0.008670138195157051,-0.8708011507987976,-0.04486324265599251,-0.4895841181278229],[-12677.052734375,10.333910942077637,1220.0614013671876,-0.48733586072921755,-0.021862488240003587,0.8729408979415894,-0.027963092550635339,0.999564528465271,0.009422803297638893,-0.8727667927742004,-0.019818056374788286,-0.48773497343063357],[-12680.318359375,10.28061580657959,1222.013671875,-0.4874398112297058,-0.009624272584915161,0.8731035590171814,-0.004199337679892778,0.9999535083770752,0.008678124286234379,-0.8731464743614197,0.0005636065034195781,-0.4874575734138489],[-12683.935546875,10.2880277633667,1223.941650390625,-0.48038965463638308,0.003740133484825492,0.8770471811294556,0.019921639934182168,0.999779462814331,0.006648263428360224,-0.8768289089202881,0.020665975287556649,-0.48035821318626406],[-12687.6416015625,10.235054016113282,1225.5450439453126,-0.46052518486976626,0.015003996901214123,0.8875198364257813,0.0474155955016613,0.9988454580307007,0.007717463653534651,-0.8863793611526489,0.0456363670527935,-0.46070489287376406],[-12691.34375,10.207738876342774,1226.647705078125,-0.4289247393608093,0.02163751609623432,0.9030810594558716,0.06369621306657791,0.9979491829872131,0.006342441774904728,-0.9010917544364929,0.06024327129125595,-0.42942333221435549],[-12695.2119140625,10.218517303466797,1227.3031005859376,-0.38651105761528017,0.02167506143450737,0.9220300316810608,0.06589464843273163,0.997817873954773,0.004166074562817812,-0.9199277758598328,0.06236707419157028,-0.38709592819213869],[-12699.125,10.237784385681153,1227.8946533203126,-0.34794315695762637,0.020813705399632455,0.9372845888137817,0.06582289189100266,0.9978287220001221,0.0022769097704440357,-0.9352020621299744,0.06248701363801956,-0.348557710647583],[-12703.2275390625,10.240674018859864,1229.011962890625,-0.33412501215934756,0.01836133562028408,0.942349910736084,0.0602479986846447,0.9981815814971924,0.0019126811530441046,-0.9406012296676636,0.057413771748542789,-0.33462366461753847],[-12707.2470703125,10.252594947814942,1230.13037109375,-0.322611540555954,0.01928131654858589,0.9463350772857666,0.06026935577392578,0.9981821179389954,0.0002085123269353062,-0.9446107149124146,0.057102274149656299,-0.3231871426105499],[-12711.169921875,10.242573738098145,1231.254150390625,-0.3144912123680115,0.01912561245262623,0.9490677118301392,0.060165662318468097,0.9981883764266968,-0.00017848193238023669,-0.9473517537117004,0.05704515799880028,-0.3150721788406372],[-12715.28125,10.221332550048829,1232.5706787109376,-0.3127762973308563,0.018384132534265519,0.949648916721344,0.060133736580610278,0.9981902241706848,0.00048180492012761533,-0.9479213953018189,0.057256631553173068,-0.313315749168396],[-12719.3037109375,10.210033416748047,1233.8817138671876,-0.312165230512619,0.018413007259368898,0.9498493671417236,0.060136955231428149,0.9981900453567505,0.0004137344367336482,-0.9481225609779358,0.05725020170211792,-0.3127075135707855],[-12723.234375,10.207589149475098,1235.16943359375,-0.3120250403881073,0.01934633031487465,0.9498769044876099,0.06015407294034958,0.9981889128684998,-0.0005703003262169659,-0.948167622089386,0.05696101859211922,-0.3126237094402313],[-12727.408203125,10.19635009765625,1236.54443359375,-0.312091201543808,0.01978616788983345,0.949846088886261,0.06