{"DriveData":[[-12732.59375,7.7391581535339359,448.74615478515627,-0.21844148635864259,-0.0035633391235023739,-0.9758435487747192,0.0024772007018327715,0.9999880790710449,-0.004206022713333368,0.9758468866348267,-0.0033361301757395269,-0.2184300571680069],[-12732.59375,7.739171028137207,448.74615478515627,-0.21844150125980378,-0.0035651910584419967,-0.9758435487747192,0.0024776384234428407,0.9999880790710449,-0.004208018537610769,0.9758468866348267,-0.0033369932789355518,-0.2184300720691681],[-12732.583984375,7.739151477813721,448.7486572265625,-0.2184421718120575,-0.003565891645848751,-0.9758433699607849,0.0024775133933871986,0.9999880790710449,-0.004208710510283709,0.9758467674255371,-0.0033370249439030887,-0.21843072772026063],[-12732.5234375,7.740331172943115,448.76239013671877,-0.2184392511844635,-0.00366886705160141,-0.9758436679840088,0.002479380462318659,0.9999876022338867,-0.00431464146822691,0.9758474230766296,-0.0033619748428463938,-0.21842744946479798],[-12732.314453125,7.7426042556762699,448.8094787597656,-0.21844041347503663,-0.003828989574685693,-0.9758427739143372,0.0024799860548228027,0.9999868869781494,-0.004478865768760443,0.9758471250534058,-0.0033984417095780374,-0.21842806041240693],[-12731.908203125,7.743175983428955,448.900146484375,-0.21844083070755006,-0.0038877977058291437,-0.9758424758911133,0.002479994436725974,0.9999866485595703,-0.004539132118225098,0.975847065448761,-0.0034116157330572607,-0.21842826902866364],[-12731.296875,7.744219779968262,449.036865234375,-0.21843917667865754,-0.0039662644267082218,-0.9758425354957581,0.002480423543602228,0.9999862313270569,-0.004619630519300699,0.9758474230766296,-0.0034296109806746246,-0.21842633187770844],[-12730.4609375,7.745293617248535,449.22381591796877,-0.21843716502189637,-0.004069342277944088,-0.9758425354957581,0.002480913884937763,0.9999857544898987,-0.004725360777229071,0.9758478403091431,-0.003453175537288189,-0.21842394769191743],[-12729.375,7.746890068054199,449.4670715332031,-0.21843823790550233,-0.004174672067165375,-0.9758418202400208,0.002481397008523345,0.9999852180480957,-0.004833408631384373,0.975847601890564,-0.003477252321317792,-0.21842466294765473],[-12728.0166015625,7.747944355010986,449.7711486816406,-0.2184361219406128,-0.004247585311532021,-0.9758419990539551,0.002481576520949602,0.999984860420227,-0.00490815844386816,0.9758480787277222,-0.0034937455784529449,-0.2184222787618637],[-12726.3828125,7.748015880584717,450.1365966796875,-0.21843604743480683,-0.004274653736501932,-0.9758418798446655,0.002482321811839938,0.9999847412109375,-0.004936062730848789,0.9758481383323669,-0.003500567749142647,-0.21842209994792939],[-12724.4091796875,7.748104095458984,450.57855224609377,-0.21843473613262177,-0.004293263889849186,-0.9758421182632446,0.0024826752487570049,0.999984622001648,-0.00495520792901516,0.975848376750946,-0.003505088621750474,-0.21842072904109956],[-12722.2470703125,7.748248100280762,451.0625915527344,-0.21843504905700684,-0.004302716348320246,-0.9758419990539551,0.002483466174453497,0.9999845623970032,-0.0049650720320641998,0.9758483171463013,-0.0035080164670944216,-0.21842099726200105],[-12719.8681640625,7.745108604431152,451.5958557128906,-0.21843653917312623,-0.004031023010611534,-0.9758428335189819,0.002474079141393304,0.9999859929084778,-0.004684561397880316,0.9758480191230774,-0.003437591716647148,-0.2184235006570816],[-12717.4560546875,7.739855766296387,452.1337890625,-0.21846210956573487,-0.0035236161202192308,-0.9758390784263611,0.0024813448544591667,0.9999882578849793,-0.004166316706687212,0.975842297077179,-0.0033315755426883699,-0.21845078468322755],[-12715.1943359375,7.74301815032959,452.64019775390627,-0.2184378206729889,-0.003811454866081476,-0.9758434295654297,0.0024850459303706886,0.9999869465827942,-0.004462020006030798,0.9758477210998535,-0.003399689681828022,-0.21842549741268159],[-12712.7060546875,7.743533134460449,453.197509765625,-0.21843872964382173,-0.003816588781774044,-0.9758431911468506,0.002488513244315982,0.9999869465827942,-0.004468060564249754,0.9758474826812744,-0.0034043961204588415,-0.21842637658119203],[-12710.0751953125,7.74752950668335,453.78643798828127,-0.21843373775482179,-0.003854789538308978,-0.975844144821167,0.0024944727774709465,0.9999867081642151,-0.004508522339165211,0.9758486151695252,-0.003419030224904418,-0.21842122077941895],[-12707.2998046875,7.751682281494141,454.4079284667969,-0.21843446791172028,-0.0038794425781816246,-0.9758439064025879,0.0024957952555269005,0.9999865889549255,-0.0045340838842093948,0.9758484363555908,-0.003425906877964735,-0.21842186152935029],[-12704.2578125,7.755970001220703,455.0889892578125,-0.21843193471431733,-0.003893560264259577,-0.9758444428443909,0.002495720051229,0.9999865293502808,-0.004548524972051382,0.9758489727973938,-0.003428977681323886,-0.21841926872730256],[-12701.056640625,7.759995937347412,455.80560302734377,-0.21843257546424867,-0.00392345292493701,-0.975844144821167,0.002496458822861314,0.9999864101409912,-0.004579325206577778,0.9758488535881043,-0.0034364284947514536,-0.21841980516910554],[-12697.8291015625,7.762836933135986,456.5281066894531,-0.21843306720256806,-0.003934331238269806,-0.9758440256118774,0.0024967489298433067,0.9999863505363464,-0.004590539261698723,0.9758487343788147,-0.003439163090661168,-0.21842026710510255],[-12694.5947265625,7.765466213226318,457.2522888183594,-0.2184339463710785,-0.00394062977284193,-0.9758437871932983,0.0024972849059849979,0.9999862909317017,-0.004597116727381945,0.9758485555648804,-0.0034411263186484577,-0.2184211164712906],[-12690.7978515625,7.76754093170166,458.1024169921875,-0.21843618154525758,-0.003967122174799442,-0.9758431911468506,0.0024979901500046255,0.9999861717224121,-0.004624430555850267,0.9758480191230774,-0.0034477896988391878,-0.2184232622385025],[-12687.28515625,7.770267009735107,458.888916015625,-0.21843799948692323,-0.003976167645305395,-0.9758427143096924,0.0024985603522509338,0.9999861717224121,-0.004633833654224873,0.975847601890564,-0.003450407413765788,-0.21842503547668458],[-12683.490234375,7.771549701690674,459.7384948730469,-0.21843798458576203,-0.003991155419498682,-0.9758426547050476,0.0024987729266285898,0.9999860525131226,-0.004649240057915449,0.9758476614952087,-0.003453979967162013,-0.2184249758720398],[-12679.7802734375,7.765418529510498,460.5691223144531,-0.21844080090522767,-0.0034913653507828714,-0.9758439660072327,0.0024895560927689077,0.9999883770942688,-0.0041350312530994419,0.9758470058441162,-0.003332677762955427,-0.2184295654296875],[-12676.162109375,7.764455795288086,461.3755187988281,-0.21831314265727998,-0.0035758984740823509,-0.9758722186088562,0.0024946245830506088,0.9999879598617554,-0.004222340416163206,0.9758755564689636,-0.003356227185577154,-0.21830159425735475],[-12672.0185546875,7.7658586502075199,462.3025817871094,-0.21831361949443818,-0.003584191668778658,-0.9758720993995667,0.0024942008312791588,0.9999879598617554,-0.004230745602399111,0.9758754968643189,-0.0033576502464711668,-0.21830205619335175],[-12667.9345703125,7.766473770141602,463.21612548828127,-0.21831285953521729,-0.003601659554988146,-0.9758721590042114,0.0024932532105594875,0.9999878406524658,-0.004248430486768484,0.9758756756782532,-0.003360583446919918,-0.2183012217283249],[-12664.0859375,7.767841815948486,464.0769958496094,-0.21831516921520234,-0.003628938691690564,-0.9758715629577637,0.0024938241112977268,0.9999877214431763,-0.004276519641280174,0.9758751392364502,-0.003367281286045909,-0.21830344200134278],[-12660.162109375,7.769781112670898,464.954833984375,-0.21831433475017548,-0.003641079878434539,-0.9758716821670532,0.0024942748714238407,0.9999876618385315,-0.00428905850276351,0.9758753180503845,-0.0033704552333801986,-0.21830256283283235],[-12656.162109375,7.772989273071289,465.8496398925781,-0.21831534802913667,-0.003626626217737794,-0.9758715629577637,0.0024945621844381096,0.999987781047821,-0.004274315666407347,0.9758750796318054,-0.0033675208687782289,-0.2183036208152771],[-12651.7451171875,7.771221160888672,466.83795166015627,-0.21831651031970979,-0.0036473253276199104,-0.975871205329895,0.002495748456567526,0.9999876618385315,-0.004295795690268278,0.9758748412132263,-0.003373372368514538,-0.21830470860004426],[-12647.412109375,7.7724480628967289,467.8072204589844,-0.2183174341917038,-0.0036630085669457914,-0.9758709073066711,0.0024959268048405649,0.9999876022338867,-0.0043119098991155628,0.9758746027946472,-0.0033770673908293249,-0.2183055728673935],[-12643.17578125,7.773245811462402,468.755126953125,-0.21831704676151277,-0.0036845749709755184,-0.9758709669113159,0.002496523316949606,0.9999874830245972,-0.004334141034632921,0.9758747220039368,-0.003382501658052206,-0.21830511093139649],[-12638.861328125,7.77567720413208,469.72015380859377,-0.21831847727298737,-0.003698995802551508,-0.9758705496788025,0.002497428795322776,0.9999874234199524,-0.004349126014858484,0.9758743643760681,-0.0033866616431623699,-0.21830648183822633],[-12634.1005859375,7.775972366333008,470.785400390625,-0.2183200865983963,-0.0037074401043355467,-0.9758701920509338,0.002498013898730278,0.9999873638153076,-0.004357915837317705,0.9758740067481995,-0.003389157820492983,-0.21830807626247407],[-12629.248046875,7.776379585266113,471.8710021972656,-0.21832150220870973,-0.003727417904883623,-0.9758697748184204,0.002498748479411006,0.9999873042106628,-0.004378556739538908,0.9758737087249756,-0.003394386265426874,-0.2183094173669815],[-12624.3037109375,7.77744197845459,472.977294921875,-0.2183208167552948,-0.0037450005766004326,-0.97586989402771,0.002499530790373683,0.9999871850013733,-0.004396746400743723,0.9758738279342651,-0.0033991180825978519,-0.21830865740776063],[-12619.6572265625,7.777429580688477,474.0165710449219,-0.21832183003425599,-0.0037708671297878029,-0.9758695363998413,0.002500764327123761,0.9999870657920837,-0.004423531703650951,0.9758736491203308,-0.0034061733167618515,-0.21830958127975465],[-12614.9345703125,7.7796173095703129,475.0733947753906,-0.21832415461540223,-0.003786040237173438,-0.9758689403533936,0.0025013992562890054,0.999987006187439,-0.00443923007696867,0.9758731126785278,-0.003410228993743658,-0.2183118462562561],[-12609.9296875,7.780137062072754,476.19329833984377,-0.21832600235939027,-0.0038040203507989647,-0.9758684635162354,0.0025015301071107389,0.9999869465827942,-0.004457690287381411,0.9758726954460144,-0.003414394101127982,-0.21831363439559937],[-12604.6337890625,7.778317451477051,477.3782653808594,-0.21832717955112458,-0.0038404162041842939,-0.9758680462837219,0.002501984126865864,0.9999867677688599,-0.004495091736316681,0.9758723974227905,-0.0034230072051286699,-0.21831469237804414],[-12599.6611328125,7.783392906188965,478.49078369140627,-0.21832901239395142,-0.0038391377311199905,-0.9758676886558533,0.002501827897503972,0.9999867677688599,-0.0044937534257769588,0.9758720397949219,-0.003422569716349244,-0.21831651031970979],[-12594.607421875,7.780333042144775,479.6214599609375,-0.2183288335800171,-0.0038819769397377969,-0.975867509841919,0.002503026043996215,0.9999865889549255,-0.004537918604910374,0.9758720397949219,-0.003433380275964737,-0.2183161824941635],[-12589.2548828125,7.783504009246826,480.81884765625,-0.2183314710855484,-0.003886263817548752,-0.9758669137954712,0.0025031010154634716,0.9999865293502808,-0.004542337730526924,0.9758714437484741,-0.0034344287123531105,-0.21831880509853364],[-12583.814453125,7.782994747161865,482.03656005859377,-0.21833673119544984,-0.003915904089808464,-0.9758656620979309,0.0025037922896444799,0.9999864101409912,-0.004572884179651737,0.9758702516555786,-0.0034417936112731697,-0.2183239459991455],[-12578.2841796875,7.7845139503479,483.2737731933594,-0.21833659708499909,-0.003925786353647709,-0.9758656024932861,0.002504429779946804,0.9999863505363464,-0.0045831529423594479,0.9758703112602234,-0.003444656962528825,-0.21832379698753358],[-12572.6650390625,7.784283638000488,484.5335693359375,-0.21837270259857179,-0.00396951287984848,-0.9758573770523071,0.0025221030227839948,0.9999861121177673,-0.004632045514881611,0.9758622050285339,-0.0034727253951132299,-0.21835966408252717],[-12567.0146484375,7.785144329071045,486.1150207519531,-0.2310272753238678,-0.003463179338723421,-0.9729411005973816,0.0029036838095635177,0.9999867677688599,-0.004248935263603926,0.9729429483413696,-0.0038067332934588196,-0.2310141623020172],[-12561.46484375,7.767136573791504,488.4300231933594,-0.2706425189971924,-0.0021703275851905348,-0.9626774787902832,0.004461357835680246,0.9999839067459106,-0.0035086784046143295,0.9626695513725281,-0.005244446452707052,-0.2706284821033478],[-12555.892578125,7.7653045654296879,490.8466796875,-0.3029222786426544,-0.0019996915943920614,-0.9530131816864014,0.004234245978295803,0.9999850988388062,-0.0034441384486854078,0.953005850315094,-0.005078598391264677,-0.3029092848300934],[-12550.1552734375,7.7899322509765629,492.8645324707031,-0.3096995949745178,-0.0030095544643700124,-0.9508296847343445,0.0039480747655034069,0.9999822974205017,-0.004451079294085503,0.9508262276649475,-0.005132444202899933,-0.3096822500228882],[-12544.3115234375,7.783596038818359,494.822265625,-0.3114285469055176,-0.002419360913336277,-0.9502664804458618,0.003925441764295101,0.9999849796295166,-0.003832418704405427,0.9502614736557007,-0.004923740401864052,-0.31141436100006106],[-12538.3798828125,7.787160873413086,496.78082275390627,-0.3119923770427704,-0.0027691677678376438,-0.9500805735588074,0.0038728967774659397,0.9999837279319763,-0.004186420701444149,0.950076699256897,-0.004985695239156485,-0.3119765818119049],[-12532.119140625,7.786767482757568,498.8457336425781,-0.3121228516101837,-0.0024375938810408117,-0.9500386118888855,0.0038822246715426447,0.9999850988388062,-0.00384120037779212,0.9500337839126587,-0.004887189716100693,-0.31210875511169436],[-12526.1015625,7.780918121337891,501.1620178222656,-0.32500341534614565,-0.0022664424031972887,-0.9457101225852966,0.00414081709459424,0.9999841451644898,-0.0038195487577468158,0.9457038044929504,-0.0051573789678514,-0.32498887181282046],[-12519.8681640625,7.785459041595459,504.60546875,-0.37255293130874636,-0.0011289847316220403,-0.9280102252960205,0.007105215918272734,0.9999665021896362,-0.004068938083946705,0.9279837608337402,-0.008109607733786106,-0.3725324273109436],[-12514.4296875,7.754902362823486,508.5810546875,-0.43508821725845339,0.0020064054988324644,-0.9003856182098389,0.011532275006175042,0.9999278783798218,-0.0033444517757743599,0.9003139734268189,-0.011838626116514206,-0.43507999181747439],[-12509.01953125,7.720005989074707,512.6217651367188,-0.4813087582588196,0.004068514797836542,-0.8765416741371155,0.011208686977624894,0.999936044216156,-0.0015134300338104368,0.87647944688797,-0.010553308762609959,-0.48132357001304629],[-12503.3837890625,7.759848117828369,516.2876586914063,-0.4982982277870178,0.0022003662306815387,-0.8670029044151306,0.01009092666208744,0.9999437928199768,-0.0032618672121316196,0.8669469952583313,-0.01037424523383379,-0.4982924163341522],[-12497.560546875,7.766155242919922,519.7456665039063,-0.501356303691864,0.0020513939671218397,-0.8652384877204895,0.009850508533418179,0.9999459385871887,-0.0033370356541126968,0.8651848435401917,-0.010196083225309849,-0.5013494491577148],[-12491.646484375,7.772682189941406,523.2034912109375,-0.5020095705986023,0.0015146154910326005,-0.8648607134819031,0.00978722982108593,0.9999443888664246,-0.0039298259653151039,0.8648067116737366,-0.01043740101158619,-0.5019964575767517],[-12485.939453125,7.776952743530273,526.6365356445313,-0.5056993365287781,0.0014505375875160099,-0.862708568572998,0.00992666557431221,0.9999421834945679,-0.004137497395277023,0.8626526594161987,-0.010656149126589299,-0.505684494972229],[-12480.2958984375,7.776205062866211,530.8881225585938,-0.5342382788658142,0.002030665287747979,-0.8453314900398254,0.010356752201914788,0.9999377727508545,-0.004143267869949341,0.8452704548835754,-0.01096838153898716,-0.5342260599136353],[-12475.001953125,7.784419059753418,536.2100830078125,-0.5899802446365356,0.004274256993085146,-0.8074063658714294,0.01295580342411995,0.999907374382019,-0.004173619206994772,0.8073137402534485,-0.012922951020300389,-0.589980959892273],[-12470.28125,7.723989486694336,542.0658569335938,-0.6511947512626648,0.008416935801506043,-0.7588639855384827,0.014899132773280144,0.9998875856399536,-0.0016949642449617386,0.758764386177063,-0.012410166673362255,-0.651246964931488],[-12466.0732421875,7.739007949829102,547.75390625,-0.6977922916412354,0.008629640564322472,-0.7162481546401978,0.01472704391926527,0.9998888969421387,-0.0023005101829767229,0.7161487340927124,-0.012153496965765953,-0.6978418827056885],[-12461.8505859375,7.774176597595215,553.0262451171875,-0.7214588522911072,0.006957945879548788,-0.6924223303794861,0.013407873921096325,0.9999024271965027,-0.003922407049685717,0.6923274993896484,-0.012113766744732857,-0.7214817404747009],[-12457.306640625,7.766221046447754,558.0211181640625,-0.7257604598999023,0.004992369096726179,-0.6879293918609619,0.010095363482832909,0.9999432563781738,-0.0033938514534384014,0.6878734230995178,-0.009408020414412022,-0.7257696986198425],[-12452.66015625,7.756397247314453,562.9971923828125,-0.7268397808074951,0.00519228121265769,-0.6867874264717102,0.010117127560079098,0.9999438524246216,-0.003147321520373225,0.6867325305938721,-0.009235914796590805,-0.7268515229225159],[-12447.359375,7.770090103149414,568.6337890625,-0.7271016836166382,0.004823129158467054,-0.6865128874778748,0.01020265743136406,0.999940812587738,-0.003780738217756152,0.6864539980888367,-0.009753236547112465,-0.72710782289505],[-12442.5869140625,7.771242141723633,573.690185546875,-0.7270734310150147,0.004454092122614384,-0.6865452527999878,0.010200154967606068,0.9999386668205261,-0.004315000027418137,0.6864839196205139,-0.0101401899009943,-0.7270742654800415],[-12437.6552734375,7.771646022796631,579.1044921875,-0.730785071849823,0.004307365044951439,-0.6825940608978272,0.010211885906755925,0.9999371767044067,-0.004622951615601778,0.6825312376022339,-0.010348957031965256,-0.7307831645011902],[-12433.2119140625,7.7897562980651859,585.083251953125,-0.7535465359687805,0.00448614452034235,-0.6573792695999146,0.010334102436900139,0.9999340176582336,-0.00502203032374382,0.657313346862793,-0.010577758774161339,-0.7535431385040283],[-12429.130859375,7.745242595672607,591.7861938476563,-0.7873310446739197,0.006817342713475227,-0.616492748260498,0.011106952093541623,0.9999334216117859,-0.003127302508801222,0.616430401802063,-0.009309577755630017,-0.7873543500900269],[-12425.88671875,7.753658294677734,598.64404296875,-0.8274856209754944,0.010339293628931046,-0.5613917112350464,0.014902670867741108,0.9998826384544373,-0.003551291534677148,0.5612891316413879,-0.011304878629744053,-0.8275426030158997],[-12423.646484375,7.760815620422363,605.57275390625,-0.8716205954551697,0.01648198440670967,-0.4899039566516876,0.02100580558180809,0.9997723698616028,-0.003737182356417179,0.4897308647632599,-0.013548232614994049,-0.8717684149742127],[-12422.2978515625,7.749349594116211,613.0097045898438,-0.9163139462471008,0.02161574363708496,-0.3998768627643585,0.025092067196965219,0.9996791481971741,-0.003459570463746786,0.39967378973960879,-0.013203789480030537,-0.9165623188018799],[-12421.927734375,7.739494800567627,620.5540161132813,-0.9540920257568359,0.024018319323658944,-0.298549085855484,0.026121685281395913,0.9996541142463684,-0.003056379035115242,0.29837241768836977,-0.01071467250585556,-0.9543893933296204],[-12422.037109375,7.693090915679932,628.0812377929688,-0.977881133556366,0.02523626573383808,-0.2076333910226822,0.026021257042884828,0.999660849571228,-0.001049883314408362,0.2075364738702774,-0.006429542787373066,-0.9782061576843262],[-12421.9951171875,7.65131950378418,635.5284423828125,-0.9885254502296448,0.025287143886089326,-0.14892295002937318,0.025436753407120706,0.9996760487556458,0.0009002852602861822,0.1488974690437317,-0.0028981617651879789,-0.9888483881950378],[-12421.4638671875,7.765749931335449,643.1874389648438,-0.9917219281196594,0.018195752054452897,-0.12710830569267274,0.018885096535086633,0.9998127818107605,-0.00422016903758049,0.12700770795345307,-0.006585686933249235,-0.9918798804283142],[-12420.6884765625,7.759206771850586,650.5722045898438,-0.99239581823349,0.011319751851260662,-0.12256614863872528,0.011916514486074448,0.9999204277992249,-0.004136935342103243,0.12250956892967224,-0.005566038191318512,-0.9924517273902893],[-12420.33984375,7.7761006355285648,658.3941650390625,-0.9951393604278565,0.011468512937426567,-0.09780631214380264,0.01195832435041666,0.9999186992645264,-0.004423229489475489,0.09774763137102127,-0.00557132950052619,-0.9951956272125244],[-12420.6083984375,7.7574310302734379,666.0091552734375,-0.9982863068580627,0.011995675042271614,-0.057276464998722079,0.012211231514811516,0.999919593334198,-0.0034149163402616979,0.05723089724779129,-0.004108480177819729,-0.9983525276184082],[-12421.7099609375,7.755064487457275,673.9077758789063,-0.9998791813850403,0.014550682157278061,0.0054700300097465519,0.014533903449773789,0.999889612197876,-0.003094738582149148,-0.005514456890523434,-0.0030148637015372516,-0.9999802708625794],[-12423.8896484375,7.757134914398193,681.5977172851563,-0.9955225586891174,0.020384302362799646,0.09230009466409683,0.020149147137999536,0.9997909069061279,-0.003478976199403405,-0.09235171228647232,-0.001603631186299026,-0.995725154876709],[-12426.7705078125,7.7214579582214359,688.7388305664063,-0.9833925366401672,0.021938852965831758,0.18016065657138825,0.02195356972515583,0.9997571706771851,-0.001912453561089933,-0.1801588535308838,0.002074477029964328,-0.9836353659629822],[-12430.05859375,7.678930759429932,696.0241088867188,-0.9669151902198792,0.021416081115603448,0.25419753789901736,0.021975655108690263,0.9997583031654358,-0.000638526224065572,-0.25414976477622988,0.004968756809830666,-0.9671521186828613],[-12432.8251953125,7.727250099182129,702.8052978515625,-0.956821084022522,0.019291512668132783,0.29003655910491946,0.01943259872496128,0.9998083114624023,-0.002393817761912942,-0.2900271415710449,0.003345708828419447,-0.9570125937461853],[-12435.4208984375,7.739892482757568,709.9776611328125,-0.9526159763336182,0.013867218978703022,0.30385929346084597,0.01364632323384285,0.9999028444290161,-0.0028505476657301189,-0.3038692772388458,0.0014310848200693727,-0.9527126550674439],[-12437.71875,7.774421215057373,716.9691162109375,-0.9521868824958801,0.011103647761046887,0.30531439185142519,0.01021138671785593,0.9999376535415649,-0.004519299603998661,-0.3053455352783203,-0.0011855342891067267,-0.9522408843040466],[-12440.185546875,7.770498275756836,724.6317749023438,-0.9521915912628174,0.011206150986254216,0.3052959740161896,0.01033723447471857,0.9999366402626038,-0.004462596494704485,-0.3053266406059265,-0.0010933305602520705,-0.9522470235824585],[-12442.4833984375,7.768497943878174,731.7720947265625,-0.9522199034690857,0.01115760114043951,0.30520936846733096,0.010281567461788655,0.999937117099762,-0.0044775353744626049,-0.30524012446403506,-0.0011255674762651325,-0.952274739742279],[-12444.9609375,7.761128902435303,739.590576171875,-0.9525553584098816,0.010816228576004506,0.3041731119155884,0.010030422359704972,0.9999411106109619,-0.004145859740674496,-0.30420005321502688,-0.0008981761639006436,-0.9526077508926392],[-12446.833984375,7.796318054199219,746.954833984375,-0.9584112167358398,0.006044814363121986,0.28532683849334719,0.004826820455491543,0.9999759793281555,-0.004971807822585106,-0.2853500545024872,-0.003387815086171031,-0.9584173560142517],[-12448.1953125,7.782331943511963,754.7785034179688,-0.968866229057312,-0.0037274190690368416,0.24755679070949555,-0.004818425513803959,0.999981164932251,-0.003801393788307905,-0.24753797054290772,-0.004875876009464264,-0.9688659310340881],[-12448.8837890625,7.779465198516846,762.6963500976563,-0.9806489944458008,-0.01343782152980566,0.19531239569187165,-0.014203134924173355,0.9998959302902222,-0.002518358873203397,-0.1952582448720932,-0.005243674386292696,-0.9807378649711609],[-12449.1630859375,7.7829108238220219,770.3645629882813,-0.9889609813690186,-0.014736932702362538,0.14744144678115846,-0.01529274694621563,0.9998795986175537,-0.002636786550283432,-0.14738482236862184,-0.004862463567405939,-0.9890672564506531],[-12449.7802734375,7.820926666259766,778.0853881835938,-0.9917126297950745,-0.01260831393301487,0.12785577774047852,-0.013269171118736267,0.9999026656150818,-0.004318284336477518,-0.12778888642787934,-0.005979037377983332,-0.9917833805084229],[-12450.712890625,7.801328659057617,786.192626953125,-0.9921918511390686,-0.011918589472770691,0.12415045499801636,-0.012497215531766415,0.9999143481254578,-0.0038829243276268245,-0.12409354746341706,-0.005404140800237656,-0.9922558069229126],[-12451.6669921875,7.80000638961792,794.037353515625,-0.9922653436660767,-0.01199159026145935,0.1235545352101326,-0.012546091340482235,0.9999144077301025,-0.003710811724886298,-0.12349946796894074,-0.005232236348092556,-0.9923308491706848],[-12452.681640625,7.798872470855713,802.2747802734375,-0.9922958016395569,-0.01196257397532463,0.12331220507621765,-0.012554848566651345,0.9999130964279175,-0.0040270923636853699,-0.12325330823659897,-0.00554423313587904,-0.9923597574234009],[-12453.8759765625,7.806987762451172,810.5665893554688,-0.9913871884346008,-0.010055308230221272,0.13057711720466615,-0.010786065831780434,0.9999298453330994,-0.0048903184942901138,-0.13051879405975343,-0.006256612483412027,-0.9914261102676392],[-12455.59765625,7.7785964012146,818.861572265625,-0.987700343132019,-0.003458993509411812,0.15632055699825288,-0.004156243987381458,0.9999828338623047,-0.004133746959269047,-0.15630358457565309,-0.00473260972648859,-0.9876977205276489],[-12457.580078125,7.7918500900268559,827.5052490234375,-0.9837310910224915,-0.002167975762858987,0.179634228348732,-0.003049153136089444,0.999984622001648,-0.004629431292414665,-0.17962142825126649,-0.005101847928017378,-0.9837225675582886],[-12459.3154296875,7.794751167297363,836.2310180664063,-0.9828003644943237,-0.0021910539362579586,0.18465833365917207,-0.003073815954849124,0.9999851584434509,-0.004494387190788984,-0.18464574217796327,-0.004984691273421049,-0.9827924966812134],[-12460.892578125,7.778280258178711,844.5370483398438,-0.9826568365097046,-0.002358353463932872,0.18541835248470307,-0.0030910917557775976,0.9999884963035584,-0.0036628320813179018,-0.1854075789451599,-0.004172452259808779,-0.9826528429985046],[-12462.515625,7.7827348709106449,853.1354370117188,-0.9826598167419434,-0.002304493449628353,0.18540313839912415,-0.0030800900422036649,0.9999876618385315,-0.0038953805342316629,-0.1853918731212616,-0.004398892633616924,-0.9826548099517822],[-12464.1435546875,7.786177158355713,861.7930908203125,-0.9826834201812744,-0.002237611450254917,0.1852790266275406,-0.003044517245143652,0.9999870657920837,-0.004070693626999855,-0.18526752293109895,-0.004564288537949324,-0.9826775193214417],[-12465.783203125,7.783003330230713,870.5155029296875,-0.9826882481575012,-0.0022319189738482239,0.18525351583957673,-0.0030566172208637,0.9999866485595703,-0.004166250582784414,-0.18524174392223359,-0.0046603744849562649,-0.982681930065155],[-12467.306640625,7.784040451049805,878.619873046875,-0.9826961159706116,-0.0022027920931577684,0.18521206080913545,-0.0029959087260067465,0.9999874830245972,-0.0040024579502642159,-0.18520092964172364,-0.004488077946007252,-0.9826904535293579],[-12468.9619140625,7.7861127853393559,887.4590454101563,-0.9827008843421936,-0.002127228071913123,0.1851874589920044,-0.002929959911853075,0.9999874830245972,-0.004061144310981035,-0.18517649173736573,-0.0045334817841649059,-0.9826948046684265],[-12470.5029296875,7.783132553100586,895.6755981445313,-0.9827274680137634,-0.002159177092835307,0.18504613637924195,-0.0029397003818303348,0.9999879002571106,-0.003943736664950848,-0.18503539264202119,-0.004419598262757063,-0.9827219247817993],[-12472.119140625,7.781766891479492,904.2874145507813,-0.9827483296394348,-0.002102751052007079,0.1849358230829239,-0.0028922522906214,0.9999878406524658,-0.003999391105026007,-0.1849251687526703,-0.004465276375412941,-0.9827424883842468],[-12473.7431640625,7.783537864685059,912.9588012695313,-0.9827738404273987,-0.0021425774320960047,0.18479973077774049,-0.002961696358397603,0.9999869465827942,-0.0041565438732504848,-0.18478842079639436,-0.004632263444364071,-0.9827674031257629],[-12475.4443359375,7.778304100036621,922.0394897460938,-0.9827777147293091,-0.0021910294890403749,0.1847785860300064,-0.002965530613437295,0.9999879598617554,-0.003915249835699797,-0.18476778268814088,-0.004395786672830582,-0.9827723503112793],[-12477.1513671875,7.8029327392578129,931.1748657226563,-0.9828195571899414,-0.0019802323076874019,0.18455830216407777,-0.0029648367781192066,0.9999828338623047,-0.005059112794697285,-0.18454509973526,-0.005519380327314138,-0.982808530330658],[-12478.865234375,7.985378265380859,940.3499145507813,-0.9828506112098694,-0.0004749202053062618,0.1844029426574707,-0.002942858962342143,0.9999097585678101,-0.013109950348734856,-0.18438006937503816,-0.01342779491096735,-0.9827632904052734],[-12480.45703125,8.142584800720215,948.8988037109375,-0.9828874468803406,0.0008110285270959139,0.1842053383588791,-0.0030081162694841625,0.9997863173484802,-0.02045269124209881,-0.1841825544834137,-0.020656803622841836,-0.9826749563217163],[-12482.1357421875,8.32071590423584,957.9157104492188,-0.9828531742095947,0.0011193627724424005,0.18438652157783509,-0.002939197001978755,0.9997594356536865,-0.02173636294901371,-0.18436649441719056,-0.021905602887272836,-0.9826134443283081],[-12483.9052734375,8.489784240722657,967.412841796875,-0.9828657507896423,0.0009846255416050554,0.1843203753232956,-0.0031121482606977226,0.9997545480728149,-0.021935760974884034,-0.18429672718048097,-0.022133540362119676,-0.982621431350708],[-12485.560546875,8.644628524780274,976.292236328125,-0.9829033613204956,0.0008591920486651361,0.18412034213542939,-0.0032471418380737306,0.9997527003288269,-0.021999776363372804,-0.18409371376037599,-0.0222215186804533,-0.9826574921607971],[-12487.375,8.820411682128907,986.0415649414063,-0.9829418063163757,0.0007311259396374226,0.18391527235507966,-0.0033811896573752167,0.9997512698173523,-0.02204524353146553,-0.18388564884662629,-0.022291043773293496,-0.9826948642730713],[-12489.3251953125,8.995357513427735,995.9163208007813,-0.9821197986602783,0.0016652010381221772,0.18824976682662965,-0.0025869477540254595,0.999747097492218,-0.022339854389429094,-0.18823935091495515,-0.022427406162023546,-0.9818670749664307],[-12491.6484375,9.130409240722657,1005.0789184570313,-0.9775457978248596,0.007329792249947786,0.21059542894363404,0.002968777436763048,0.999774694442749,-0.021016718819737436,-0.21070203185081483,-0.01991959474980831,-0.9773473739624023],[-12494.8505859375,9.310919761657715,1014.9561157226563,-0.9673660397529602,0.020984012633562089,0.25251254439353945,0.01597684994339943,0.9996333122253418,-0.02186368964612484,-0.25287875533103945,-0.01711583510041237,-0.9673465490341187],[-12498.724609375,9.457047462463379,1024.29736328125,-0.9512755870819092,0.03495318442583084,0.3063543736934662,0.02958288975059986,0.9993167519569397,-0.02215675637125969,-0.30691948533058169,-0.012014334090054036,-0.951659619808197],[-12503.126953125,9.632491111755371,1033.5345458984376,-0.9338232278823853,0.03768270090222359,0.35574451088905337,0.03180532157421112,0.999243974685669,-0.02235780470073223,-0.35631805658340456,-0.009563668631017208,-0.9343158006668091],[-12507.5146484375,9.854818344116211,1043.3233642578126,-0.9260715842247009,0.03484029695391655,0.3757360577583313,0.028400128707289697,0.9993395805358887,-0.0226668119430542,-0.3762776553630829,-0.010320139117538929,-0.9264494776725769],[-12511.3837890625,10.030975341796875,1052.5772705078126,-0.9251364469528198,0.03197263553738594,0.3782860040664673,0.025197148323059083,0.9994213581085205,-0.02284867875277996,-0.37879765033721926,-0.011606416665017605,-0.9254067540168762],[-12515.4267578125,10.227143287658692,1062.3978271484376,-0.9250805377960205,0.03219661861658096,0.3784037232398987,0.025302130728960038,0.9994111061096191,-0.023179342970252038,-0.37892717123031618,-0.011868338100612164,-0.9253503680229187],[-12519.5224609375,10.4219331741333,1072.3975830078126,-0.9251458048820496,0.032025422900915149,0.378258615732193,0.025181371718645097,0.9994176626205444,-0.02302745170891285,-0.37877580523490908,-0.011778680607676506,-0.9254134893417358],[-12523.6708984375,10.615986824035645,1082.578125,-0.9253947138786316,0.03196309879422188,0.3776545822620392,0.025165893137454988,0.9994204640388489,-0.022920921444892885,-0.37816834449768069,-0.011706884950399399,-0.9256628155708313],[-12527.408203125,10.753621101379395,1092.605224609375,-0.9305199384689331,0.02819342166185379,0.3651544451713562,0.022319333627820016,0.9995447993278503,-0.020298266783356668,-0.36556053161621096,-0.010737938806414605,-0.930725634098053],[-12530.8818359375,10.916666030883789,1103.7186279296876,-0.942923367023468,0.013267883099615574,0.3327454626560211,0.008689424954354763,0.9998460412025452,-0.015244022011756897,-0.33289647102355959,-0.011482576839625836,-0.9428934454917908],[-12533.1708984375,11.059736251831055,1114.072998046875,-0.9597471952438355,-0.010614278726279736,0.2806646525859833,-0.014719774015247822,0.9998131990432739,-0.012523720040917397,-0.2804793119430542,-0.016150925308465959,-0.9597241878509522],[-12534.58203125,11.035441398620606,1124.859375,-0.9765890836715698,-0.03211180865764618,0.21270295977592469,-0.034148599952459338,0.9993993043899536,-0.0059079197235405449,-0.21238547563552857,-0.013033118098974228,-0.9770990610122681],[-12534.97265625,10.921354293823243,1135.482421875,-0.9909940958023071,-0.047685083001852038,0.12512743473052979,-0.04782750830054283,0.998853862285614,0.001867285929620266,-0.12507306039333344,-0.004134064540266991,-0.9921389222145081],[-12534.2744140625,10.908740997314454,1145.79443359375,-0.9976418614387512,-0.0651361495256424,0.021633222699165345,-0.0651058554649353,0.9978761672973633,0.0021023403387516739,-0.021724214777350427,0.0006889333599247038,-0.9997637867927551],[-12532.724609375,10.813740730285645,1155.3621826171876,-0.9937419891357422,-0.07588623464107514,-0.08196445554494858,-0.0766131728887558,0.9970442652702332,0.0057559446431696419,0.08128539472818375,0.011999480426311493,-0.9966186285018921],[-12530.322265625,10.677753448486329,1164.5401611328126,-0.979322612285614,-0.08478696644306183,-0.18368007242679597,-0.08821844309568405,0.9960449934005737,0.010576454922556878,0.18205687403678895,0.026561731472611429,-0.9829291701316834],[-12526.896484375,10.575687408447266,1173.66162109375,-0.9530741572380066,-0.09378504753112793,-0.2878436744213104,-0.1009577214717865,0.9948390126228333,0.010141532868146897,0.28540700674057009,0.038725677877664569,-0.9576237201690674],[-12522.775390625,10.43657112121582,1182.01904296875,-0.9189196228981018,-0.10086728632450104,-0.3813299536705017,-0.11280863732099533,0.9935756921768189,0.009028366766870022,0.37796953320503237,0.05131365731358528,-0.9243949055671692],[-12517.8828125,10.220865249633789,1189.9356689453126,-0.8780477643013,-0.103472501039505,-0.467253178358078,-0.12483564764261246,0.9920656085014343,0.014895898289978505,0.46200448274612429,0.07140916585922241,-0.8839980363845825],[-12512.0048828125,10.030799865722657,1197.563720703125,-0.8254965543746948,-0.09831812232732773,-0.5557778477668762,-0.13009242713451386,0.9913410544395447,0.017856163904070855,0.5492098331451416,0.08704269677400589,-0.831139087677002],[-12505.115234375,9.817560195922852,1204.80517578125,-0.7626780867576599,-0.09076572209596634,-0.6403778195381165,-0.13367702066898347,0.9908472299575806,0.01876637153327465,0.6328132748603821,0.0999165028333664,-0.7678307294845581],[-12498.1357421875,9.590364456176758,1210.8475341796876,-0.6978572010993958,-0.081559918820858,-0.7115780115127564,-0.13683050870895387,0.9903786778450012,0.020676512271165849,0.7030453085899353,0.1117948368191719,-0.7023028135299683],[-12490.2548828125,9.445560455322266,1216.4654541015626,-0.6239472031593323,-0.07664833217859268,-0.7776984572410584,-0.14246073365211488,0.9896585941314697,0.01675751619040966,0.7683715224266052,0.121247299015522,-0.6284140944480896],[-12481.6650390625,9.316109657287598,1222.0191650390626,-0.5608384609222412,-0.07107453048229218,-0.8248688578605652,-0.14393411576747895,0.9895070195198059,0.012602047994732857,0.8153178691864014,0.12579448521137238,-0.5651836395263672],[-12473.3271484375,9.26443099975586,1226.77001953125,-0.509837806224823,-0.06785614043474198,-0.8575901985168457,-0.14530101418495179,0.9893543124198914,0.00809965655207634,0.84791100025177,0.12873823940753938,-0.5142698287963867],[-12463.8486328125,9.161806106567383,1231.3782958984376,-0.45694518089294436,-0.060538146644830707,-0.8874323964118958,-0.14620529115200044,0.9892235398292542,0.007800084073096514,0.8773967623710632,0.13331152498722077,-0.46087193489074709],[-12454.75390625,9.097057342529297,1235.135009765625,-0.4078516960144043,-0.05214781314134598,-0.9115577936172485,-0.1456797569990158,0.9892945289611816,0.008585508912801743,0.9013514518737793,0.13629712164402009,-0.41108235716819765],[-12445.091796875,9.081254959106446,1238.9127197265626,-0.367467999458313,-0.05037270486354828,-0.9286710023880005,-0.14374005794525147,0.9896103143692017,0.0031986848916858436,0.9188612699508667,0.13466264307498933,-0.37089070677757265],[-12435.2470703125,9.042867660522461,1242.799560546875,-0.35189610719680788,-0.04877356439828873,-0.934767484664917,-0.1406220942735672,0.9900625348091126,0.0012789180036634207,0.9254158735275269,0.13189901411533357,-0.3552577793598175],[-12425.0625,9.11619758605957,1246.134033203125,-0.32806557416915896,-0.04796845465898514,-0.9434362649917603,-0.14072316884994508,0.9900479912757874,-0.001404064940288663,0.9341145157814026,0.13230271637439729,-0.3315509557723999],[-12413.265625,9.08617115020752,1249.08935546875,-0.29037410020828249,-0.04176491126418114,-0.956001341342926,-0.1376906931400299,0.9904742240905762,-0.001449008472263813,0.9469552040100098,0.13121172785758973,-0.293358713388443],[-12403.033203125,9.085474014282227,1251.8228759765626,-0.27935585379600527,-0.038883958011865619,-0.9593999981880188,-0.12882913649082185,0.9916631579399109,-0.002679399913176894,0.9515058398246765,0.12285016477108002,-0.28203630447387698],[-12391.822265625,9.100459098815918,1254.9765625,-0.27793440222740176,-0.03650916740298271,-0.9599059820175171,-0.11671526730060578,0.9931574463844299,-0.003979725297540426,0.9534831047058106,0.11092958599328995,-0.2802938222885132],[-12380.912109375,9.180792808532715,1258.10595703125,-0.2780543565750122,-0.03583131730556488,-0.9598968029022217,-0.1079491525888443,0.9941392540931702,-0.005839781370013952,0.9544803500175476,0.1019962728023529,-0.28029271960258486],[-12369.923828125,9.218728065490723,1261.5277099609376,-0.2894167900085449,-0.03343505039811134,-0.9566190838813782,-0.092432901263237,0.9956954717636108,-0.006836047861725092,0.9527298212051392,0.08644460886716843,-0.2912614643573761],[-12358.4970703125,9.273406982421875,1265.6036376953126,-0.31655311584472659,-0.0256268959492445,-0.9482285380363464,-0.06349042057991028,0.9979657530784607,-0.0057756900787353519,0.9464476108551025,0.05837511271238327,-0.31753623485565188],[-12348.015625,9.34462833404541,1269.5538330078126,-0.3381815552711487,-0.016732683405280114,-0.9409320950508118,-0.030796289443969728,0.9995031952857971,-0.006705726962536573,0.9405768513679504,0.026709463447332383,-0.3385288417339325],[-12336.6376953125,9.426332473754883,1273.6259765625,-0.3413226008415222,-0.010323858819901944,-0.9398894906044006,-0.010770837776362896,0.9999169707298279,-0.007071758154779673,0.9398844838142395,0.007709646597504616,-0.34140545129776],[-12325.58984375,9.443082809448243,1277.610595703125,-0.3413720428943634,-0.009058522060513497,-0.939884603023529,-0.006638373