{"DriveData":[[-12738.869140625,7.767581939697266,498.5871276855469,-0.16122017800807954,-0.006241595838218927,-0.9868987202644348,-0.01061984896659851,0.9999330639839172,-0.0045891678892076019,0.9868613481521606,0.009740849025547505,-0.1612756848335266],[-12737.125,7.767717361450195,498.87213134765627,-0.16121919453144074,-0.006280909758061171,-0.98689866065979,-0.010622083209455014,0.9999328851699829,-0.004628646187484264,0.9868614673614502,0.00973669346421957,-0.16127508878707887],[-12735.16796875,7.768494606018066,499.1922302246094,-0.1612207442522049,-0.006316693965345621,-0.9868981838226318,-0.010624507442116738,0.9999327063560486,-0.004664491396397352,0.9868611693382263,0.009733294136822224,-0.16127699613571168],[-12732.9072265625,7.768168926239014,499.5616455078125,-0.16122014820575715,-0.006329546682536602,-0.9868981838226318,-0.010627382434904576,0.999932587146759,-0.004677049815654755,0.9868612289428711,0.009734109044075013,-0.16127654910087586],[-12730.4521484375,7.766133785247803,499.96490478515627,-0.16121640801429749,-0.0061255465261638168,-0.9869000911712647,-0.010657248087227345,0.9999332427978516,-0.004465512465685606,0.986861526966095,0.009797724895179272,-0.16127091646194459],[-12728.0615234375,7.761258125305176,500.3519287109375,-0.16122648119926454,-0.005889018997550011,-0.9868998527526856,-0.010640297085046769,0.9999344348907471,-0.004228529520332813,0.9868600964546204,0.009819156490266323,-0.16127857565879823],[-12725.6015625,7.764621734619141,500.7545166015625,-0.1612050086259842,-0.0060146404430270199,-0.9869025945663452,-0.010641826316714287,0.9999338984489441,-0.004355776123702526,0.9868635535240173,0.009800273925065995,-0.16125835478305818],[-12723.1083984375,7.766005039215088,501.1618347167969,-0.16120003163814546,-0.006053517106920481,-0.986903190612793,-0.010639699175953865,0.9999337196350098,-0.0043955640867352489,0.9868643879890442,0.009791787713766098,-0.16125375032424928],[-12720.37109375,7.772068023681641,501.6091613769531,-0.16119971871376038,-0.006071378476917744,-0.9869031310081482,-0.010640079155564309,0.999933660030365,-0.0044136024080216888,0.986864447593689,0.009789256379008294,-0.16125363111495973],[-12717.369140625,7.7750349044799809,502.0999450683594,-0.16120173037052155,-0.006102465558797121,-0.9869025945663452,-0.010642544366419316,0.9999334812164307,-0.0044446769170463089,0.9868640899658203,0.009786665439605713,-0.16125595569610597],[-12714.205078125,7.77888822555542,502.6170349121094,-0.1612052321434021,-0.006116726901382208,-0.9869019389152527,-0.010644620284438134,0.9999334216117859,-0.004458751995116472,0.9868634939193726,0.009786422364413739,-0.16125960648059846],[-12711.142578125,7.7823028564453129,503.117431640625,-0.16120630502700807,-0.006144397426396608,-0.986901581287384,-0.010646037757396698,0.9999332427978516,-0.004486545920372009,0.9868633151054382,0.009783332236111164,-0.1612609475851059],[-12707.943359375,7.784460067749023,503.6400451660156,-0.1612088531255722,-0.006168675608932972,-0.986901044845581,-0.01064778957515955,0.999933123588562,-0.004510832484811544,0.9868628978729248,0.009781128726899624,-0.16126376390457154],[-12704.46875,7.787994384765625,504.20794677734377,-0.16121132671833039,-0.006206298712641001,-0.9869003891944885,-0.01065031997859478,0.9999329447746277,-0.004548514261841774,0.9868624210357666,0.009777532890439034,-0.16126662492752076],[-12700.849609375,7.78971529006958,504.79937744140627,-0.1612141877412796,-0.006229582708328962,-0.9868997931480408,-0.01065178494900465,0.9999328255653381,-0.004571837373077869,0.9868619441986084,0.009775199927389622,-0.16126970946788789],[-12697.2412109375,7.791245937347412,505.3888854980469,-0.16121132671833039,-0.006256674882024527,-0.9869000911712647,-0.010653592646121979,0.9999326467514038,-0.004599020350724459,0.9868624210357666,0.009772617369890213,-0.16126713156700135],[-12693.1953125,7.79095458984375,506.05133056640627,-0.1612132042646408,-0.006220743525773287,-0.9868999719619751,-0.010670428164303303,0.9999326467514038,-0.004559844732284546,0.9868619441986084,0.00979553908109665,-0.16126872599124909],[-12689.0634765625,7.783205032348633,506.72528076171877,-0.1612456887960434,-0.0057414560578763489,-0.9868975877761841,-0.010668998584151268,0.9999347925186157,-0.00407413300126791,0.9868566393852234,0.009872272610664368,-0.16129642724990846],[-12685.2236328125,7.784820079803467,507.35296630859377,-0.16122831404209138,-0.005785422399640083,-0.9869001507759094,-0.01066921092569828,0.9999346137046814,-0.0041188206523656849,0.9868594408035278,0.00986537616699934,-0.16127949953079225],[-12681.2998046875,7.787158489227295,507.9942932128906,-0.16123121976852418,-0.005798767786473036,-0.9868996143341065,-0.010672541335225106,0.9999344944953919,-0.0041317688301205639,0.9868589639663696,0.009866557084023953,-0.16128255426883698],[-12677.12109375,7.788297653198242,508.6770935058594,-0.1612311154603958,-0.005812094546854496,-0.9868995547294617,-0.010677331127226353,0.9999344348907471,-0.004144489765167236,0.9868589043617249,0.009869232773780823,-0.16128259897232057],[-12673.1708984375,7.786455154418945,509.3222351074219,-0.1612319052219391,-0.0058712223544716839,-0.9868990778923035,-0.01068317610770464,0.9999340772628784,-0.0042034354992210869,0.9868587255477905,0.009865488857030869,-0.16128399968147279],[-12668.802734375,7.790968418121338,510.0361022949219,-0.16123388707637788,-0.005902391858398914,-0.9868986010551453,-0.010684311389923096,0.9999339580535889,-0.004234811291098595,0.9868583679199219,0.009861537255346775,-0.16128629446029664],[-12664.69140625,7.792328834533691,510.7078857421875,-0.1612345278263092,-0.005921146832406521,-0.9868983626365662,-0.010684996843338013,0.9999338388442993,-0.004253695253282785,0.9868582487106323,0.00985916331410408,-0.1612871289253235],[-12660.50390625,7.792945384979248,511.3921203613281,-0.16123461723327638,-0.005931926891207695,-0.9868983030319214,-0.010687057860195637,0.9999337792396545,-0.00426427973434329,0.9868582487106323,0.009859489277005196,-0.1612873375415802],[-12656.05859375,7.793611526489258,512.1185302734375,-0.1612343043088913,-0.005963493604212999,-0.9868981242179871,-0.01068946160376072,0.999933660030365,-0.004295873921364546,0.9868582487106323,0.009856767021119595,-0.1612873524427414],[-12651.5302734375,7.794340133666992,512.8585815429688,-0.1612372100353241,-0.005994728766381741,-0.9868974685668945,-0.010690852999687195,0.9999334812164307,-0.004327265080064535,0.9868577718734741,0.009853060357272625,-0.16129057109355927],[-12646.7294921875,7.7967681884765629,513.6431274414063,-0.16123796999454499,-0.006010791286826134,-0.9868972301483154,-0.010692483745515347,0.9999334216117859,-0.004343265667557716,0.9868576526641846,0.009852083399891854,-0.16129149496555329],[-12642.216796875,7.798102855682373,514.3807983398438,-0.16124077141284944,-0.0060278610326349739,-0.9868966937065125,-0.010694942437112332,0.9999333024024963,-0.004360130522400141,0.9868571758270264,0.009851773269474507,-0.16129449009895326],[-12637.431640625,7.798264503479004,515.1629028320313,-0.16124442219734193,-0.006060226354748011,-0.9868959188461304,-0.010697918012738228,0.999933123588562,-0.0043923999182879929,0.9868565201759338,0.009849481284618378,-0.161298468708992],[-12632.55859375,7.7989044189453129,515.9595336914063,-0.1612451672554016,-0.006093504838645458,-0.9868955612182617,-0.010700207203626633,0.9999329447746277,-0.004425736144185066,0.9868564009666443,0.009846357628703118,-0.16129957139492036],[-12627.59765625,7.801334381103516,516.7703247070313,-0.16124805808067323,-0.006125688552856445,-0.9868949055671692,-0.010701528750360012,0.9999328255653381,-0.004458100069314241,0.9868558645248413,0.009842424653470517,-0.16130277514457704],[-12622.7529296875,7.80294942855835,517.562255859375,-0.16124822199344636,-0.00612094160169363,-0.9868949055671692,-0.010702652856707573,0.9999328255653381,-0.004453104920685291,0.9868558645248413,0.009844338521361351,-0.16130289435386659],[-12617.6181640625,7.80167293548584,518.401123046875,-0.1612471044063568,-0.006139199249446392,-0.986894965171814,-0.010705240070819855,0.9999327063560486,-0.0044711921364068989,0.9868559837341309,0.009843979962170124,-0.16130197048187257],[-12612.3974609375,7.803426742553711,519.25439453125,-0.16124609112739564,-0.006156611256301403,-0.9868950247764587,-0.010706004686653614,0.999932587146759,-0.004488719627261162,0.9868561625480652,0.009841914288699627,-0.1613011360168457],[-12607.302734375,7.8040924072265629,520.0869140625,-0.161244735121727,-0.006173973903059959,-0.9868951439857483,-0.010707936249673367,0.9999325275421143,-0.004506009165197611,0.9868563413619995,0.009841039776802063,-0.16129997372627259],[-12601.9111328125,7.80522346496582,520.9681396484375,-0.16124480962753297,-0.006184697616845369,-0.9868950843811035,-0.010708938352763653,0.9999324679374695,-0.00451671052724123,0.9868563413619995,0.009840302169322968,-0.1613001525402069],[-12596.4287109375,7.805414199829102,521.8640747070313,-0.16124501824378968,-0.006210194434970617,-0.9868948459625244,-0.010711461305618286,0.9999322891235352,-0.004542129579931498,0.9868562817573547,0.009838690049946309,-0.1613006293773651],[-12590.6298828125,7.8054914474487309,522.8114624023438,-0.16124385595321656,-0.006236540153622627,-0.9868949055671692,-0.010713831521570683,0.9999321699142456,-0.004568447824567556,0.9868564605712891,0.009836791083216668,-0.16129973530769349],[-12585.1943359375,7.807657241821289,523.69970703125,-0.16124364733695985,-0.006261470727622509,-0.9868947863578796,-0.01071519497781992,0.999932050704956,-0.004593486897647381,0.9868564605712891,0.009834099560976029,-0.16129978001117707],[-12579.21484375,7.807726860046387,524.6771240234375,-0.16124479472637177,-0.006265699863433838,-0.9868945479393005,-0.010716824792325497,0.9999319911003113,-0.004597493913024664,0.9868562817573547,0.00983505416661501,-0.16130097210407258],[-12573.13671875,7.807969093322754,525.6703491210938,-0.16124510765075684,-0.006284117233008146,-0.9868943691253662,-0.010718830861151219,0.9999318718910217,-0.0046158237382769588,0.9868561625480652,0.009834074415266514,-0.16130147874355317],[-12566.9638671875,7.811769485473633,526.6848754882813,-0.1613926887512207,-0.006306719966232777,-0.9868701100349426,-0.010683060623705387,0.9999321699142456,-0.004643087275326252,0.9868324398994446,0.009793432429432869,-0.1614491045475006],[-12561.220703125,7.79863166809082,527.9628295898438,-0.1761205941438675,-0.005228613968938589,-0.9843547344207764,-0.006890634074807167,0.9999679327011108,-0.004078675992786884,0.984344482421875,0.006064489018172026,-0.17615097761154176],[-12555.0595703125,7.767207622528076,530.0925903320313,-0.2192668616771698,-0.002657670993357897,-0.9756612777709961,0.002688560402020812,0.9999908208847046,-0.0033281620126217605,0.9756612181663513,-0.003352880012243986,-0.21925771236419679],[-12548.873046875,7.7564377784729,532.333984375,-0.2521161735057831,-0.0017180457944050432,-0.9676954746246338,0.0030327006243169309,0.9999921321868897,-0.0025655024219304325,0.9676921963691711,-0.003581535303965211,-0.25210896134376528],[-12543.0390625,7.786638259887695,534.0778198242188,-0.2605537176132202,-0.0031585858669131996,-0.9654541611671448,0.0028468556702136995,0.999987781047821,-0.004039866384118795,0.965455174446106,-0.0038011108990758659,-0.26054152846336367],[-12537.1083984375,7.7824387550354,535.723388671875,-0.2622021734714508,-0.0028931566048413517,-0.9650086164474487,0.0028395899571478369,0.999988853931427,-0.003769573522731662,0.9650087952613831,-0.0037286190781742336,-0.2621910274028778],[-12530.59375,7.778084754943848,537.5067138671875,-0.26267120242118838,-0.0029149684123694898,-0.9648810029029846,0.002837087959051132,0.9999887943267822,-0.0037933767307549717,0.9648812413215637,-0.0037338631227612497,-0.2626599669456482],[-12523.982421875,7.777002811431885,539.3094482421875,-0.26279211044311526,-0.002919352613389492,-0.9648480415344238,0.0028355917893350126,0.9999887943267822,-0.0037979979533702137,0.9648483395576477,-0.0037339990958571436,-0.2627808749675751],[-12517.5419921875,7.779093265533447,541.0637817382813,-0.26279154419898989,-0.00292784976772964,-0.9648482203483582,0.0028349312487989666,0.9999887347221375,-0.00380662246607244,0.9648484587669373,-0.003735626582056284,-0.2627802789211273],[-12511.021484375,7.777045249938965,542.839599609375,-0.26279327273368838,-0.0029596772510558368,-0.9648476243019104,0.0028343244921416046,0.9999886155128479,-0.003839450655505061,0.964847981929779,-0.003743672976270318,-0.26278188824653628],[-12504.4208984375,7.778292179107666,544.63720703125,-0.26279282569885256,-0.0030016640666872265,-0.9648476243019104,0.0028356672264635565,0.9999884366989136,-0.0038833306171000005,0.9648481011390686,-0.003756498219445348,-0.2627812623977661],[-12497.7412109375,7.780704498291016,546.4564208984375,-0.26279380917549136,-0.0030130669474601747,-0.9648473262786865,0.0028370842337608339,0.9999883770942688,-0.0038955388590693475,0.9648478627204895,-0.0037610766012221576,-0.2627822160720825],[-12490.7099609375,7.78062629699707,548.37158203125,-0.2627958655357361,-0.0030259324703365566,-0.9648467302322388,0.0028380698058754207,0.999988317489624,-0.003909149672836065,0.9648472666740418,-0.0037656105123460294,-0.2627842128276825],[-12483.8671875,7.78088903427124,550.2352905273438,-0.2627979516983032,-0.003049985272809863,-0.9648460745811462,0.0028380858711898329,0.9999882578849793,-0.003934091422706842,0.9648467302322388,-0.0037721870467066766,-0.26278620958328249],[-12476.9482421875,7.7844648361206059,552.1298828125,-0.2630838453769684,-0.0030827734153717758,-0.9647680521011353,0.0028815842233598234,0.9999879002571106,-0.00398109620437026,0.964768648147583,-0.0038274223916232588,-0.26307177543640139],[-12470.0625,7.785520076751709,554.4614868164063,-0.28058621287345889,-0.0030263238586485388,-0.9598240256309509,0.003799646394327283,0.9999836683273315,-0.004263701383024454,0.9598212838172913,-0.004843327682465315,-0.2805701494216919],[-12463.3291015625,7.768252849578857,557.8222045898438,-0.3332574665546417,-0.00018457029364071786,-0.9428358674049377,0.008915414102375508,0.9999546408653259,-0.0033470196649432184,0.9427937269210815,-0.009521191008388996,-0.33324068784713747],[-12457.279296875,7.751298904418945,561.7909545898438,-0.3990536034107208,0.003326698672026396,-0.9169215559959412,0.013616805896162987,0.9999046325683594,-0.002298401203006506,0.9168264865875244,-0.013402728363871575,-0.39906084537506106],[-12452.037109375,7.741656303405762,566.1099243164063,-0.4686477482318878,0.0063762422651052479,-0.8833621144294739,0.016595885157585145,0.9998610019683838,-0.0015874214004725218,0.8832292556762695,-0.015404117293655873,-0.468688428401947],[-12447.41015625,7.740641117095947,571.182861328125,-0.550521731376648,0.009103719145059586,-0.8347712159156799,0.019048424437642099,0.9998171925544739,-0.0016585576813668013,0.834603488445282,-0.01681414805352688,-0.5505944490432739],[-12443.5869140625,7.719536304473877,576.3465576171875,-0.6237600445747376,0.01112169399857521,-0.7815367579460144,0.019146423786878587,0.9998161196708679,-0.001053212909027934,0.781381368637085,-0.015620586462318898,-0.6238582730293274],[-12439.67578125,7.683901786804199,581.9710693359375,-0.6835417151451111,0.012937871739268303,-0.729796826839447,0.019006475806236268,0.9998193383216858,-0.00007698469562456012,0.7296639680862427,-0.013923486694693566,-0.683664083480835],[-12436.0009765625,7.734557628631592,587.3954467773438,-0.7247260212898254,0.012030141428112984,-0.6889321208000183,0.019273733720183374,0.9998102784156799,-0.002816413762047887,0.6887674927711487,-0.01531942281872034,-0.7248203754425049],[-12432.6357421875,7.753156661987305,593.3809814453125,-0.7703026533126831,0.013092116452753544,-0.6375440955162048,0.019470078870654107,0.9998059868812561,-0.0029931683093309404,0.6373811960220337,-0.014718678779900074,-0.770408034324646],[-12430.0458984375,7.745556354522705,599.760986328125,-0.8214813470840454,0.014790268614888192,-0.5700435638427734,0.019557327032089235,0.9998062252998352,-0.0022429442033171655,0.5698999166488648,-0.012991064228117466,-0.8216114044189453],[-12428.4619140625,7.753682613372803,606.4527587890625,-0.8757138848304749,0.01575605943799019,-0.4825733006000519,0.019530368968844415,0.9998053312301636,-0.0027975495904684068,0.48243528604507449,-0.011874687857925892,-0.8758511543273926],[-12427.9013671875,7.742692470550537,613.0330810546875,-0.923600971698761,0.017307832837104799,-0.38296425342559817,0.01979338936507702,0.9998008608818054,-0.002550652250647545,0.38284385204315188,-0.009935946203768254,-0.9237596392631531],[-12428.0400390625,7.727088451385498,619.6224975585938,-0.9596637487411499,0.018639490008354188,-0.28053176403045657,0.019766271114349366,0.999803900718689,-0.001187525107525289,0.2804546356201172,-0.006684691645205021,-0.9598439931869507],[-12428.6064453125,7.750598430633545,626.1641235351563,-0.9823154807090759,0.018951013684272767,-0.18627160787582398,0.01987616904079914,0.9997976422309876,-0.0031002569012343885,0.1861751526594162,-0.0067477962002158169,-0.9824934005737305],[-12429.6943359375,7.750508785247803,632.3923950195313,-0.9952712059020996,0.019526252523064615,-0.09515204280614853,0.01988399028778076,0.9997983574867249,-0.002812855876982212,0.09507793188095093,-0.004691556561738253,-0.9954587817192078],[-12431.4794921875,7.734668731689453,638.72509765625,-0.9997844696044922,0.020582500845193864,0.002726194681599736,0.02057497575879097,0.999784529209137,-0.002759600756689906,-0.0027824067510664465,-0.002702914411202073,-0.9999924898147583],[-12433.955078125,7.730471134185791,645.101806640625,-0.9944702386856079,0.020694900304079057,0.10295980423688889,0.020591773092746736,0.999785840511322,-0.0020645337644964458,-0.10298047959804535,0.00006700754602206871,-0.9946833848953247],[-12436.5400390625,7.67726993560791,651.12646484375,-0.9831303954124451,0.020184118300676347,0.1817888766527176,0.020518673583865167,0.9997894763946533,-0.000040363251173403117,-0.18175141513347627,0.0036903840955346824,-0.9833375811576843],[-12438.712890625,7.745720386505127,656.9478759765625,-0.9744550585746765,0.017059367150068284,0.22393368184566499,0.01683478243649006,0.9998540282249451,-0.0029121926054358484,-0.22395068407058717,0.0009320740355178714,-0.9746000170707703],[-12440.513671875,7.772528648376465,663.3992919921875,-0.972328782081604,0.007746138144284487,0.23348820209503175,0.0071447729133069519,0.9999686479568481,-0.003421272849664092,-0.23350737988948823,-0.0016583818942308426,-0.9723536372184753],[-12442.0927734375,7.768510818481445,669.7047729492188,-0.9718199968338013,0.0063056484796106819,0.23563972115516663,0.005671125371009111,0.999978244304657,-0.0033703912049531938,-0.23565585911273957,-0.0019390712259337307,-0.971834659576416],[-12443.591796875,7.764743804931641,675.8350219726563,-0.9716976284980774,0.00621768506243825,0.2361462265253067,0.005628954153507948,0.9999791383743286,-0.0031671642791479828,-0.2361609935760498,-0.0017482697730883957,-0.9717123508453369],[-12444.8251953125,7.7902350425720219,682.3320922851563,-0.9749848246574402,0.004742972552776337,0.2222207933664322,0.003838920034468174,0.9999825358390808,-0.004500031936913729,-0.22223824262619019,-0.0035343749914318325,-0.9749859571456909],[-12445.6748046875,7.793618679046631,689.2144775390625,-0.9809744954109192,0.002776850014925003,0.19411683082580567,0.0020100774709135296,0.99998939037323,-0.004146914463490248,-0.19412629306316377,-0.003677827538922429,-0.9809696674346924],[-12446.8056640625,7.789006233215332,695.8865356445313,-0.982352614402771,0.002822381444275379,0.1870170682668686,0.0020255183335393669,0.9999880194664002,-0.0044518643990159039,-0.18702739477157594,-0.003994493745267391,-0.9823465943336487],[-12448.1005859375,7.78043270111084,702.8974609375,-0.9826433658599854,0.00284153176471591,0.1854829341173172,0.002177927643060684,0.9999904632568359,-0.00378136383369565,-0.1854919046163559,-0.0033117637503892185,-0.9826402068138123],[-12449.3818359375,7.777806758880615,709.7089233398438,-0.9827201962471008,0.0028558194171637298,0.18507526814937592,0.0021766533609479667,0.9999901056289673,-0.003872749162837863,-0.1850845068693161,-0.0034029840026050808,-0.9827167391777039],[-12450.6748046875,7.783133029937744,716.5939331054688,-0.9827572107315064,0.002765218960121274,0.18487989902496339,0.0020642774179577829,0.999989926815033,-0.003983709495514631,-0.1848890483379364,-0.00353337568230927,-0.9827530384063721],[-12451.98046875,7.775942802429199,723.5519409179688,-0.9827759265899658,0.0027875870000571014,0.1847800761461258,0.0020683605689555408,0.9999895095825195,-0.004084979649633169,-0.1847895234823227,-0.0036324281245470049,-0.9827713966369629],[-12453.25,7.776546955108643,730.3016967773438,-0.9827818274497986,0.002829506527632475,0.18474818766117097,0.0020674585830420257,0.9999885559082031,-0.004317300859838724,-0.1847582757472992,-0.003861005650833249,-0.982776403427124],[-12454.5830078125,7.780845642089844,737.4069213867188,-0.9828092455863953,0.0027105293702334167,0.18460388481616975,0.0018861244898289443,0.9999874234199524,-0.004641260020434856,-0.1846141368150711,-0.004213287495076656,-0.9828020334243774],[-12455.87890625,7.7852935791015629,744.2991333007813,-0.9828066825866699,0.0027236647438257934,0.18461734056472779,0.0019191114697605372,0.9999878406524658,-0.0045364974066615109,-0.1846274584531784,-0.0041041988879442219,-0.9828000068664551],[-12457.1845703125,7.7861833572387699,751.2625122070313,-0.9828410744667053,0.0025836715940386059,0.1844363659620285,0.0017652584938332439,0.9999878406524658,-0.004601434338837862,-0.18444602191448213,-0.00419690040871501,-0.9828336834907532],[-12458.5595703125,7.7885565757751469,758.5932006835938,-0.9828460812568665,0.0026841722428798677,0.18440815806388856,0.0018522898899391294,0.9999873042106628,-0.004683210514485836,-0.18441839516162873,-0.004261298105120659,-0.9828385710716248],[-12460.0009765625,7.787975311279297,766.3006591796875,-0.9828957915306091,0.0025604853872209789,0.1841447949409485,0.0017165769822895527,0.9999873042106628,-0.004742118995636702,-0.18415459990501405,-0.0043449099175632,-0.9828876852989197],[-12461.3447265625,7.7865824699401859,773.4892578125,-0.982897162437439,0.002636160934343934,0.1841362714767456,0.001843589823693037,0.9999882578849793,-0.004475331399589777,-0.18414591252803803,-0.004059318918734789,-0.9828905463218689],[-12462.75390625,7.782280921936035,781.0511474609375,-0.9829298257827759,0.002496628323569894,0.18396396934986115,0.001757560414262116,0.9999896883964539,-0.0041804066859185699,-0.1839725226163864,-0.0037857184652239086,-0.9829241037368774],[-12464.240234375,7.775857448577881,788.9927368164063,-0.9829241633415222,0.002582830609753728,0.18399298191070558,0.0018847220344468952,0.9999903440475464,-0.0039689927361905579,-0.18400146067142487,-0.0035544431302696468,-0.9829195141792297],[-12465.677734375,7.774369239807129,796.705078125,-0.9829550385475159,0.0024713038001209499,0.1838293820619583,0.0017747476231306792,0.9999905824661255,-0.00395357608795166,-0.183837428689003,-0.0035599370021373035,-0.9829502105712891],[-12467.189453125,7.779289245605469,804.8013305664063,-0.9829617738723755,0.002561453729867935,0.1837920993566513,0.0018598859896883369,0.9999902844429016,-0.003989464603364468,-0.18380054831504823,-0.0035796589218080045,-0.9829570651054382],[-12468.59375,7.776693820953369,812.3450927734375,-0.9829901456832886,0.002474358305335045,0.18364165723323823,0.001786781009286642,0.9999907612800598,-0.003909501247107983,-0.18364962935447694,-0.003514873795211315,-0.9829854965209961],[-12470.076171875,7.777215957641602,820.2710571289063,-0.9829856157302856,0.0026043967809528114,0.18366409838199616,0.001919442554935813,0.9999905228614807,-0.003907065838575363,-0.18367253243923188,-0.0034880570601671936,-0.9829813241958618],[-12471.56640625,7.777076244354248,828.2687377929688,-0.983013927936554,0.002497772453352809,0.18351386487483979,0.0018185969674959779,0.9999908804893494,-0.00386915379203856,-0.18352185189723969,-0.0034696944057941438,-0.9830095171928406],[-12473.0146484375,7.778027057647705,836.0098876953125,-0.9830103516578674,0.0026720289606601,0.1835308074951172,0.0019373286049813033,0.99998939037323,-0.0041823312640190128,-0.18354003131389619,-0.00375571520999074,-0.9830050468444824],[-12474.5263671875,7.780534744262695,844.1427001953125,-0.9830483198165894,0.0025677219964563848,0.18332858383655549,0.0018520759185776115,0.9999899864196777,-0.004074738826602697,-0.18333721160888673,-0.003666126634925604,-0.9830432534217835],[-12476.0595703125,7.782756805419922,852.3424072265625,-0.9830432534217835,0.002669965848326683,0.1833542287349701,0.001965630566701293,0.9999899864196777,-0.0040230280719697479,-0.183363139629364,-0.003594404086470604,-0.9830386638641357],[-12477.6572265625,7.779072284698486,860.943603515625,-0.9830774664878845,0.0025447956286370756,0.18317262828350068,0.0018783609848469496,0.9999909996986389,-0.003811695147305727,-0.18318067491054536,-0.0034031271934509279,-0.983073353767395],[-12479.208984375,7.7789506912231449,869.2803344726563,-0.9830729961395264,0.002625104272738099,0.18319547176361085,0.001953359693288803,0.999990701675415,-0.0038471727166324856,-0.18320387601852418,-0.0034242048859596254,-0.9830690026283264],[-12480.7685546875,7.774686813354492,877.683349609375,-0.9831236600875855,0.0025450282264500858,0.18292446434497834,0.001881232368759811,0.9999909996986389,-0.00380223267711699,-0.18293249607086183,-0.0033939415588974954,-0.9831196069717407],[-12482.2626953125,7.762445449829102,885.7077026367188,-0.9831109642982483,0.0024345042183995249,0.18299423158168794,0.0019025590736418963,0.9999934434890747,-0.0030824008863419296,-0.18300053477287293,-0.0026821845676749946,-0.983109176158905],[-12483.86328125,7.774298667907715,894.3153076171875,-0.9831352829933167,0.0025824119802564384,0.1828615963459015,0.001944035175256431,0.9999913573265076,-0.003670208156108856,-0.18286949396133424,-0.0032528217416256668,-0.9831318259239197],[-12485.41015625,7.77593994140625,902.641845703125,-0.9831394553184509,0.0026853824965655805,0.18283763527870179,0.0020532135386019947,0.999991238117218,-0.0036467541940510275,-0.1828458309173584,-0.0032098633237183096,-0.9831363558769226],[-12486.90234375,7.777499198913574,910.6847534179688,-0.9831746816635132,0.0027108059730380775,0.1826477199792862,0.0020758179016411306,0.9999911189079285,-0.0036676633171737196,-0.18265603482723237,-0.0032268103677779438,-0.9831715822219849],[-12488.46875,7.777864456176758,919.1143798828125,-0.9831879138946533,0.0027542158495634796,0.18257589638233186,0.002114979550242424,0.9999909400939941,-0.003695824882015586,-0.18258441984653474,-0.0032475460320711138,-0.983184814453125],[-12490.2197265625,7.8923749923706059,927.5548095703125,-0.9817803502082825,0.003975440748035908,0.18997760117053986,0.00229220325127244,0.9999561309814453,-0.009079104289412499,-0.190005362033844,-0.008478219620883465,-0.9817464351654053],[-12492.0966796875,8.049666404724121,936.0252075195313,-0.9800500273704529,0.005471903830766678,0.19867566227912904,0.002215743064880371,0.999859631061554,-0.01660795509815216,-0.19873864948749543,-0.015836413949728013,-0.9799245595932007],[-12493.86328125,8.2150239944458,944.58642578125,-0.979734480381012,0.006248435005545616,0.20020316541194917,0.002022400964051485,0.9997709393501282,-0.021306294947862626,-0.20029044151306153,-0.02046962082386017,-0.979522705078125],[-12495.7041015625,8.387493133544922,953.5810546875,-0.9797060489654541,0.006305847782641649,0.20034055411815644,0.0020665593910962345,0.9997696876525879,-0.02136249840259552,-0.20042911171913148,-0.020514952018857003,-0.9794933795928955],[-12497.5517578125,8.549372673034668,962.6578369140625,-0.9797548651695252,0.0063628931529819969,0.20009973645210267,0.0020925342105329038,0.9997656941413879,-0.0215454138815403,-0.20018993318080903,-0.02069051004946232,-0.97953861951828],[-12499.060546875,8.724355697631836,971.490234375,-0.9819727540016174,0.006325294263660908,0.18891677260398866,0.0021339410450309517,0.9997472167015076,-0.022381408140063287,-0.1890105903148651,-0.021574795246124269,-0.9817380309104919],[-12500.2978515625,8.851480484008789,980.0661010742188,-0.9848121404647827,0.006363787688314915,0.1735067218542099,0.002606866182759404,0.9997573494911194,-0.021872179582715036,-0.173603817820549,-0.021087678149342538,-0.9845897555351257],[-12501.8388671875,9.005587577819825,989.4210205078125,-0.9854508638381958,0.006386950146406889,0.16984058916568757,0.002777044428512454,0.9997653365135193,-0.021483737975358964,-0.16993795335292817,-0.0206995140761137,-0.9852373600006104],[-12503.3173828125,9.166219711303711,998.1242065429688,-0.9855480194091797,0.006267935503274202,0.16928017139434815,0.0027169862296432258,0.9997715353965759,-0.021200256422162057,-0.16937439143657685,-0.0204339399933815,-0.9853399395942688],[-12504.9365234375,9.331517219543457,1007.62548828125,-0.985604465007782,0.006307392381131649,0.16894985735416413,0.0027271059807389976,0.9997669458389282,-0.02141508087515831,-0.169045552611351,-0.020646054297685624,-0.9853919744491577],[-12506.505859375,9.492457389831543,1016.8333129882813,-0.9856499433517456,0.006307445000857115,0.16868428885936738,0.0027204465586692096,0.9997653961181641,-0.021487224847078325,-0.16878025233745576,-0.0207199864089489,-0.9854359030723572],[-12508.021484375,9.641040802001954,1025.7379150390626,-0.985685408115387,0.006324683781713247,0.1684764325618744,0.0027645351365208627,0.999768078327179,-0.021357616409659387,-0.16857244074344636,-0.020586131140589715,-0.9854742884635925],[-12509.740234375,9.818401336669922,1035.832275390625,-0.9857274889945984,0.006335926242172718,0.1682293713092804,0.0028382635209709408,0.9997749328613281,-0.021023357287049295,-0.16832470893859864,-0.02024582214653492,-0.9855236411094666],[-12511.3408203125,9.982934951782227,1045.2471923828126,-0.9857718348503113,0.006292708683758974,0.1679711639881134,0.0028133613523095848,0.9997767210006714,-0.0209439005702734,-0.16806544363498689,-0.020173342898488046,-0.985569417476654],[-12512.9482421875,10.149971961975098,1054.7288818359376,-0.9858189225196838,0.006313304416835308,0.16769357025623322,0.0027903837617486717,0.9997705817222595,-0.02123541757464409,-0.16778917610645295,-0.02046634815633297,-0.9856104254722595],[-12514.4990234375,10.307987213134766,1063.89208984375,-0.9858384132385254,0.006321966648101807,0.16757887601852418,0.0028221639804542066,0.9997730851173401,-0.021114442497491838,-0.16767433285713197,-0.020342493429780008,-0.9856325387954712],[-12516.1904296875,10.483712196350098,1073.885009765625,-0.9858811497688294,0.006418016739189625,0.16732341051101685,0.0028913160786032678,0.9997686743736267,-0.021312247961759568,-0.16742148995399476,-0.020527560263872148,-0.9856716990470886],[-12517.828125,10.649251937866211,1083.5596923828126,-0.9858993291854858,0.0063771470449864868,0.16721795499324799,0.002903894754126668,0.9997751116752625,-0.021007103845477105,-0.1673143208026886,-0.02022530697286129,-0.9856961369514465],[-12519.474609375,10.784053802490235,1093.3006591796876,-0.9858930110931397,0.006003842689096928,0.16726912558078767,0.002828051336109638,0.9998112916946411,-0.019217856228351594,-0.16735294461250306,-0.018473703414201738,-0.9857239723205566],[-12521.0615234375,10.850359916687012,1102.7178955078126,-0.9859362840652466,0.005387553479522467,0.16703473031520844,0.0027495676185935737,0.9998679161071777,-0.0160202793776989,-0.1670989841222763,-0.015335701406002045,-0.9858208298683167],[-12522.779296875,10.936908721923829,1112.9730224609376,-0.9860472083091736,0.004920311737805605,0.16639305651187898,0.0026866442058235409,0.9999032616615295,-0.013646467588841915,-0.1664441078901291,-0.013009022921323777,-0.9859650731086731],[-12524.0419921875,10.951253890991211,1122.92431640625,-0.9885405898094177,0.0040691266767680649,0.15090027451515199,0.002536692889407277,0.9999432563781738,-0.010346381925046444,-0.15093380212783814,-0.009845031425356865,-0.988494873046875],[-12524.732421875,10.93663501739502,1132.9439697265626,-0.9929864406585693,0.0009604886872693896,0.11822424829006195,0.00039124811883084476,0.9999881982803345,-0.004838037304580212,-0.11822749674320221,-0.004757850430905819,-0.992975115776062],[-12524.7177734375,10.92835521697998,1143.3824462890626,-0.9975347518920898,-0.004097978584468365,0.0700545534491539,-0.0042840782552957539,0.9999876618385315,-0.0025064568035304548,-0.0700434222817421,-0.00280039687640965,-0.9975399971008301],[-12524.4892578125,10.832581520080567,1153.47314453125,-0.9993683695793152,-0.004515150096267462,0.03524934500455856,-0.004503025207668543,0.9999897480010986,0.0004233674262650311,-0.03525089472532272,0.00026437133783474565,-0.9993784427642822],[-12523.8466796875,10.735398292541504,1163.992431640625,-0.9999818205833435,-0.005084604490548372,-0.003243558807298541,-0.005100781563669443,0.9999744892120361,0.004998807795345783,0.0032180591952055694,0.005015261471271515,-0.9999822378158569],[-12522.5625,10.637277603149414,1173.6265869140626,-0.9985765218734741,-0.008070308715105057,-0.05272435396909714,-0.008436051197350026,0.9999418258666992,0.006718005519360304,0.05266707018017769,0.007153227925300598,-0.9985865354537964],[-12520.3076171875,10.500645637512207,1183.4527587890626,-0.9925327897071838,-0.01637396402657032,-0.12087415158748627,-0.01758386194705963,0.9998053312301636,0.008949658833444119,0.12070408463478089,0.011008264496922493,-0.9926275014877319],[-12517.2275390625,10.239758491516114,1192.9771728515626,-0.979816198348999,-0.023293016478419305,-0.19853870570659638,-0.02693995088338852,0.9995139837265015,0.01568715274333954,0.19807681441307069,0.020719150081276895,-0.979967474937439],[-12513.296875,9.987533569335938,1202.0380859375,-0.9559621214866638,-0.030774308368563653,-0.2918722331523895,-0.0387532114982605,0.9990154504776001,0.021593671292066575,0.29092034697532656,0.03195371851325035,-0.9562135338783264],[-12508.576171875,9.760857582092286,1210.538818359375,-0.9191665649414063,-0.038942527025938037,-0.3919391930103302,-0.05220317095518112,0.9983662962913513,0.02322937175631523,0.39039427042007449,0.04181213304400444,-0.9196978211402893],[-12503.1396484375,9.53124713897705,1218.3997802734376,-0.869659960269928,-0.05272406339645386,-0.49082762002944949,-0.07289843261241913,0.9970954656600952,0.022056467831134797,0.4882390797138214,0.054962191730737689,-0.8709774613380432],[-12497.0361328125,9.344902038574219,1225.5574951171876,-0.8095213174819946,-0.0679803267121315,-0.5831414461135864,-0.09750743210315705,0.9950464367866516,0.019361963495612146,0.5789365768432617,0.07253454625606537,-0.8121398687362671],[-12490.3662109375,9.177353858947754,1231.971435546875,-0.7415271997451782,-0.08150282502174378,-0.6659539937973023,-0.1218327134847641,0.9924491047859192,0.014197476208209992,0.659768283367157,0.09166279435157776,-0.7458577156066895],[-12483.185546875,8.983793258666993,1237.5810546875,-0.668793261051178,-0.08820363879203797,-0.7381975650787354,-0.14689907431602479,0.9890390634536743,0.014912365935742855,0.7287909388542175,0.11841383576393128,-0.6744197010993958],[-12475.2900390625,8.91367244720459,1242.413330078125,-0.5833203196525574,-0.08259939402341843,-0.8080313801765442,-0.15804444253444673,0.9873442649841309,0.01316346786916256,0.7967178821563721,0.13538338243961335,-0.5889923572540283],[-12467.4365234375,8.896435737609864,1246.095947265625,-0.49401307106018069,-0.07239442318677902,-0.8664352893829346,-0.1603698879480362,0.9870162606239319,0.008968181908130646,0.8545364737510681,0.1433805376291275,-0.49920880794525149],[-12459.1318359375,8.869791984558106,1248.9471435546876,-0.3965229392051697,-0.05967011675238609,-0.9160835146903992,-0.16215607523918153,0.9867473840713501,0.005915696732699871,0.9035900235176086,0.15089422464370728,-0.4009438455104828],[-12451.443359375,8.912409782409668,1250.640869140625,-0.3023950457572937,-0.04779738932847977,-0.9519835114479065,-0.16310857236385346,0.9866055250167847,0.002275306498631835,0.9391234517097473,0.1559647172689438,-0.3061407804489136],[-12443.1875,8.926403999328614,1251.54833984375,-0.19919629395008088,-0.033049557358026507,-0.9794021248817444,-0.16362552344799043,0.9865224957466126,-0.00001075497129932046,0.9662026166915894,0.16025304794311524,-0.20191937685012818],[-12435.7041015625,9.003865242004395,1251.444580078125,-0.0980800986289978,-0.021340811625123025,-0.9949496984481812,-0.1593323051929474,0.9872098565101624,-0.005468146875500679,0.9823408126831055,0.15799131989479066,-0.10022592544555664],[-12428.333984375,9.01982307434082,1250.7994384765626,-0.0057236128486692909,-0.007060696370899677,-0.9999586939811707,-0.1545102745294571,0.9879723787307739,-0.006091667804867029,0.9879745841026306,0.15446901321411134,-0.006745721213519573],[-12421.0029296875,9.04687786102295,1249.9527587890626,0.0648217499256134,0.002623738255351782,-0.9978933930397034,-0.14694342017173768,0.9891205430030823,-0.006944566033780575,0.9870186448097229,0.14708402752876283,0.06450206786394119],[-12412.974609375,9.076677322387696,1249.265869140625,0.09875690191984177,0.0038289360236376526,-0.995104193687439,-0.133088156580925,0.9910596609115601,-0.009394664317369461,0.9861717224121094,0.13336437940597535,0.09838356822729111],[-12405.0927734375,9.142119407653809,1249.170654296875,0.08150734007358551,-0.0009717947687022388,-0.9966722726821899,-0.12058214098215103,0.9926443099975586,-0.010829011909663678,0.9893515706062317,0.12106351554393769,0.08079060912132263],[-12397.125,9.157916069030762,1249.582275390625,0.034852247685194018,-0.004030707757920027,-0.999384343624115,-0.09598284214735031,0.9953557848930359,-0.007361738011240959,0.9947726726531982,0.09618031978607178,0.03430350497364998],[-12388.90234375,9.226799011230469,1250.9068603515626,-0.040736980736255649,-0.009739050641655922,-0.9991224408149719,-0.04450137913227081,0.9989778995513916,-0.007923197001218796,0.9981784224510193,0.0441395565867424,-0.041128747165203097],[-12381.439453125,9.271597862243653,1252.812255859375,-0.11861872673034668,-0.004558384418487549,-0.9929293990135193,0.01133439689874649,0.9999181032180786,-0.0059445141814649109,0.9928751587867737,-0.011959386058151722,-0.11855734884738922],[-12374.0546875,9.156885147094727,1254.9638671875,-0.1742466688156128,0.00315830553881824,-0.9846969842910767,0.041950639337301257,0.999110758304596,-0.0042188228107988838,0.9838080406188965,-0.0420437827706337,-0.17422421276569367],[-12366.65234375,9.146437644958496,1256.884033203125,-0.196915403008461,0.0042228964157402519,-0.9804114103317261,0.04201852157711983,0.9991082549095154,-0.004135981667786837,0.9795196652412415,-0.0420098751783371,-0.19691725075244904],[-12358.943359375,9.199271202087403,1258.9940185546876,-0.21787667274475099,0.0031244896817952396,-0.9759712815284729,0.04174063354730606,0.9991097450256348,-0.0061196498572826389,0.9750832915306091,-0.042070988565683368,-0.2178131341934204],[-12351.53515625,9.210169792175293,1261.21826171875,-0.2386808544397354,0.0039083329029381279,-0.9710901975631714,0.04034258797764778,0.9991685152053833,-0.0058943238109350208,0.9702597260475159,-0.040583156049251559,-0.23864006996154786],[-12343.732421875,9.268294334411621,1263.2991943359376,-0.24353347718715669,0.002749570645391941,-0.9698885679244995,0.036512140184640887,0.9993131160736084,-0.0063350023701786999,0.9692049622535706,-0.036955494433641437,-0.2434666007757187],[-12335.857421875,9.331668853759766,1265.323486328125,-0.2441585212945938,0.0007693718071095645,-0.9697350263595581,0.03273701295256615,0.9994362592697144,-0.007449542637914419,0.9691826105117798,-0.03356509655714035,-0.24404604732990266],[-12327.96875,9.367380142211914,1267.60498046875,-0.2545213997364044,0.0008999714627861977,-0.9670667052268982,0.0319492481648922,0.9994615316390991,-0.007478573825210333,0.9665392637252808,-0.03280051052570343,-0.25441309809684756],[-12320.0771484375,9.38768482208252,1270.13818359375,-0.27086570858955386,0.0018079295987263322,-0.962615430