{"DriveData":[[-12719.1572265625,7.738458156585693,450.63568115234377,-0.20139893889427186,-0.0036292902659624817,-0.9795025587081909,0.001994804013520479,0.9999895691871643,-0.004115357995033264,0.9795072674751282,-0.002782744588330388,-0.2013895958662033],[-12716.8603515625,7.744182586669922,451.10675048828127,-0.2013779878616333,-0.00401254091411829,-0.9795053601264954,0.0020002229139208795,0.9999878406524658,-0.0045076762326061729,0.979511559009552,-0.0028669757302850487,-0.20136751234531403],[-12714.236328125,7.745091915130615,451.6465759277344,-0.2013772875070572,-0.004025867208838463,-0.9795054793357849,0.002005952410399914,0.999987781047821,-0.0045224567875266079,0.9795116782188416,-0.002875561360269785,-0.20136673748493195],[-12711.6787109375,7.74915885925293,452.1724548339844,-0.20137351751327516,-0.0040578339248895649,-0.9795061349868774,0.0020101875998079778,0.9999876022338867,-0.004555951338261366,0.9795124530792236,-0.00288643897511065,-0.20136286318302155],[-12708.8720703125,7.754748821258545,452.7496032714844,-0.20137418806552888,-0.00407485943287611,-0.9795058965682983,0.002010907744988799,0.9999875426292419,-0.004573483020067215,0.9795123338699341,-0.002890677424147725,-0.2013634741306305],[-12705.9189453125,7.757290363311768,453.35699462890627,-0.20137834548950196,-0.004089568741619587,-0.9795050024986267,0.002011345000937581,0.9999874234199524,-0.00458860257640481,0.9795114398002625,-0.0028941675554960968,-0.20136758685112],[-12702.818359375,7.761216640472412,453.99444580078127,-0.2013765126466751,-0.0041009290143847469,-0.9795053005218506,0.0020117450039833786,0.9999874234199524,-0.004600276704877615,0.9795118570327759,-0.0028969026170670988,-0.20136572420597077],[-12699.7041015625,7.763943672180176,454.6349182128906,-0.2013777494430542,-0.004113007336854935,-0.9795050024986267,0.0020122688729315998,0.9999873638153076,-0.0046127187088131908,0.9795116186141968,-0.0028999263886362316,-0.20136691629886628],[-12696.31640625,7.765768527984619,455.3313903808594,-0.20137979090213777,-0.004138145130127668,-0.9795044660568237,0.00201301253400743,0.9999872446060181,-0.004638541489839554,0.9795111417770386,-0.0029058633372187616,-0.20136888325214387],[-12692.78515625,7.768521785736084,456.0574951171875,-0.20138226449489594,-0.004156810697168112,-0.9795039296150208,0.0020141704007983209,0.9999871253967285,-0.004657842684537172,0.9795106649398804,-0.002910894574597478,-0.20137129724025727],[-12688.962890625,7.769613265991211,456.8433837890625,-0.2013835906982422,-0.0041800448670983318,-0.9795035123825073,0.0020162793807685377,0.999987006187439,-0.0046820007264614109,0.9795103669166565,-0.0029178308323025705,-0.20137254893779756],[-12685.30078125,7.772542476654053,457.59619140625,-0.20138181746006013,-0.004195960238575935,-0.9795038104057312,0.0020168328192085029,0.9999869465827942,-0.004698357079178095,0.9795107245445252,-0.002921659266576171,-0.2013707309961319],[-12681.3662109375,7.772380352020264,458.4059143066406,-0.20138101279735566,-0.004006268922239542,-0.9795047640800476,0.00200904393568635,0.9999878406524658,-0.004503095056861639,0.9795109033584595,-0.0028747061733156444,-0.20137052237987519],[-12677.5068359375,7.764848232269287,459.1961364746094,-0.20133180916309358,-0.0036677939351648094,-0.9795162081718445,0.0020098681561648847,0.9999893307685852,-0.004157567862421274,0.9795210361480713,-0.002805749187245965,-0.2013222873210907],[-12673.466796875,7.766378402709961,460.0251159667969,-0.20125813782215119,-0.0038033602759242059,-0.9795308709144592,0.002011630916967988,0.9999887347221375,-0.004296112339943647,0.9795361757278442,-0.002835082123056054,-0.20124822854995728],[-12669.49609375,7.768712997436523,460.84112548828127,-0.2012612521648407,-0.0038117545191198589,-0.9795301556587219,0.0020096192602068187,0.9999887347221375,-0.004304277710616589,0.9795355200767517,-0.0028347671031951906,-0.2012513279914856],[-12665.279296875,7.7683868408203129,461.7076110839844,-0.20126259326934815,-0.0038368096575140955,-0.9795297980308533,0.0020103438291698696,0.9999886155128479,-0.00433000922203064,0.9795352816581726,-0.002840660512447357,-0.20125259459018708],[-12661.3076171875,7.771148681640625,462.5235900878906,-0.20126383006572724,-0.003860611468553543,-0.9795294404029846,0.0020103491842746736,0.9999884963035584,-0.004354313015937805,0.9795349836349487,-0.0028455620631575586,-0.2012537568807602],[-12657.0908203125,7.772186279296875,463.39031982421877,-0.20126543939113618,-0.0038742139004170896,-0.979529082775116,0.0020107515156269075,0.9999884366989136,-0.004368287045508623,0.9795346856117249,-0.002848774893209338,-0.20125532150268556],[-12652.7880859375,7.772187232971191,464.2743225097656,-0.2012670934200287,-0.0039044676814228298,-0.9795286059379578,0.00201165908947587,0.999988317489624,-0.00439936388283968,0.9795343279838562,-0.002855924889445305,-0.2012568861246109],[-12648.4033203125,7.77435827255249,465.1754150390625,-0.20126771926879884,-0.003920839633792639,-0.9795284271240234,0.002011725911870599,0.9999881982803345,-0.0044160932302474979,0.9795342087745667,-0.0028593596071004869,-0.20125746726989747],[-12643.9345703125,7.775175094604492,466.0935363769531,-0.20126871764659882,-0.003942013252526522,-0.9795281291007996,0.0020127599127590658,0.9999881386756897,-0.004437924362719059,0.9795339703559876,-0.002864770358428359,-0.20125839114189149],[-12639.3828125,7.774833679199219,467.0290832519531,-0.20127007365226746,-0.003980347421020269,-0.9795277118682861,0.0020125512965023519,0.9999879598617554,-0.004477020353078842,0.9795337319374085,-0.002872440032660961,-0.20125964283943177],[-12634.55859375,7.778407573699951,468.0202941894531,-0.20127122104167939,-0.003984421491622925,-0.979527473449707,0.0020126693416386844,0.9999879598617554,-0.004481207579374313,0.9795334935188294,-0.0028734030202031137,-0.2012607604265213],[-12630.0234375,7.777994155883789,468.95208740234377,-0.2012724131345749,-0.004008188843727112,-0.9795271158218384,0.0020131750497967006,0.9999878406524658,-0.0045055788941681389,0.9795332551002502,-0.002878808416426182,-0.20126189291477204],[-12625.01953125,7.77938175201416,469.9800720214844,-0.20127242803573609,-0.004033344332128763,-0.9795269966125488,0.0020144402515143158,0.9999877214431763,-0.004531519487500191,0.9795332551002502,-0.002885268535465002,-0.20126181840896607],[-12620.1220703125,7.77937126159668,470.9866027832031,-0.2012738585472107,-0.004061815328896046,-0.9795265793800354,0.002014993457123637,0.9999875426292419,-0.004560703411698341,0.9795329570770264,-0.002891690004616976,-0.2012631744146347],[-12614.9365234375,7.780979156494141,472.0522766113281,-0.20127639174461366,-0.00407847436144948,-0.9795259833335877,0.002015301724895835,0.9999874830245972,-0.004577781539410353,0.9795324206352234,-0.002895439974963665,-0.20126564800739289],[-12609.861328125,7.783632278442383,473.0951843261719,-0.2012760043144226,-0.004079609643667936,-0.9795261025428772,0.002015711972489953,0.9999874830245972,-0.0045790234580636028,0.9795324802398682,-0.0028960900381207468,-0.20126526057720185],[-12604.904296875,7.782969951629639,474.11395263671877,-0.20127709209918977,-0.004092010203748941,-0.9795258045196533,0.0020165019668638708,0.9999874234199524,-0.004591848701238632,0.9795322418212891,-0.002899449784308672,-0.2012663185596466],[-12599.8671875,7.783869743347168,475.1492614746094,-0.20128053426742555,-0.004116135183721781,-0.9795249700546265,0.002016959013417363,0.9999873042106628,-0.0046165818348526958,0.9795315861701965,-0.0029048898722976448,-0.20126967132091523],[-12594.53125,7.783724308013916,476.2455139160156,-0.20127980411052705,-0.004133392591029406,-0.979525089263916,0.0020163902081549169,0.9999872446060181,-0.004634080920368433,0.9795317053794861,-0.0029078517109155657,-0.20126889646053315],[-12589.189453125,7.778107166290283,477.3433532714844,-0.20127947628498078,-0.0037722382694482805,-0.9795265793800354,0.0020081603433936836,0.9999889135360718,-0.004263690207153559,0.9795318245887756,-0.002825239673256874,-0.20126965641975404],[-12583.9814453125,7.776724815368652,478.4142761230469,-0.201304093003273,-0.003464196575805545,-0.9795226454734802,0.002004855079576373,0.9999901652336121,-0.00394860515370965,0.9795267581939697,-0.00275867129676044,-0.2012951672077179],[-12578.9853515625,7.770472526550293,479.4413146972656,-0.20133598148822785,-0.003169978503137827,-0.9795171022415161,0.001998978666961193,0.9999913573265076,-0.003647121135145426,0.9795202016830444,-0.002692330628633499,-0.20132790505886079],[-12574.291015625,7.765461444854736,480.4071044921875,-0.20135927200317384,-0.002795064589008689,-0.9795134663581848,0.0019966026302427055,0.9999926686286926,-0.003263945458456874,0.9795154333114624,-0.0026129246689379217,-0.20135220885276795],[-12569.8154296875,7.75951623916626,481.3276062011719,-0.20137473940849305,-0.0024176687002182009,-0.9795113205909729,0.0019946228712797167,0.9999938607215881,-0.0028782931622117759,0.9795122146606445,-0.0025333710946142675,-0.20136867463588715],[-12566.080078125,7.758908271789551,482.09039306640627,-0.20117855072021485,-0.0026002286467701198,-0.9795511364936829,0.0020039156079292299,0.9999932646751404,-0.003066053381189704,0.9795525074005127,-0.00257976190187037,-0.20117199420928956],[-12562.4765625,7.76392936706543,482.8300476074219,-0.201146200299263,-0.0028337938711047174,-0.9795571565628052,0.0020056599751114847,0.9999925494194031,-0.003304762300103903,0.9795591831207275,-0.0026293988339602949,-0.20113901793956757],[-12558.61328125,7.76644229888916,483.623779296875,-0.20114676654338838,-0.003114605089649558,-0.979556143283844,0.0020089412573724987,0.9999915361404419,-0.0035921072121709587,0.979559063911438,-0.0026904114056378605,-0.20113880932331086],[-12555.0009765625,7.769589424133301,484.365478515625,-0.20114794373512269,-0.003292244393378496,-0.9795553684234619,0.002009323099628091,0.9999908804893494,-0.0037735342048108579,0.9795588254928589,-0.002727281767874956,-0.20113947987556458],[-12551.162109375,7.768091678619385,485.1537780761719,-0.2011485993862152,-0.0033493004739284517,-0.9795550107955933,0.0020091591868549587,0.9999906420707703,-0.003831748850643635,0.9795587062835693,-0.002738832961767912,-0.20113998651504517],[-12547.40234375,7.769867420196533,485.9257507324219,-0.20114871859550477,-0.003364717587828636,-0.9795549511909485,0.002011721720919013,0.9999905824661255,-0.003848013933748007,0.9795586466789246,-0.002744615077972412,-0.20114004611968995],[-12543.5693359375,7.767606258392334,486.7132568359375,-0.20115356147289277,-0.0034150450956076385,-0.979553759098053,0.0020181648433208467,0.9999903440475464,-0.0039007284212857486,0.9795576333999634,-0.002761546289548278,-0.2011447250843048],[-12539.4990234375,7.769416809082031,487.54925537109377,-0.20115549862384797,-0.003481278894469142,-0.9795531630516052,0.00202054250985384,0.9999901056289673,-0.003968837670981884,0.97955721616745,-0.0027775822672992946,-0.2011464685201645],[-12535.34765625,7.7701568603515629,488.40179443359377,-0.2011575847864151,-0.003511163406074047,-0.9795526266098023,0.002022669417783618,0.999989926815033,-0.0039997887797653679,0.9795567989349365,-0.002785898745059967,-0.20114845037460328],[-12531.115234375,7.771316051483154,489.2709655761719,-0.20115897059440614,-0.0035276594571769239,-0.9795522689819336,0.0020242026075720789,0.9999898672103882,-0.00401694793254137,0.9795565009117127,-0.0027908573392778637,-0.20114979147911073],[-12526.6279296875,7.773745059967041,490.1927795410156,-0.20115917921066285,-0.003537079319357872,-0.9795522093772888,0.002024893881753087,0.9999898672103882,-0.004026706796139479,0.9795565009117127,-0.0027934981044381859,-0.20114997029304505],[-12522.2265625,7.771628379821777,491.0965270996094,-0.2011597454547882,-0.0036059727426618339,-0.9795517921447754,0.002025480382144451,0.9999895691871643,-0.00409715948626399,0.9795563817024231,-0.0028082465287297966,-0.2011503428220749],[-12517.744140625,7.775571346282959,492.0171813964844,-0.20116157829761506,-0.003603652585297823,-0.9795514345169067,0.0020269956439733507,0.9999895691871643,-0.004095107316970825,0.9795559644699097,-0.0028093247674405576,-0.20115217566490174],[-12513.013671875,7.775870323181152,493.1712341308594,-0.20854473114013673,-0.0034619863145053388,-0.9780067205429077,0.002148344647139311,0.9999896883964539,-0.003997903782874346,0.9780104756355286,-0.0029348372481763365,-0.20853513479232789],[-12508.7001953125,7.771588325500488,494.854248046875,-0.23968605697155,-0.0029598246328532697,-0.9708459377288818,0.0029823489021509887,0.9999883770942688,-0.0037849650252610447,0.9708458781242371,-0.0038026045076549055,-0.23967444896697999],[-12504.5009765625,7.760073661804199,497.0867614746094,-0.28709128499031069,-0.001923239673487842,-0.9579012989997864,0.00342649151571095,0.9999895095825195,-0.0030346920248121025,0.9578971266746521,-0.004153474234044552,-0.28708168864250185],[-12500.3662109375,7.747639179229736,499.942138671875,-0.3498097062110901,-0.0002084890875266865,-0.9368207454681397,0.005592089146375656,0.999981701374054,-0.0023106366861611606,0.9368040561676025,-0.006047068163752556,-0.3498021364212036],[-12496.6845703125,7.749680042266846,503.1471862792969,-0.41692569851875307,0.0009184714872390032,-0.9089400768280029,0.007760205306112766,0.9999666213989258,-0.0025491099804639818,0.908907413482666,-0.008116351440548897,-0.41691893339157107],[-12492.9091796875,7.743927955627441,506.5769958496094,-0.475007563829422,0.0013563360553234816,-0.8799806833267212,0.007586892694234848,0.9999679327011108,-0.002554077422246337,0.8799490332603455,-0.007889525033533574,-0.47500261664390566],[-12489.083984375,7.75632905960083,509.5562744140625,-0.5045435428619385,0.001034607645124197,-0.8633856177330017,0.007036686409264803,0.9999709725379944,-0.0029138047248125078,0.8633576035499573,-0.007545515429228544,-0.5045361518859863],[-12485.001953125,7.774173736572266,512.1734619140625,-0.5114688277244568,0.0003306044382043183,-0.859301745891571,0.006919288542121649,0.9999690651893616,-0.0037337366957217457,0.8592739701271057,-0.007855447009205819,-0.5114553570747376],[-12480.478515625,7.769603729248047,514.9979858398438,-0.5154787302017212,0.000590086099691689,-0.8569021821022034,0.006926664616912603,0.9999699592590332,-0.003478203434497118,0.8568743467330933,-0.007728413678705692,-0.5154673457145691],[-12476.1552734375,7.765655040740967,518.3331909179688,-0.5379018187522888,0.0008203699253499508,-0.8430070877075195,0.007151559926569462,0.9999679923057556,-0.003590116510167718,0.8429771661758423,-0.007959946058690548,-0.5378904938697815],[-12472.3076171875,7.778674125671387,522.444091796875,-0.5861786603927612,0.001634247018955648,-0.810180127620697,0.008027546107769013,0.9999606013298035,-0.0037910009268671276,0.8101420402526856,-0.008725962601602078,-0.5861687064170837],[-12468.9501953125,7.74924373626709,526.81787109375,-0.6380583643913269,0.0028012427501380445,-0.7699829339981079,0.00791432335972786,0.9999644160270691,-0.0029203984886407854,0.769947350025177,-0.007957277819514275,-0.6380578279495239],[-12465.8427734375,7.748740196228027,531.1453857421875,-0.6803094744682312,0.0030564474873244764,-0.7329186201095581,0.007777709048241377,0.9999651312828064,-0.00304932682774961,0.7328836917877197,-0.0077749136835336689,-0.680309534072876],[-12462.3564453125,7.755085468292236,535.4329223632813,-0.7032278776168823,0.0029103970155119898,-0.7109585404396057,0.007005918771028519,0.9999714493751526,-0.0028362320736050607,0.7109299898147583,-0.006975435186177492,-0.7032281756401062],[-12458.5263671875,7.754558563232422,539.4382934570313,-0.707451581954956,0.002756905509158969,-0.7067564725875855,0.006672231014817953,0.9999738931655884,-0.002778109395876527,0.7067303657531738,-0.006681019905954599,-0.7074514627456665],[-12454.5908203125,7.75429630279541,543.4481201171875,-0.7088361382484436,0.0027615418657660486,-0.7053678035736084,0.006662711501121521,0.9999739527702332,-0.0027805364225059749,0.7053416967391968,-0.006670606788247824,-0.7088360786437988],[-12450.5380859375,7.76356840133667,547.7862548828125,-0.7140594124794006,0.0027713060844689609,-0.700079619884491,0.006819734815508127,0.9999722242355347,-0.0029974684584885837,0.7000519037246704,-0.006914728321135044,-0.7140584588050842],[-12447.2529296875,7.779807090759277,552.3409423828125,-0.7386340498924255,0.002896825782954693,-0.674100399017334,0.007859787903726101,0.9999598264694214,-0.0043150815181434158,0.6740608215332031,-0.008485551923513413,-0.7386271357536316],[-12444.361328125,7.758695602416992,557.580810546875,-0.7763437032699585,0.004415847361087799,-0.6302943825721741,0.008257624693214894,0.9999608993530273,-0.0031653144396841528,0.6302557587623596,-0.007662106305360794,-0.7763497829437256],[-12441.99609375,7.7403564453125,563.153076171875,-0.8183029294013977,0.006119212601333857,-0.5747545957565308,0.009382445365190506,0.9999523162841797,-0.0027120481245219709,0.5747106075286865,-0.007611880544573069,-0.8183213472366333],[-12440.13671875,7.755276203155518,568.7095947265625,-0.8560678362846375,0.006676245480775833,-0.5168203711509705,0.009689009748399258,0.9999481439590454,-0.0031317465472966434,0.5167726874351502,-0.007688465062528849,-0.8560881614685059],[-12438.1220703125,7.73849630355835,574.4647216796875,-0.8813761472702026,0.0073014902882277969,-0.472358763217926,0.009615632705390454,0.9999507069587708,-0.0024850997142493726,0.47231733798980715,-0.006732335779815912,-0.881402850151062],[-12436.052734375,7.759102821350098,580.2239379882813,-0.8979364037513733,0.007297386880964041,-0.4400647282600403,0.009835092350840569,0.9999455809593201,-0.003486527130007744,0.44001534581184389,-0.007458757143467665,-0.897959291934967],[-12434.4921875,7.75471305847168,585.9644165039063,-0.917479932308197,0.007978365756571293,-0.39770200848579409,0.010041533969342709,0.9999447464942932,-0.003105290699750185,0.3976552486419678,-0.006842579692602158,-0.9175093770027161],[-12433.556640625,7.7549333572387699,592.1484985351563,-0.9418838620185852,0.01054655946791172,-0.3357730805873871,0.012194428592920304,0.9999217391014099,-0.0027995146811008455,0.33571726083755495,-0.0067313783802092079,-0.9419387578964233],[-12433.5458984375,7.74931001663208,598.4313354492188,-0.9677335619926453,0.015373563393950463,-0.25150632858276369,0.016579795628786088,0.9998589754104614,-0.0026775826700031759,0.2514296770095825,-0.006761109922081232,-0.9678519368171692],[-12434.2685546875,7.724462032318115,604.443603515625,-0.9866889119148254,0.017334839329123498,-0.16169266402721406,0.01784638501703739,0.9998392462730408,-0.0017117527313530446,0.16163700819015504,-0.004574597347527742,-0.9868396520614624],[-12435.349609375,7.712647438049316,610.4072265625,-0.9967554807662964,0.017673615366220475,-0.07852502912282944,0.017891693860292436,0.9998377561569214,-0.002074427204206586,0.07847562432289124,-0.003472642507404089,-0.9969099760055542],[-12436.6474609375,7.728811264038086,616.5736694335938,-0.9998132586479187,0.018371889367699624,-0.0059962645173072819,0.01838449388742447,0.9998288750648499,-0.0020538826938718559,0.0059575047343969349,-0.0021637375466525556,-0.9999799132347107],[-12438.5009765625,7.7342023849487309,622.6650390625,-0.9972763061523438,0.018377531319856645,0.07142958045005799,0.01826084963977337,0.9998306632041931,-0.0022862537298351528,-0.07145950198173523,-0.0009756619110703468,-0.9974430203437805],[-12440.7138671875,7.741357803344727,628.4032592773438,-0.9892731308937073,0.01861449144780636,0.1448867917060852,0.01836102455854416,0.9998266696929932,-0.0030865296721458437,-0.14491912722587586,-0.00039315110188908875,-0.9894434213638306],[-12442.9970703125,7.710198402404785,634.3849487304688,-0.9794775247573853,0.017792958766222,0.2007663995027542,0.017845943570137025,0.9998395442962647,-0.0015460846479982138,-0.20076170563697816,0.0020685107447206976,-0.9796379208564758],[-12444.7373046875,7.781073570251465,640.2316284179688,-0.9753539562225342,0.012487598694860936,0.22029229998588563,0.011845204047858715,0.9999208450317383,-0.004236840642988682,-0.22032777965068818,-0.001523011946119368,-0.9754247069358826],[-12446.208984375,7.7678680419921879,646.1961669921875,-0.9744971394538879,0.00911908969283104,0.22421443462371827,0.008592166006565094,0.9999575614929199,-0.0033256590832024814,-0.22423523664474488,-0.0013143575051799417,-0.9745341539382935],[-12447.748046875,7.7721357345581059,652.7542724609375,-0.9743161201477051,0.009136090986430645,0.22499911487102509,0.008487778715789318,0.9999565482139587,-0.003848523600026965,-0.2250245064496994,-0.001839935895986855,-0.9743513464927673],[-12449.1767578125,7.770897388458252,658.8900146484375,-0.9743142127990723,0.009195680730044842,0.22500498592853547,0.008521859534084797,0.9999558329582214,-0.003965714946389198,-0.2250315099954605,-0.00194639153778553,-0.9743495583534241],[-12450.6875,7.7672438621521,665.6332397460938,-0.9748282432556152,0.008830219507217408,0.22278226912021638,0.008172993548214436,0.9999591112136841,-0.003871913766488433,-0.22280734777450562,-0.0019536528270691635,-0.9748605489730835],[-12451.6376953125,7.78913688659668,672.2537841796875,-0.9799092411994934,0.004010824952274561,0.19940346479415894,0.0032506361603736879,0.9999861717224121,-0.004139551892876625,-0.19941730797290803,-0.0034081973135471346,-0.9799087047576904],[-12452.14453125,7.768555641174316,679.2586059570313,-0.9866856932640076,-0.0010455679148435593,0.16263526678085328,-0.0015885105822235346,0.9999935626983643,-0.003208403242751956,-0.1626308709383011,-0.0034240332897752525,-0.9866810441017151],[-12452.9140625,7.780253887176514,686.0643310546875,-0.9888229966163635,-0.0010039410553872586,0.14909063279628755,-0.0015415474772453309,0.9999927282333374,-0.003490386763587594,-0.14908604323863984,-0.0036812052130699159,-0.9888173937797546],[-12453.8720703125,7.787044525146484,692.9444580078125,-0.9892827868461609,-0.0009372656350024045,0.14600920677185059,-0.0015104414196684957,0.9999915957450867,-0.0038148004096001388,-0.14600440859794618,-0.003994454629719257,-0.9892758727073669],[-12454.87890625,7.785567760467529,699.9048461914063,-0.989364743232727,-0.0009890086948871613,0.1454525887966156,-0.0015788456657901407,0.9999909996986389,-0.0039398022927343849,-0.14544738829135896,-0.0041275485418736938,-0.9893573522567749],[-12455.9501953125,7.785824775695801,707.2283325195313,-0.9893987774848938,-0.0009569480316713452,0.14522111415863038,-0.0015654057497158647,0.9999904632568359,-0.004075658041983843,-0.14521582424640656,-0.00425978098064661,-0.9893908500671387],[-12456.9931640625,7.7856035232543949,714.3526611328125,-0.989385187625885,-0.0009860869031399489,0.14531353116035462,-0.0016209149034693838,0.9999896287918091,-0.004250342957675457,-0.14530783891677857,-0.004440767224878073,-0.9893765449523926],[-12458.048828125,7.78999137878418,721.5552978515625,-0.9894028306007385,-0.0009726370917633176,0.14519348740577699,-0.001623690826818347,0.9999891519546509,-0.004365607164800167,-0.14518766105175019,-0.004555093124508858,-0.9893936514854431],[-12459.048828125,7.77891206741333,728.4177856445313,-0.9894080758094788,-0.0010963216191157699,0.14515677094459535,-0.0016618244117125869,0.9999914765357971,-0.003774609649553895,-0.14515140652656556,-0.003975854255259037,-0.9894014596939087],[-12460.130859375,7.780911445617676,735.8018798828125,-0.9894236326217651,-0.0010773070389404894,0.14505071938037873,-0.0016830138629302383,0.9999903440475464,-0.0040531824342906479,-0.1450449526309967,-0.004254437051713467,-0.9894159436225891],[-12461.1357421875,7.784562110900879,742.69287109375,-0.989432692527771,-0.0010747197084128857,0.1449887454509735,-0.0016919481568038464,0.9999900460243225,-0.0041338372975587849,-0.14498285949230195,-0.004335467237979174,-0.9894246459007263],[-12462.1953125,7.787398815155029,749.946533203125,-0.9894543290138245,-0.0010686584282666445,0.1448412537574768,-0.0017007511341944337,0.9999895691871643,-0.004240286070853472,-0.1448352038860321,-0.004441908095031977,-0.9894458055496216],[-12463.306640625,7.78798770904541,757.5728149414063,-0.98946213722229,-0.0010510367574170232,0.14478786289691926,-0.001707442570477724,0.9999887943267822,-0.0044093807227909569,-0.14478161931037904,-0.004610132426023483,-0.9894528985023499],[-12464.3466796875,7.787408351898193,764.6859741210938,-0.9894738793373108,-0.001086451462469995,0.1447075754404068,-0.0017500329995527864,0.9999885559082031,-0.004458459559828043,-0.14470107853412629,-0.004664772190153599,-0.9894644021987915],[-12465.4833984375,7.789627552032471,772.4722290039063,-0.9894723892211914,-0.0010879705660045148,0.14471761882305146,-0.0017164024757221342,0.9999896287918091,-0.00421768706291914,-0.14471153914928437,-0.004421678371727467,-0.9894639849662781],[-12466.58203125,7.785245418548584,780.0370483398438,-0.9894760847091675,-0.0012416369281709195,0.14469116926193238,-0.0018535611452534795,0.999989926815033,-0.004094445146620274,-0.14468462765216828,-0.004319549538195133,-0.9894683957099915],[-12467.654296875,7.785731315612793,787.3688354492188,-0.9894706010818481,-0.0011629520449787379,0.14472918212413789,-0.0017720983596518636,0.9999901056289673,-0.004080025013536215,-0.14472301304340363,-0.004293539561331272,-0.9894629120826721],[-12468.8232421875,7.784759044647217,795.3885498046875,-0.9894835948944092,-0.0012410982744768262,0.1446399986743927,-0.0018644656520336867,0.9999895691871643,-0.004174314439296722,-0.14463330805301667,-0.004400091711431742,-0.9894755482673645],[-12469.916015625,7.784359931945801,802.862060546875,-0.9894867539405823,-0.0011765544768422843,0.14461883902549745,-0.0017918930388987065,0.9999898672103882,-0.004124717321246862,-0.14461252093315125,-0.004340494517236948,-0.9894788265228272],[-12471.10546875,7.787924766540527,811.0339965820313,-0.9894979000091553,-0.0012699300423264504,0.14454150199890138,-0.001887761172838509,0.9999896883964539,-0.004137350711971521,-0.14453475177288056,-0.004366759676486254,-0.9894900918006897],[-12472.216796875,7.786559581756592,818.6473388671875,-0.9895001649856567,-0.0012119042221456767,0.14452660083770753,-0.0018120817840099335,0.9999902844429016,-0.004021147731691599,-0.14452031254768372,-0.004240820184350014,-0.9894927740097046],[-12473.3798828125,7.7840118408203129,826.6470336914063,-0.9895129203796387,-0.0012310052989050747,0.14443932473659516,-0.0018595652654767037,0.99998939037323,-0.004216798581182957,-0.14443260431289674,-0.0044411709532141689,-0.9895046949386597],[-12474.603515625,7.78268575668335,835.04296875,-0.9895169734954834,-0.0013043556828051806,0.14441066980361939,-0.001898018061183393,0.9999902844429016,-0.0039732386358082298,-0.1444040834903717,-0.004205681383609772,-0.9895098805427551],[-12475.791015625,7.786046981811523,843.1879272460938,-0.9895066618919373,-0.0013344022445380688,0.14448101818561555,-0.0019462546333670617,0.9999897480010986,-0.004093572031706572,-0.144474059343338,-0.004331813659518957,-0.9894990921020508],[-12476.9873046875,7.779455184936523,851.4031372070313,-0.9894968271255493,-0.0014530342305079103,0.1445472538471222,-0.002068266738206148,0.9999894499778748,-0.004106093198060989,-0.1445397585630417,-0.004361928440630436,-0.9894893765449524],[-12478.14453125,7.78536319732666,859.3552856445313,-0.9894893169403076,-0.0015230359276756645,0.1445980668067932,-0.002157289767637849,0.9999887347221375,-0.004229629412293434,-0.14458999037742616,-0.004497113171964884,-0.9894814491271973],[-12479.3642578125,7.777810096740723,867.7060546875,-0.9895179271697998,-0.0014648301294073463,0.14440259337425233,-0.0020962257403880359,0.9999889135360718,-0.004220415838062763,-0.14439481496810914,-0.004478877410292625,-0.9895099997520447],[-12480.5400390625,7.7788896560668949,875.787109375,-0.9895081520080566,-0.00140372384339571,0.14447014033794404,-0.002033066703006625,0.9999890923500061,-0.004208672791719437,-0.14446265995502473,-0.004458233714103699,-0.9895002245903015],[-12481.767578125,7.772820949554443,884.2042846679688,-0.9895066618919373,-0.0014893023762851954,0.14447961747646333,-0.0020379347261041404,0.999991238117218,-0.0036493767984211447,-0.1444729119539261,-0.0039055226370692255,-0.9895010590553284],[-12482.974609375,7.776453495025635,892.5145263671875,-0.9895061254501343,-0.0013588983565568925,0.1444845348596573,-0.0019230538746342064,0.9999910593032837,-0.003765021450817585,-0.14447812736034394,-0.004003363195806742,-0.9894998669624329],[-12484.357421875,7.783326148986816,900.8511352539063,-0.9885269999504089,-0.001036649919115007,0.15104061365127564,-0.0016955833416432143,0.9999896287918091,-0.004233899991959333,-0.1510346531867981,-0.0044414266012609009,-0.988518476486206],[-12486.130859375,7.760152816772461,909.18505859375,-0.9853600859642029,-0.0007675095112062991,0.17048437893390656,-0.001340558286756277,0.9999938607215881,-0.003246208420023322,-0.17048083245754243,-0.0034272284246981146,-0.985355019569397],[-12488.1611328125,7.77863883972168,917.8504028320313,-0.9817631244659424,-0.0005752168362960219,0.1901075839996338,-0.0012499543372541667,0.9999933242797852,-0.0034293527714908125,-0.19010435044765473,-0.0036044379230588676,-0.9817572832107544],[-12489.8955078125,7.870511531829834,926.2437744140625,-0.9809972643852234,0.00022374768741428852,0.19402144849300385,-0.0013120305957272649,0.9999688267707825,-0.007786970119923353,-0.19401714205741883,-0.007893558591604233,-0.9809663891792297],[-12491.6494140625,8.047389030456543,935.0305786132813,-0.9808807373046875,0.0018136459402740002,0.19460125267505647,-0.0013959967764094473,0.9998652935028076,-0.01635502278804779,-0.19460469484329225,-0.016313990578055383,-0.9807460904121399],[-12493.34375,8.211995124816895,943.5629272460938,-0.9808324575424194,0.0030022221617400648,0.1948298066854477,-0.0013748002238571644,0.9997497797012329,-0.022326767444610597,-0.19484807550907136,-0.022166669368743898,-0.9805828928947449],[-12495.0966796875,8.369336128234864,952.5361328125,-0.9809845685958862,0.002719844924286008,0.19406658411026,-0.0015425654128193856,0.9997609853744507,-0.021809153258800508,-0.19407951831817628,-0.021693803369998933,-0.9807459115982056],[-12496.33203125,8.536571502685547,960.9302978515625,-0.9841243624687195,0.0027479277923703195,0.17745907604694367,-0.0012414444936439396,0.9997490644454956,-0.022365573793649675,-0.17747600376605988,-0.022230811417102815,-0.9838740229606628],[-12497.5830078125,8.662731170654297,969.7662353515625,-0.986258864402771,0.0027098897844552995,0.1651850789785385,-0.0008302713977172971,0.9997715353965759,-0.021358666941523553,-0.1652052253484726,-0.021202323958277704,-0.9860312938690186],[-12499.013671875,8.817413330078125,978.6657104492188,-0.9865821003913879,0.0028639775700867178,0.16324067115783692,-0.00062240578699857,0.9997729063034058,-0.021302174776792527,-0.16326461732387544,-0.02111794799566269,-0.986356258392334],[-12500.41796875,8.972315788269043,987.279052734375,-0.9866567254066467,0.002888671588152647,0.1627885401248932,-0.0006162661593407393,0.9997691512107849,-0.021476007997989656,-0.1628130078315735,-0.021289769560098649,-0.9864272475242615],[-12501.8408203125,9.119407653808594,995.96044921875,-0.9866926670074463,0.002802473958581686,0.16257239878177644,-0.0007139523513615131,0.9997671246528626,-0.02156745456159115,-0.1625949889421463,-0.021396517753601075,-0.9864608645439148],[-12503.3310546875,9.276544570922852,1005.075927734375,-0.9867188930511475,0.002695455215871334,0.16241492331027986,-0.0008467289735563099,0.9997633695602417,-0.021736308932304384,-0.16243508458137513,-0.021585145965218545,-0.986483097076416],[-12504.89453125,9.448058128356934,1014.6337890625,-0.9867367744445801,0.002569320145994425,0.16230805218219758,-0.0009987971279770136,0.9997597336769104,-0.021898189559578897,-0.16232530772686006,-0.02176986262202263,-0.9864971041679382],[-12506.34375,9.603811264038086,1023.5262451171875,-0.9867607951164246,0.0024572028778493406,0.1621638536453247,-0.0011228099465370179,0.9997577667236328,-0.02198117785155773,-0.16217859089374543,-0.02187224291265011,-0.9865189790725708],[-12507.8681640625,9.764376640319825,1032.859375,-0.9867744445800781,0.0023574254009872677,0.16208229959011079,-0.0012327084550634027,0.9997562170028687,-0.022045934572815896,-0.16209475696086884,-0.021954163908958436,-0.9865309596061707],[-12509.46484375,9.929422378540039,1042.6414794921876,-0.98680579662323,0.0022977031767368318,0.16189223527908326,-0.0013135537737980486,0.9997527599334717,-0.022195983678102495,-0.16190321743488313,-0.022115780040621759,-0.9865587949752808],[-12511.009765625,10.101897239685059,1052.1192626953126,-0.9868305921554565,0.0021652288269251587,0.16174255311489106,-0.0014473211485892535,0.9997521638870239,-0.022214025259017946,-0.16175056993961335,-0.022155573591589929,-0.9865829348564148],[-12512.50390625,10.263191223144532,1061.2833251953126,-0.9868590235710144,0.0020412912126630546,0.16157075762748719,-0.0015692256856709719,0.9997519850730896,-0.0222155898809433,-0.1615760326385498,-0.02217719703912735,-0.9866110682487488],[-12514.0693359375,10.431046485900879,1070.895751953125,-0.986878514289856,0.001897851238027215,0.1614534705877304,-0.0017038548830896617,0.9997528195381165,-0.02216663397848606,-0.16145563125610352,-0.02215086854994297,-0.9866313338279724],[-12515.7021484375,10.605362892150879,1080.96435546875,-0.9869053363800049,0.0017146060708910227,0.16129127144813538,-0.0018843209836632014,0.9997527003288269,-0.022157607600092889,-0.16128937900066377,-0.02217138558626175,-0.9866580963134766],[-12517.2294921875,10.733197212219239,1090.3212890625,-0.9869104027748108,0.0014449231093749405,0.16126307845115663,-0.0019431442487984896,0.9997807145118713,-0.02084987796843052,-0.16125784814357758,-0.020890317857265474,-0.9866911768913269],[-12518.7607421875,10.818318367004395,1099.74072265625,-0.9869264960289002,0.0008268057717941701,0.1611688882112503,-0.00200090603902936,0.9998469352722168,-0.017381928861141206,-0.16115859150886537,-0.017477169632911683,-0.9867737889289856],[-12520.4296875,10.908621788024903,1110.0057373046876,-0.9868840575218201,0.0001870775013230741,0.1614304482936859,-0.001964261755347252,0.999911367893219,-0.013167030178010464,-0.1614186018705368,-0.013311424292623997,-0.9867962598800659],[-12521.7841796875,10.971290588378907,1120.2457275390626,-0.9887674450874329,-0.0003923367476090789,0.1494617909193039,-0.002141927368938923,0.9999310374259949,-0.011545146815478802,-0.14944694936275483,-0.011735601350665093,-0.9887000918388367],[-12522.458984375,10.93005084991455,1129.56689453125,-0.9926436543464661,-0.0014817913761362434,0.12106333673000336,-0.0021871766075491907,0.9999814033508301,-0.005693905055522919,-0.12105264514684677,-0.005916805937886238,-0.9926284551620483],[-12522.427734375,10.91140365600586,1139.0694580078126,-0.9972004890441895,-0.002992751309648156,0.07471469044685364,-0.0031633744947612287,0.9999926686286926,-0.002165426965802908,-0.07470765709877014,-0.002395715331658721,-0.9972025752067566],[-12521.7998046875,10.863203048706055,1148.35009765625,-0.9997227787971497,-0.004379723686724901,0.023134656250476838,-0.0043905358761549,0.9999902844429016,-0.0004165971768088639,-0.023132605478167535,-0.0005180552252568305,-0.999732255935669],[-12521.4111328125,10.78743839263916,1157.8800048828126,-0.999992847442627,-0.0036887817550450565,0.000857226550579071,-0.003686245996505022,0.999988853931427,0.00294112297706306,-0.0008680662140250206,0.0029379420448094608,-0.9999952912330627],[-12520.85546875,10.673502922058106,1167.236328125,-0.9997709393501282,-0.00383698265068233,-0.021055197343230249,-0.003983113449066877,0.9999682307243347,0.006902825087308884,0.02102804183959961,0.00698510929942131,-0.9997544884681702],[-12519.716796875,10.574958801269532,1175.98095703125,-0.9982655048370361,-0.004968234803527594,-0.05866262689232826,-0.0054254233837127689,0.9999561309814453,0.007636819500476122,0.05862211063504219,0.007941843010485173,-0.9982486367225647],[-12517.599609375,10.424578666687012,1184.66015625,-0.9923206567764282,-0.010539893060922623,-0.12324230372905731,-0.012027084827423096,0.9998635053634644,0.011329466477036477,0.12310606986284256,0.012724709697067738,-0.992311954498291],[-12514.6142578125,10.295751571655274,1192.4420166015626,-0.9788578748703003,-0.017712796106934549,-0.20377328991889954,-0.021080568432807924,0.9996745586395264,0.014368169941008091,0.203452467918396,0.01836005225777626,-0.9789126515388489],[-12510.6796875,10.048929214477539,1199.8348388671876,-0.9537014365196228,-0.021466247737407686,-0.2999878525733948,-0.028594082221388818,0.9994029998779297,0.01939007267355919,0.29939255118370058,0.027070218697190286,-0.95374596118927],[-12506.1484375,9.832733154296875,1206.1126708984376,-0.9129630327224731,-0.023748602718114854,-0.4073505699634552,-0.035954996943473819,0.9991037845611572,0.022335220128297807,0.40645506978034975,0.03503751754760742,-0.9129987359046936],[-12500.7734375,9.7044095993042,1211.6412353515626,-0.8504795432090759,-0.032778382301330569,-0.5249857902526856,-0.051403291523456576,0.9984585642814636,0.02093312330543995,0.5234904289245606,0.04478919133543968,-0.8508535027503967],[-12495.08984375,9.617959022521973,1215.9332275390626,-0.7706813216209412,-0.04039851948618889,-0.6359388828277588,-0.06845597177743912,0.9974616765975952,0.01959584839642048,0.6335330009460449,0.05863596498966217,-0.7714905738830566],[-12488.80859375,9.52259635925293,1219.32275390625,-0.6687275171279907,-0.042055290192365649,-0.742317259311676,-0.0793837234377861,0.9967305660247803,0.015045163221657277,0.7392575740814209,0.06898901611566544,-0.669879674911499],[-12482.580078125,9.444744110107422,1221.5574951171876,-0.5571041107177734,-0.03931665048003197,-0.8295114040374756,-0.08800961822271347,0.9960485696792603,0.011897641234099865,0.8257659077644348,0.0796332135796547,-0.5583630204200745],[-12476.3466796875,9.381362915039063,1222.760986328125,-0.43655580282211306,-0.03362514078617096,-0.8990486264228821,-0.09867492318153382,0.9950622320175171,0.010697978548705578,0.8942495584487915,0.09338381886482239,-0.43771815299987795],[-12470.306640625,9.385039329528809,1222.948974609375,-0.3066695034503937,-0.02581881731748581,-0.9514658451080322,-0.1043441966176033,0.994519054889679,0.006644354667514563,0.9460793137550354,0.10131755471229553,-0.30768269300460818],[-12464.541015625,9.38870906829834,1222.3818359375,-0.17882487177848817,-0.01655438356101513,-0.9837416410446167,-0.10526782274246216,0.994441032409668,0.0024011845234781505,0.978233277797699,0.1039857268333435,-0.1795734316110611],[-12458.8076171875,9.41553783416748,1221.2841796875,-0.05950898304581642,-0.008157898671925068,-0.9981944561004639,-0.10563786327838898,0.9944030046463013,-0.0018291398882865906,0.992622435092926,0.10533827543258667,-0.06003769487142563],[-12453.1806640625,9.43674087524414,1220.2015380859376,0.02404707856476307,-0.0023446541745215656,-0.9997080564498901,-0.10538586974143982,0.994419515132904,-0.004867212846875191,0.994140625,0.1054721474647522,0.023665789514780046],[-12447.626953125,9.502954483032227,1219.5626220703126,0.059443313628435138,-0.0022858656011521818,-0.9982290863990784,-0.10447190701961518,0.9944915175437927,-0.008498480543494225,0.9927497506141663,0.10479207336902619,0.05887706205248833],[-12441.9130859375,9.516459465026856,1219.149169921875,0.06736021488904953,-0.0007679801201447845,-0.9977284073829651,-0.10374293476343155,0.9945737719535828,-0.0077696084044873718,0.9923205375671387,0.10403063893318176,0.06691503524780274],[-12436.0810546875,9.513479232788086,1218.74755859375,0.06706444174051285,-0.0004392501141410321,-0.9977485537528992,-0.10205239057540894,0.9947522878646851,-0.007297461852431297,0.9925158023834229,0.10231202840805054,0.06666767597198487],[-12429.90625,9.52241039276123,1218.309326171875,0.0670681893825531,-0.0005178765277378261,-0.9977482557296753,-0.09804358333349228,0.9951567649841309,-0.0071069770492613319,0.9929195642471314,0.09829946607351303,0.06669259071350098],[-12423.8681640625,9.56054973602295,1217.8807373046876,0.06709279119968414,-0.0008068856550380588,-0.9977464079856873,-0.09385188668966294,0.