{"DriveData":[[-12705.7568359375,7.7895188331604,504.0639953613281,-0.17084284126758576,-0.0066017769277095799,-0.9852761626243591,-0.01260925643146038,0.999910295009613,-0.004513438791036606,0.9852176308631897,0.011652510613203049,-0.1709107607603073],[-12702.3486328125,7.792089462280273,504.655029296875,-0.1708405613899231,-0.0066346703097224239,-0.9852763414382935,-0.012611242942512036,0.9999101161956787,-0.004546503536403179,0.9852179884910584,0.011648832820355893,-0.1709088832139969],[-12698.66015625,7.795762062072754,505.29498291015627,-0.17084120213985444,-0.006641946267336607,-0.9852761626243591,-0.012612618505954743,0.9999101161956787,-0.004553641192615032,0.9852178692817688,0.011648963205516339,-0.17090961337089539],[-12694.8330078125,7.79514741897583,505.9588928222656,-0.17083992063999177,-0.006686980836093426,-0.9852761030197144,-0.012615375220775605,0.9999098181724548,-0.004598882049322128,0.9852180480957031,0.011643955484032631,-0.1709088683128357],[-12690.7939453125,7.790309429168701,506.6596374511719,-0.17085090279579163,-0.006172229070216417,-0.985277533531189,-0.01262558251619339,0.9999119639396668,-0.004074581433087587,0.9852160215377808,0.011743557639420033,-0.17091380059719087],[-12686.833984375,7.790740013122559,507.34381103515627,-0.17075194418430329,-0.0062811244279146198,-0.9852940440177918,-0.012623201124370098,0.9999115467071533,-0.00418670242652297,0.9852331876754761,0.011722676455974579,-0.17081612348556519],[-12682.787109375,7.79145622253418,508.0451354980469,-0.17075051367282868,-0.00630192831158638,-0.9852941632270813,-0.012627912685275078,0.9999114274978638,-0.004207015503197908,0.9852333664894104,0.011723858304321766,-0.17081497609615327],[-12678.64453125,7.79412841796875,508.7633361816406,-0.17075276374816895,-0.006318270694464445,-0.9852936267852783,-0.012632607482373715,0.9999113082885742,-0.0042227585799992088,0.985232949256897,0.011725780554115773,-0.17081743478775025],[-12674.5732421875,7.7924275398254398,509.46923828125,-0.17075344920158387,-0.006351997144520283,-0.9852933287620544,-0.012634826824069023,0.9999111294746399,-0.004256592597812414,0.9852327704429627,0.011722182855010033,-0.1708185225725174],[-12670.2490234375,7.796639442443848,510.21881103515627,-0.17075292766094209,-0.006356260273605585,-0.9852933883666992,-0.012636751867830754,0.9999110698699951,-0.004260591696947813,0.9852328300476074,0.01172339916229248,-0.17081806063652039],[-12666.1787109375,7.7965497970581059,510.92437744140627,-0.17075292766094209,-0.006361687555909157,-0.9852933287620544,-0.012638394720852375,0.9999110102653503,-0.004265814553946257,0.9852328300476074,0.01172412559390068,-0.17081815004348756],[-12661.6826171875,7.798704147338867,511.70379638671877,-0.17075218260288239,-0.006365428678691387,-0.985293447971344,-0.012640685774385929,0.9999110102653503,-0.004269222728908062,0.9852328896522522,0.011725805699825287,-0.17081744968891145],[-12657.2744140625,7.800092697143555,512.4680786132813,-0.1707535833120346,-0.006363300606608391,-0.9852932095527649,-0.012642878107726574,0.9999109506607056,-0.0042666662484407429,0.9852326512336731,0.011728393845260144,-0.17081883549690247],[-12652.78125,7.799064636230469,513.2470092773438,-0.17075346410274507,-0.006403585895895958,-0.9852929711341858,-0.012644228525459767,0.9999107718467712,-0.004307316616177559,0.9852326512336731,0.011722779832780362,-0.1708192080259323],[-12648.017578125,7.802078723907471,514.0732421875,-0.17075645923614503,-0.006409227382391691,-0.9852924346923828,-0.012645798735320568,0.9999107122421265,-0.00431273365393281,0.9852321147918701,0.011723382398486138,-0.17082226276397706],[-12643.34765625,7.800963401794434,514.882568359375,-0.17075680196285249,-0.006435780320316553,-0.9852921962738037,-0.012647843919694424,0.9999105930328369,-0.00433932151645422,0.9852320551872253,0.011720853857696057,-0.17082293331623078],[-12638.591796875,7.803040981292725,515.7070922851563,-0.17075829207897187,-0.006435724440962076,-0.9852919578552246,-0.012649915181100369,0.9999105930328369,-0.004338887520134449,0.9852317571640015,0.011722958646714688,-0.17082443833351136],[-12633.7490234375,7.802419185638428,516.5465698242188,-0.17075973749160767,-0.006457964889705181,-0.9852915406227112,-0.012651638127863408,0.9999104738235474,-0.004361141938716173,0.9852314591407776,0.01172084454447031,-0.17082615196704865],[-12629.0205078125,7.804600715637207,517.366455078125,-0.17076000571250916,-0.006473418325185776,-0.9852913618087769,-0.012653577141463757,0.9999103546142578,-0.004376485478132963,0.9852313995361328,0.01172013208270073,-0.17082661390304566],[-12624.2080078125,7.805355072021484,518.2001342773438,-0.17075885832309724,-0.006481466814875603,-0.9852915406227112,-0.012654835358262062,0.999910295009613,-0.004384448751807213,0.9852315783500671,0.011720018461346627,-0.17082557082176209],[-12619.3193359375,7.80576753616333,519.047607421875,-0.17075830698013307,-0.006506360601633787,-0.9852914810180664,-0.01265665702521801,0.9999101758003235,-0.00440940260887146,0.9852316379547119,0.011717554181814194,-0.1708253175020218],[-12614.140625,7.805660247802734,519.9453735351563,-0.17075908184051515,-0.006537218112498522,-0.9852911233901978,-0.012658574618399144,0.9999099969863892,-0.004440376069396734,0.9852315187454224,0.011714146472513676,-0.1708264797925949],[-12609.0869140625,7.806731224060059,520.82177734375,-0.17076006531715394,-0.006556770298629999,-0.9852908253669739,-0.012660486623644829,0.9999098777770996,-0.0044598751701414589,0.9852312803268433,0.011712692677974701,-0.1708277016878128],[-12603.9521484375,7.8070573806762699,521.711669921875,-0.17075881361961366,-0.006596555933356285,-0.9852907657623291,-0.012662188149988652,0.9999096989631653,-0.004499971400946379,0.9852315187454224,0.011707527562975884,-0.17082691192626954],[-12598.515625,7.806706428527832,522.6543579101563,-0.17076104879379273,-0.006632067263126373,-0.9852901697158814,-0.012664208188652993,0.999909520149231,-0.004535632207989693,0.9852311015129089,0.011703410185873509,-0.17082959413528443],[-12592.986328125,7.810305118560791,523.6130981445313,-0.17076309025287629,-0.0066216569393873219,-0.9852898716926575,-0.01266601961106062,0.999909520149231,-0.004524728748947382,0.9852306842803955,0.011707044206559658,-0.17083150148391725],[-12587.13671875,7.808261871337891,524.6270751953125,-0.1707620918750763,-0.006655259523540735,-0.9852898120880127,-0.012667655013501645,0.9999093413352966,-0.004558558110147715,0.9852308630943298,0.011702883057296276,-0.17083092033863069],[-12581.423828125,7.809905052185059,525.6174926757813,-0.17075999081134797,-0.006682943552732468,-0.985289990901947,-0.012669708579778672,0.9999092221260071,-0.004586322698742151,0.9852312207221985,0.011700176633894444,-0.1708291471004486],[-12575.6240234375,7.810459136962891,526.623046875,-0.17076057195663453,-0.006703341379761696,-0.9852897524833679,-0.012671589851379395,0.9999091029167175,-0.004606689792126417,0.9852310419082642,0.011698545888066292,-0.17082999646663667],[-12569.4970703125,7.811434745788574,527.68505859375,-0.17076027393341065,-0.006724320352077484,-0.9852896332740784,-0.012673918157815934,0.999908983707428,-0.00462757982313633,0.9852311015129089,0.011697273701429367,-0.17082995176315309],[-12563.515625,7.814026832580566,528.7220458984375,-0.1707611382007599,-0.006729942746460438,-0.985289454460144,-0.012675369158387185,0.9999089241027832,-0.004633023403584957,0.9852309226989746,0.011697767302393914,-0.1708308905363083],[-12557.203125,7.811901569366455,529.816650390625,-0.17076066136360169,-0.006764883175492287,-0.9852893352508545,-0.012678029015660286,0.9999087452888489,-0.00466802716255188,0.9852309823036194,0.011694410815834999,-0.1708308458328247],[-12551.04296875,7.81563663482666,530.8847045898438,-0.17076121270656587,-0.00675375759601593,-0.9852892756462097,-0.012679848819971085,0.9999087452888489,-0.0046564145013689999,0.9852308630943298,0.011698184534907341,-0.17083126306533814],[-12544.7900390625,7.814385890960693,531.9684448242188,-0.17075850069522859,-0.006760992109775543,-0.9852896928787231,-0.012681717053055764,0.9999086856842041,-0.004663465078920126,0.9852312803268433,0.011698839254677296,-0.1708286553621292],[-12538.197265625,7.815544128417969,533.1116333007813,-0.17075835168361665,-0.006771448999643326,-0.9852896928787231,-0.012683864682912827,0.9999086260795593,-0.004673706367611885,0.9852312803268433,0.011699206195771695,-0.17082864046096803],[-12531.7646484375,7.813784122467041,534.2267456054688,-0.1707584708929062,-0.006796360481530428,-0.985289454460144,-0.01268532034009695,0.9999085068702698,-0.004698733799159527,0.9852312803268433,0.011696363799273968,-0.17082905769348145],[-12525.24609375,7.815969944000244,535.3567504882813,-0.17075850069522859,-0.006815860513597727,-0.9852893352508545,-0.012686879374086857,0.9999083876609802,-0.004718251992017031,0.9852312207221985,0.01169456448405981,-0.17082932591438294],[-12518.90625,7.815873146057129,536.4555053710938,-0.1707572638988495,-0.0068162186071276669,-0.9852895736694336,-0.012688534334301949,0.9999083876609802,-0.00471834372729063,0.9852313995361328,0.01169618871062994,-0.17082810401916505],[-12512.216796875,7.815123558044434,537.6151733398438,-0.17075636982917787,-0.006833161227405071,-0.9852895736694336,-0.0126902861520648,0.9999082684516907,-0.004735244903713465,0.9852315783500671,0.011695032939314843,-0.17082741856575013],[-12505.7138671875,7.816888332366943,538.7423706054688,-0.17075718939304353,-0.006831351667642593,-0.985289454460144,-0.012691834010183812,0.9999082684516907,-0.004733129870146513,0.9852313995361328,0.011696914210915566,-0.1708282232284546],[-12498.3056640625,7.815559387207031,540.0265502929688,-0.17075759172439576,-0.006868788972496986,-0.9852891564369202,-0.012694413773715496,0.9999080300331116,-0.004770670551806688,0.9852312803268433,0.011693039909005165,-0.17082907259464265],[-12491.6376953125,7.8173933029174809,541.182373046875,-0.17075714468955995,-0.006871376186609268,-0.9852892160415649,-0.01269617211073637,0.9999080300331116,-0.004772996995598078,0.985231339931488,0.011694377288222313,-0.1708286702632904],[-12484.6240234375,7.807853698730469,542.5162963867188,-0.17578549683094026,-0.006014836952090263,-0.9844101071357727,-0.011381504125893116,0.9999269247055054,-0.004077258054167032,0.9843627214431763,0.010487345047295094,-0.17584110796451569],[-12477.6337890625,7.7934651374816898,544.4601440429688,-0.20513631403446198,-0.004740867298096418,-0.9787219166755676,-0.0029185304883867504,0.9999867677688599,-0.004232160281389952,0.9787290692329407,0.0019882600754499437,-0.20514744520187379],[-12470.61328125,7.743365287780762,547.0538940429688,-0.25069278478622439,0.00016919121844694018,-0.9680666923522949,0.008131422102451325,0.9999650716781616,-0.0019309656927362085,0.9680325388908386,-0.008355838246643544,-0.2506853938102722],[-12464.2548828125,7.745563983917236,550.2913818359375,-0.31302452087402346,0.002980198711156845,-0.9497403502464294,0.01905929110944271,0.999813437461853,-0.0031444202177226545,0.9495537877082825,-0.019085658714175226,-0.3130229115486145],[-12458.4140625,7.753223896026611,554.3883666992188,-0.3929147720336914,0.00662916898727417,-0.9195510149002075,0.02534995973110199,0.9996720552444458,-0.003625007113441825,0.9192253947257996,-0.024734899401664735,-0.3929539918899536],[-12453.2373046875,7.7517852783203129,559.2673950195313,-0.4827408790588379,0.009243890643119812,-0.8757144212722778,0.02557429112493992,0.9996666312217712,-0.0035456151235848667,0.8753897547721863,-0.02410738915205002,-0.4828163683414459],[-12448.498046875,7.737325668334961,565.278564453125,-0.584210991859436,0.013047517277300358,-0.811496913433075,0.025522079318761827,0.9996716380119324,-0.002300744643434882,0.8112004399299622,-0.022055208683013917,-0.5843521356582642],[-12444.8623046875,7.738849639892578,571.3192138671875,-0.6721094846725464,0.015537912957370282,-0.7402887344360352,0.025991331785917283,0.9996587634086609,-0.002615750767290592,0.7399954795837402,-0.020999161526560785,-0.672283947467804],[-12441.9345703125,7.740138053894043,577.69384765625,-0.7509685158729553,0.017921166494488717,-0.6600947976112366,0.026603080332279207,0.9996411800384522,-0.003125825198367238,0.6598019003868103,-0.01990795135498047,-0.7511758208274841],[-12439.71484375,7.721006393432617,584.3124389648438,-0.8187853097915649,0.020622193813323976,-0.5737292766571045,0.02694636583328247,0.9996336698532105,-0.002524969168007374,0.5734670758247376,-0.017527326941490175,-0.8190410733222961],[-12438.103515625,7.728188991546631,591.0828857421875,-0.8742253184318543,0.02240976132452488,-0.48500296473503115,0.027017707005143167,0.9996318221092224,-0.002511433558538556,0.4847680926322937,-0.01529922615736723,-0.8745089173316956],[-12436.6904296875,7.640854358673096,597.8526000976563,-0.9111308455467224,0.02486969158053398,-0.41136616468429568,0.0267693679779768,0.9996410012245178,0.0011434272164478899,0.4112469255924225,-0.00997020024806261,-0.9114694595336914],[-12435.0498046875,7.716357707977295,604.4808959960938,-0.930248498916626,0.021893968805670739,-0.3662763237953186,0.02439012937247753,0.999700129032135,-0.0021881803404539825,0.36611858010292055,-0.010969078168272972,-0.9305035471916199],[-12433.4140625,7.754703998565674,611.4254760742188,-0.9443869590759277,0.019835295155644418,-0.32823747396469118,0.022332722321152688,0.9997432231903076,-0.00384029489941895,0.3280770182609558,-0.010957160964608193,-0.9445874094963074],[-12432.404296875,7.7428789138793949,618.0036010742188,-0.9593467116355896,0.0206186231225729,-0.2814759314060211,0.022444644942879678,0.9997427463531494,-0.003264494938775897,0.2813362181186676,-0.009449410252273083,-0.9595627188682556],[-12432.0634765625,7.740221977233887,624.9628295898438,-0.9759072661399841,0.02150319516658783,-0.2171236276626587,0.02275388315320015,0.9997357726097107,-0.00326158432289958,0.21699611842632295,-0.008123409003019333,-0.9761386513710022],[-12432.7607421875,7.754384994506836,632.1756591796875,-0.9916556477546692,0.021920861676335336,-0.12703749537467957,0.0225408636033535,0.9997400045394898,-0.0034447493962943556,0.12692895531654359,-0.0062795402482151989,-0.9918919205665588],[-12434.466796875,7.753283977508545,638.9221801757813,-0.9994828701019287,0.02235172688961029,-0.02311675250530243,0.022438503801822664,0.9997420907020569,-0.003501293947920203,0.023032531142234803,-0.0040181889198720459,-0.9997266530990601],[-12437.0322265625,7.7302117347717289,645.69189453125,-0.9959893226623535,0.02237965166568756,0.08662789314985275,0.022256076335906984,0.9997494220733643,-0.0023921832907944919,-0.08665972203016281,-0.00045459202374331653,-0.9962378740310669],[-12439.51953125,7.697464942932129,651.8385620117188,-0.9860455393791199,0.02203107625246048,0.1650114357471466,0.022159993648529054,0.9997538924217224,-0.0010598767548799515,-0.16499418020248414,0.002611565636470914,-0.9862911105155945],[-12441.83203125,7.731171131134033,658.2706298828125,-0.9769009351730347,0.020037870854139329,0.21275107562541963,0.019996527582406999,0.9997972846031189,-0.0023463258985430004,-0.2127549648284912,0.0019621544051915409,-0.977103590965271],[-12443.5556640625,7.770388603210449,664.5593872070313,-0.9745528697967529,0.011141951195895672,0.22388078272342683,0.010653763078153134,0.9999375343322754,-0.003388412296772003,-0.223904550075531,-0.0009170141420327127,-0.9746106266975403],[-12445.1953125,7.772515296936035,671.202880859375,-0.9738461375236511,0.007551008835434914,0.22708295285701753,0.006915551144629717,0.9999696016311646,-0.0035938257351517679,-0.22710318863391877,-0.001929429592564702,-0.9738687872886658],[-12446.845703125,7.772098541259766,678.19970703125,-0.9737589955329895,0.007620627526193857,0.22745412588119508,0.006854046136140823,0.9999678730964661,-0.004159931559115648,-0.2274785190820694,-0.0024917894043028356,-0.9737799167633057],[-12448.439453125,7.777437686920166,685.0079345703125,-0.973748505115509,0.007547818589955568,0.22750140726566316,0.006842249538749456,0.9999690055847168,-0.0038898854982107879,-0.22752371430397035,-0.0022311487700790169,-0.9737699627876282],[-12449.9873046875,7.779590606689453,691.6117553710938,-0.9737526774406433,0.0076771448366343979,0.22747927904129029,0.006912641692906618,0.9999674558639526,-0.004157265182584524,-0.22750379145145417,-0.0024756654165685179,-0.9737740755081177],[-12451.6162109375,7.780865669250488,698.5612182617188,-0.9737728238105774,0.007756619248539209,0.22739028930664063,0.007005416322499514,0.9999670386314392,-0.004110462032258511,-0.22741466760635377,-0.00240969262085855,-0.9737950563430786],[-12453.1953125,7.778445243835449,705.3007202148438,-0.973799467086792,0.007820436730980873,0.2272738218307495,0.007016026880592108,0.9999659657478333,-0.004347033798694611,-0.22730007767677308,-0.002638579811900854,-0.9738211631774902],[-12454.7841796875,7.778563976287842,712.1063842773438,-0.9738478064537048,0.007883942686021328,0.22706453502178193,0.007110783364623785,0.9999657869338989,-0.004222817253321409,-0.22709006071090699,-0.0024977747816592457,-0.973870575428009],[-12456.595703125,7.774125576019287,719.8427124023438,-0.9738854169845581,0.00791225302964449,0.22690212726593018,0.007133103907108307,0.999965488910675,-0.004253614228218794,-0.2269279509782791,-0.002524016425013542,-0.9739083051681519],[-12458.3564453125,7.771682262420654,727.372314453125,-0.9739011526107788,0.008074736222624779,0.226828932762146,0.0072827707044780258,0.9999641180038452,-0.004328141454607248,-0.22685573995113374,-0.0025632386095821859,-0.973924994468689],[-12460.064453125,7.770118713378906,734.6847534179688,-0.9739382863044739,0.008219420909881592,0.22666426002979279,0.007446281611919403,0.9999631643295288,-0.004265778698027134,-0.22669097781181336,-0.002466799458488822,-0.9739636182785034],[-12461.85546875,7.772302150726318,742.3671875,-0.9739392995834351,0.008175713010132313,0.22666144371032716,0.00736602395772934,0.999963104724884,-0.004417825490236282,-0.2266892045736313,-0.0026331001427024605,-0.9739636182785034],[-12463.5234375,7.7761383056640629,749.526123046875,-0.9739236831665039,0.00825872179120779,0.2267255038022995,0.007410123478621244,0.9999619722366333,-0.0045937164686620239,-0.2267548143863678,-0.002793865045532584,-0.9739478826522827],[-12465.28125,7.77386999130249,757.0567626953125,-0.973971426486969,0.008149958215653897,0.22652435302734376,0.007354923523962498,0.9999634623527527,-0.004353509284555912,-0.22655154764652253,-0.002574124140664935,-0.9739957451820374],[-12467.0556640625,7.766622543334961,764.6608276367188,-0.9740109443664551,0.008168394677340985,0.2263536900281906,0.00744863785803318,0.9999641180038452,-0.004033719189465046,-0.22637853026390077,-0.0022428599186241628,-0.9740368127822876],[-12468.7724609375,7.765937805175781,772.0287475585938,-0.9740129113197327,0.008337943814694882,0.2263389676809311,0.007573461625725031,0.999962329864502,-0.004245757590979338,-0.2263658344745636,-0.002421253127977252,-0.9740393757820129],[-12470.6484375,7.763773441314697,780.0859375,-0.9740130305290222,0.00844084843993187,0.2263345867395401,0.007656109984964132,0.999961256980896,-0.004344766493886709,-0.22636249661445619,-0.0024990167003124954,-0.9740399122238159],[-12472.3193359375,7.766906261444092,787.2781982421875,-0.9740390777587891,0.008478214964270592,0.2262210249900818,0.007692656014114618,0.9999609589576721,-0.004353866912424564,-0.226249098777771,-0.002500596223399043,-0.9740662574768066],[-12474.0693359375,7.776368141174316,795.5028686523438,-0.9755737781524658,0.00745795015245676,0.2195453643798828,0.006615572143346071,0.9999676942825317,-0.004571857396513224,-0.21957236528396607,-0.0030077663250267507,-0.9755915999412537],[-12475.662109375,7.775426864624023,803.500244140625,-0.9772748351097107,0.007461104542016983,0.21184495091438294,0.006625938694924116,0.9999672174453735,-0.004651973955333233,-0.21187271177768708,-0.003142585279420018,-0.9772922396659851],[-12477.2978515625,7.768413543701172,811.2320556640625,-0.9776125550270081,0.007434716913849115,0.2102816253900528,0.006693616509437561,0.9999686479568481,-0.004235843662172556,-0.21030652523040772,-0.002733469707891345,-0.977631688117981],[-12479.107421875,7.76900577545166,819.6769409179688,-0.9776740074157715,0.007455423008650541,0.20999522507190705,0.006708296947181225,0.999968409538269,-0.00426990631967783,-0.21002042293548585,-0.0027658657636493446,-0.9776930809020996],[-12480.9423828125,7.769655704498291,828.1951293945313,-0.9777201414108276,0.007477514445781708,0.2097795158624649,0.006747244857251644,0.999968409538269,-0.004196603782474995,-0.20980428159236909,-0.0026876700576394798,-0.977739691734314],[-12482.6435546875,7.769782066345215,836.1226196289063,-0.9777604937553406,0.007490086834877729,0.20959076285362245,0.0067328461445868019,0.9999679923057556,-0.004326221067458391,-0.20961645245552064,-0.0028188657015562059,-0.9777796268463135],[-12484.431640625,7.767369270324707,844.4449462890625,-0.9778005480766296,0.007573593407869339,0.20940089225769044,0.006844490300863981,0.9999677538871765,-0.004206298850476742,-0.20942600071430207,-0.002679678611457348,-0.9778208136558533],[-12486.20703125,7.755148887634277,852.7208251953125,-0.9778209924697876,0.0074293352663517,0.2093106061220169,0.0068619404919445519,0.999970555305481,-0.003436841070652008,-0.2093299776315689,-0.0019243385177105666,-0.977843165397644],[-12488.037109375,7.759641647338867,861.2606201171875,-0.9778625965118408,0.0076752156019210819,0.20910733938217164,0.007002567406743765,0.999967634677887,-0.003956908825784922,-0.20913094282150269,-0.0024050245992839338,-0.9778847098350525],[-12489.8740234375,7.769522666931152,869.8567504882813,-0.9778956770896912,0.00785849243402481,0.2089456468820572,0.00709840701892972,0.9999651908874512,-0.004387346096336842,-0.20897285640239716,-0.0028071855194866659,-0.9779174327850342],[-12491.6552734375,7.768640995025635,878.1810302734375,-0.977918803691864,0.00790101196616888,0.2088359147310257,0.0071516796015203,0.9999650120735169,-0.004342997912317514,-0.20886291563510896,-0.002753571607172489,-0.9779410362243652],[-12493.376953125,7.770529270172119,886.2266845703125,-0.9779502749443054,0.007891926914453507,0.2086886316537857,0.007146528922021389,0.9999651312828064,-0.0043255919590592388,-0.20871548354625703,-0.002738814800977707,-0.9779725670814514],[-12495.181640625,7.768563747406006,894.6625366210938,-0.9779909253120422,0.007971014827489853,0.20849524438381196,0.0072321598418056969,0.9999645948410034,-0.004305834881961346,-0.20852217078208924,-0.0027031966019421818,-0.9780138731002808],[-12497.0703125,7.76580810546875,903.4961547851563,-0.9780348539352417,0.008029365912079811,0.2082865983247757,0.007311386056244373,0.9999643564224243,-0.004216734319925308,-0.20831303298473359,-0.0026012493763118984,-0.9780587553977966],[-12498.8974609375,7.767267227172852,912.0479125976563,-0.9780626893043518,0.008210142143070698,0.20814886689186097,0.007457692641764879,0.9999625086784363,-0.0043994658626616,-0.20817719399929048,-0.0027506432961672546,-0.9780872464179993],[-12500.7099609375,7.883289337158203,920.6463623046875,-0.9781261682510376,0.009033551439642907,0.20781615376472474,0.007334795780479908,0.999933123588562,-0.008943441323935986,-0.20788303017616273,-0.007223525084555149,-0.9781270027160645],[-12502.6240234375,8.05642032623291,929.641357421875,-0.9781289100646973,0.010709666647017002,0.20772363245487214,0.007309363689273596,0.9998265504837036,-0.017130019143223764,-0.20787104964256288,-0.01523703895509243,-0.9780375361442566],[-12504.5478515625,8.230108261108399,938.724365234375,-0.9781158566474915,0.011557846330106259,0.20773963630199433,0.007207055576145649,0.9997388124465942,-0.021688170731067659,-0.20793603360652924,-0.019716352224349977,-0.9779437184333801],[-12506.4140625,8.391340255737305,947.5399169921875,-0.9781653881072998,0.011522550135850907,0.20750844478607179,0.0071561578661203388,0.9997371435165405,-0.02178039774298668,-0.20770487189292909,-0.019819866865873338,-0.9779907464981079],[-12508.291015625,8.553780555725098,956.4310913085938,-0.9781960248947144,0.011569879949092865,0.20736123621463777,0.00717775896191597,0.9997339248657227,-0.021920908242464067,-0.20755968987941743,-0.019954554736614229,-0.9780188202857971],[-12510.2626953125,8.719167709350586,965.75732421875,-0.9782483577728272,0.011629254557192326,0.20711100101470948,0.007220257539302111,0.999731183052063,-0.02203129604458809,-0.20731154084205628,-0.02005668357014656,-0.9780693650245667],[-12512.1767578125,8.883780479431153,974.7998657226563,-0.9783013463020325,0.011730454862117768,0.20685464143753053,0.007290955632925034,0.9997267127037048,-0.022211236879229547,-0.20705866813659669,-0.02022111415863037,-0.9781195521354675],[-12514.1025390625,9.052484512329102,983.91552734375,-0.9783378839492798,0.011761819943785668,0.20668008923530579,0.0073177991434931759,0.9997255802154541,-0.022253291681408883,-0.20688509941101075,-0.020258795469999315,-0.9781554937362671],[-12516.037109375,9.214859008789063,993.1032104492188,-0.9783740639686585,0.011797048151493073,0.2065066695213318,0.0073372065089643,0.9997233152389526,-0.02234916388988495,-0.20671318471431733,-0.020350661128759385,-0.9781898856163025],[-12517.9892578125,9.372608184814454,1002.3624877929688,-0.9784023761749268,0.011840874329209328,0.206370010972023,0.0073623573407530788,0.9997207522392273,-0.02245587855577469,-0.20657826960086823,-0.020451515913009645,-0.978216290473938],[-12519.9501953125,9.547524452209473,1011.6934814453125,-0.9784327745437622,0.011840881779789925,0.20622584223747254,0.0073475963436067108,0.9997189044952393,-0.02254045568406582,-0.20643477141857148,-0.0205390565097332,-0.9782447814941406],[-12522.0068359375,9.724575996398926,1021.4728393554688,-0.9784679412841797,0.011878039687871933,0.20605677366256715,0.007397291716188192,0.9997194409370422,-0.022502023726701738,-0.20626623928546906,-0.020493246614933015,-0.9782812595367432],[-12523.998046875,9.888890266418457,1030.945068359375,-0.9785056710243225,0.01191970519721508,0.20587514340877534,0.007431333418935537,0.9997178316116333,-0.022560957819223405,-0.20608597993850709,-0.020546099171042444,-0.9783181548118591],[-12526.0009765625,10.061420440673829,1040.4842529296876,-0.9785457253456116,0.011990457773208619,0.20568059384822846,0.007492033764719963,0.9997156858444214,-0.02263583242893219,-0.20589353144168855,-0.020609231665730478,-0.9783573746681213],[-12528.0166015625,10.23729133605957,1050.091064453125,-0.9785709977149963,0.01200468186289072,0.2055594027042389,0.007512514945119619,0.9997159242630005,-0.0226199459284544,-0.2057725489139557,-0.020590955391526223,-0.9783831834793091],[-12529.9638671875,10.403484344482422,1059.376953125,-0.9786074161529541,0.012022743932902813,0.2053850144147873,0.007534848991781473,0.9997157454490662,-0.022619308903813363,-0.2055985927581787,-0.020587878301739694,-0.978419840335846],[-12532.0830078125,10.58065128326416,1069.5048828125,-0.9786316752433777,0.012016174383461476,0.20526960492134095,0.0075413803569972519,0.9997168779373169,-0.02256806567311287,-0.20548266172409059,-0.020537808537483217,-0.9784452319145203],[-12534.05078125,10.741960525512696,1078.9141845703126,-0.9786691069602966,0.012050122953951359,0.205089271068573,0.007563059683889151,0.9997149109840393,-0.02264844998717308,-0.20530371367931367,-0.02061423473060131,-0.9784811735153198],[-12536.1103515625,10.883047103881836,1088.7789306640626,-0.9786877036094666,0.011625243350863457,0.2050248086452484,0.007494799327105284,0.9997532367706299,-0.020911158993840219,-0.20521731674671174,-0.018928874284029008,-0.9785333871841431],[-12538.271484375,10.977485656738282,1099.1064453125,-0.9786812663078308,0.0107242027297616,0.20510481297969819,0.007489128038287163,0.9998351335525513,-0.0165425892919302,-0.2052484005689621,-0.014653867110610009,-0.9786002039909363],[-12540.3662109375,11.055462837219239,1109.0926513671876,-0.9786953330039978,0.01009882241487503,0.20506948232650758,0.007553393021225929,0.9998844861984253,-0.01319155190140009,-0.20517900586128236,-0.011361539363861084,-0.9786584973335266],[-12542.373046875,11.069637298583985,1118.71337890625,-0.9787721633911133,0.009431451559066773,0.20473408699035645,0.007605406455695629,0.9999240040779114,-0.009704169817268849,-0.2048100382089615,-0.00794108584523201,-0.9787695407867432],[-12544.5224609375,11.06991958618164,1129.026611328125,-0.9788047671318054,0.00851564109325409,0.20461852848529817,0.007603927049785852,0.9999573230743408,-0.0052415477111935619,-0.20465444028377534,-0.003574547590687871,-0.9788277745246887],[-12546.630859375,11.059614181518555,1139.1519775390626,-0.9788689613342285,0.008163613267242909,0.20432552695274354,0.007628370076417923,0.9999650716781616,-0.003407079726457596,-0.2043462097644806,-0.0017764137592166663,-0.9788970947265625],[-12548.396484375,10.98897933959961,1148.7510986328126,-0.980722188949585,0.007200923748314381,0.19527454674243928,0.00718117319047451,0.9999738931655884,-0.0008091176860034466,-0.19527527689933778,0.0006087807123549283,-0.9807482957839966],[-12549.58203125,10.895513534545899,1158.2359619140626,-0.9857391715049744,0.004044811241328716,0.16823174059391023,0.0048207975924015049,0.999979555606842,0.0042044417932629589,-0.16821129620075227,0.004955494310706854,-0.9857385158538818],[-12549.859375,10.815146446228028,1167.9071044921876,-0.9935259222984314,-0.0068604168482124809,0.11339856684207916,-0.006177501752972603,0.9999606013298035,0.006372555624693632,-0.11343781650066376,0.005630779080092907,-0.9935291409492493],[-12549,10.707894325256348,1177.2574462890626,-0.9992209672927856,-0.019626980647444726,0.034237757325172427,-0.01937018148601055,0.9997818470001221,0.007816159166395665,-0.03438369557261467,0.007146878633648157,-0.9993831515312195],[-12547.248046875,10.458720207214356,1185.820068359375,-0.9980221390724182,-0.02127968892455101,-0.05915212258696556,-0.022329725325107576,0.9996035695075989,0.017147449776530267,0.0587637796998024,0.01843438483774662,-0.9981017112731934],[-12544.4560546875,10.23162841796875,1194.0640869140626,-0.9850013852119446,-0.025363095104694368,-0.17067201435565949,-0.029818279668688775,0.9992769360542297,0.0235908105969429,0.16995027661323548,0.0283261276781559,-0.9850454330444336],[-12540.939453125,10.090394973754883,1201.2691650390626,-0.9582951664924622,-0.03254834562540054,-0.2839207351207733,-0.04042327031493187,0.9989421963691711,0.02191988378763199,0.2829069197177887,0.03248272091150284,-0.9585971832275391],[-12536.5205078125,9.907350540161133,1207.951904296875,-0.9147632718086243,-0.03991232439875603,-0.402013897895813,-0.053801294416189197,0.9982795119285584,0.023312116041779519,0.4003917872905731,0.04295393452048302,-0.9153367877006531],[-12531.6689453125,9.67346477508545,1213.5078125,-0.8577011227607727,-0.04412306472659111,-0.5122518539428711,-0.06754578649997711,0.9973456263542175,0.02719004824757576,0.5096924304962158,0.0579213872551918,-0.8584047555923462],[-12526.5048828125,9.52713680267334,1217.9693603515626,-0.787268877029419,-0.04966019466519356,-0.6146068572998047,-0.08392257243394852,0.9961060285568237,0.027013707906007768,0.6108720898628235,0.0728464350104332,-0.7883709073066711],[-12520.4873046875,9.42247200012207,1221.7901611328126,-0.6945169568061829,-0.05365300923585892,-0.717473030090332,-0.09853272885084152,0.9949126243591309,0.02098001539707184,0.7126973867416382,0.08526555448770523,-0.696270227432251],[-12514.234375,9.289375305175782,1224.748779296875,-0.5952196717262268,-0.05152870714664459,-0.8019092082977295,-0.10829445719718933,0.9939817190170288,0.016511088237166406,0.796232283115387,0.09667004644870758,-0.5972177386283875],[-12507.80078125,9.228874206542969,1227.1842041015626,-0.5022042989730835,-0.04823760315775871,-0.8634025454521179,-0.11362223327159882,0.9934676289558411,0.010584949515759945,0.8572519421577454,0.1034175306558609,-0.5044045448303223],[-12501.18359375,9.212392807006836,1229.1295166015626,-0.4181273281574249,-0.042190033942461017,-0.9074081182479858,-0.11509465426206589,0.9933308959007263,0.006849792320281267,0.9010675549507141,0.10730190575122833,-0.4201946556568146],[-12494.435546875,9.21296501159668,1230.2628173828126,-0.32983043789863589,-0.03660713508725166,-0.9433301687240601,-0.11677995324134827,0.9931551814079285,0.0022908374667167665,0.9367893934249878,0.11091763526201248,-0.33184778690338137],[-12487.916015625,9.2225341796875,1230.490966796875,-0.23706157505512238,-0.029143398627638818,-0.9710574150085449,-0.11747784912586212,0.993074893951416,-0.001124644884839654,0.9643654823303223,0.11381112039089203,-0.23884359002113343],[-12481.400390625,9.192619323730469,1230.1845703125,-0.14727039635181428,-0.019650187343358995,-0.9889010787010193,-0.11767340451478958,0.9930499196052551,-0.0022083166986703874,0.9820714592933655,0.1160421296954155,-0.14855916798114777],[-12474.8798828125,9.203585624694825,1229.7623291015626,-0.0759192630648613,-0.013482787646353245,-0.997022807598114,-0.11744952201843262,0.9930686950683594,-0.004486009478569031,0.9901726245880127,0.1167592778801918,-0.07697658985853195],[-12468.0205078125,9.261799812316895,1229.7005615234376,-0.03963485360145569,-0.011995973065495491,-0.9991422295570374,-0.1153167262673378,0.9933015704154968,-0.00735136354342103,0.9925377368927002,0.11492644250392914,-0.04075269773602486],[-12461.5693359375,9.27061653137207,1229.9072265625,-0.032633572816848758,-0.01032215915620327,-0.9994140863418579,-0.11269502341747284,0.9936078190803528,-0.0065823933109641079,0.9930936098098755,0.11241418868303299,-0.0335882306098938],[-12454.4775390625,9.28658390045166,1230.137939453125,-0.033479802310466769,-0.009495302103459835,-0.9993942975997925,-0.11005547642707825,0.9939087629318237,-0.0057563153095543388,0.9933614134788513,0.10979609191417694,-0.034320879727602008],[-12447.3017578125,9.290681838989258,1230.6466064453126,-0.04741249978542328,-0.010661003179848194,-0.9988185167312622,-0.0975230485200882,0.9952152371406555,-0.005993261933326721,0.9941032528877258,0.09712367504835129,-0.04822533577680588],[-12440.341796875,9.301304817199707,1231.692626953125,-0.08280828595161438,-0.011832110583782196,-0.996495246887207,-0.07072945684194565,0.9974777102470398,-0.005966192111372948,0.9940523505210877,0.06998751312494278,-0.08343629539012909],[-12433.3232421875,9.409603118896485,1232.4971923828126,-0.09536877274513245,-0.01382519118487835,-0.9953460097312927,-0.05083722248673439,0.9986664056777954,-0.009000357240438462,0.994143009185791,0.04974227398633957,-0.09594441950321198],[-12426.21875,9.409811019897461,1233.155517578125,-0.0974174216389656,-0.011640055105090142,-0.9951755404472351,-0.03631889820098877,0.9993071556091309,-0.008133134804666043,0.9945806860923767,0.03535136952996254,-0.09777268022298813],[-12419.3212890625,9.406649589538575,1233.79931640625,-0.09794095158576966,-0.01076259184628725,-0.9951340556144714,-0.02780226431787014,0.9995808601379395,-0.008074389770627022,0.994803786277771,0.026876166462898256,-0.09819912165403366],[-12412.3505859375,9.412788391113282,1234.482666015625,-0.09821415692567826,-0.010094129480421543,-0.9951140880584717,-0.0263688825070858,0.9996238350868225,-0.007537361700087786,0.9948158860206604,0.025499772280454637,-0.09844338893890381],[-12404.7265625,9.432984352111817,1235.415771484375,-0.10625676065683365,-0.009357122704386711,-0.9942947030067444,-0.024241618812084199,0.9996829032897949,-0.006817213259637356,0.9940431714057922,0.02337893657386303,-0.10644989460706711],[-12397.349609375,9.399601936340332,1236.7135009765626,-0.1276671141386032,-0.0075318580493330959,-0.9917884469032288,-0.01846202462911606,0.9998159408569336,-0.0052163125947117809,0.9916452169418335,0.017644472420215608,-0.1277826726436615],[-12389.9345703125,9.418150901794434,1238.2159423828126,-0.14951841533184052,-0.007444560993462801,-0.9887309074401856,-0.015478159300982952,0.9998667240142822,-0.0051877605728805069,0.9886378049850464,0.014528068713843823,-0.14961370825767518],[-12382.142578125,9.443174362182618,1239.5360107421876,-0.15468908846378327,-0.008106525056064129,-0.9879299402236939,-0.015392281115055085,0.9998647570610046,-0.005794348195195198,0.9878432750701904,0.014310172758996487,-0.1547929346561432],[-12374.265625,9.45630931854248,1240.8380126953126,-0.15714538097381593,-0.008175946772098542,-0.9875416159629822,-0.015309713780879975,0.999865710735321,-0.005841777194291353,0.9874567985534668,0.014200971461832524,-0.15724945068359376],[-12366.6884765625,9.46735954284668,1242.648193359375,-0.18191447854042054,-0.007288763299584389,-0.9832873344421387,-0.010973812080919743,0.9999253153800964,-0.005381868686527014,0.9832531213760376,0.009811370633542538,-0.18198087811470033],[-12359.1787109375,9.433337211608887,1245.03564453125,-0.2219008058309555,-0.004716912284493446,-0.97505784034729,-0.0032276082783937456,0.9999863505363464,-0.004102976061403751,0.9750639200210571,0.002236651023849845,-0.22191299498081208],[-12351.4521484375,9.440530776977539,1247.9490966796876,-0.2651771605014801,-0.004699286073446274,-0.964188277721405,-0.0002257498708786443,0.9999883770942688,-0.004811682738363743,0.9641996622085571,-0.0010582830291241408,-0.2651751637458801],[-12343.9345703125,9.468684196472168,1250.539794921875,-0.28406837582588198,-0.005080317612737417,-0.9587905406951904,-0.0007254217052832246,0.9999868273735046,-0.005083676427602768,0.9588037729263306,-0.0007485842215828598,-0.2840683162212372],[-12336.302734375,9.485779762268067,1252.8636474609376,-0.28611186146736147,-0.005826486740261316,-0.9581785202026367,-0.0007706595351919532,0.9999825954437256,-0.005850569810718298,0.9581959247589111,-0.0009354879148304462,-0.28611135482788088],[-12328.912109375,9.491304397583008,1255.136474609375,-0.2882547676563263,-0.005759694147855043,-0.9575364589691162,-0.0006089619710110128,0.9999828338623047,-0.005831693299114704,0.9575535655021668,-0.0010979101061820984,-0.2882533073425293],[-12321.3134765625,9.529304504394532,1258.103515625,-0.31339555978775027,-0.0062247104942798618,-0.9496022462844849,0.00010484459926374257,0.9999783039093018,-0.006589530501514673,0.9496226906776428,-0.002164690289646387,-0.3133881092071533],[-12313.78515625,9.503402709960938,1261.451416015625,-0.34394127130508425,-0.004195645451545715,-0.9389817714691162,0.0000034029596918117024,0.9999899864196777,-0.0044694943353533749,0.938991129398346,-0.0015404389705508948,-0.34393784403800967],[-12306.439453125,9.539321899414063,1264.4141845703126,-0.3529724180698395,-0.00619317963719368,-0.935613214969635,-0.0002165735641028732,0.9999786019325256,-0.006537532899528742,0.9356337189674377,-0.0021049396600574257,-0.35296621918678286],[-12298.693359375,9.551097869873047,1267.3941650390626,-0.3547109067440033,-0.0056023676879704,-0.9349592328071594,-0.00017143295553978533,0.9999824166297913,-0.005926953628659248,0.9349759817123413,-0.0019420722965151072,-0.3547056317329407],[-12291.294921875,9.573013305664063,1270.5562744140626,-0.36739128828048708,-0.005718077998608351,-0.9300488829612732,0.0007565061096101999,0.9999789595603943,-0.006446856074035168,0.9300661683082581,-0.0030721065122634174,-0.36737921833992007],[-12283.470703125,9.565844535827637,1274.651123046875,-0.4010961949825287,-0.004200063180178404,-0.9160262942314148,0.0021775534842163326,0.9999822974205017,-0.005538484081625938,0.9160333275794983,-0.004216161090880632,-0.4010799527168274],[-12275.599609375,9.615763664245606,1278.7138671875,-0.42068636417388918,-0.005244074854999781,-0.9071909785270691,0.001972323516383767,0.9999756217002869,-0.00669503677636385,0.9072039723396301,-0.004605784546583891,-0.42066577076911929],[-12268.3173828125,9.617469787597657,1282.4962158203126,-0.4338124394416809,-0.0039065214805305,-0.9009947180747986,0.0027353267651051285,0.9999802708625794,-0.005652711261063814,0.9009990692138672,-0.004916731268167496,-0.43379318714141848],[-12260.99609375,9.594618797302246,1286.718017578125,-0.45596808195114138,-0.0024078008718788625,-0.889992892742157,0.002934178803116083,0.9999868273735046,-0.004208641592413187,0