{"DriveData":[[-12737.4677734375,7.760408401489258,470.3253479003906,-0.1775701344013214,-0.0055281249806284908,-0.9840925931930542,-0.008238734677433968,0.9999575018882752,-0.004130644723773003,0.9840736389160156,0.007374198641628027,-0.17760814726352693],[-12737.4677734375,7.760365009307861,470.32568359375,-0.177570641040802,-0.005532258190214634,-0.9840925335884094,-0.00824047438800335,0.9999575018882752,-0.004134526476264,0.9840735793113709,0.007375218439847231,-0.1776086837053299],[-12737.4423828125,7.760324001312256,470.3300476074219,-0.1775711476802826,-0.0055367727763950829,-0.9840924143791199,-0.008242497220635414,0.9999574422836304,-0.004138745367527008,0.9840734601020813,0.007376456633210182,-0.17760923504829408],[-12737.3310546875,7.761241912841797,470.3501892089844,-0.17757011950016023,-0.005620509851723909,-0.984092116355896,-0.008244586177170277,0.9999570846557617,-0.004223463125526905,0.9840736389160156,0.007363471202552319,-0.17760883271694184],[-12737.0810546875,7.761282444000244,470.3951721191406,-0.1775681972503662,-0.005624531302601099,-0.9840924143791199,-0.008246468380093575,0.9999570846557617,-0.00422722427174449,0.9840739369392395,0.00736466608941555,-0.1776069551706314],[-12736.708984375,7.761112213134766,470.46221923828127,-0.17756621539592744,-0.005630530416965485,-0.9840927720069885,-0.008248339407145977,0.9999570250511169,-0.004232997540384531,0.9840742945671082,0.007365493103861809,-0.1776050329208374],[-12736.1748046875,7.761005401611328,470.55816650390627,-0.17756395041942597,-0.005637274589389563,-0.9840931296348572,-0.0082499785348773,0.9999569654464722,-0.004239571280777454,0.9840746521949768,0.007365951780229807,-0.1776028275489807],[-12735.4853515625,7.7611403465271,470.6826171875,-0.17756099998950959,-0.005642655771225691,-0.9840936064720154,-0.008251946419477463,0.9999569654464722,-0.004244706593453884,0.9840751886367798,0.007366993464529514,-0.1775999218225479],[-12734.5849609375,7.761167526245117,470.84490966796877,-0.17755870521068574,-0.00567275658249855,-0.9840938448905945,-0.008253746666014195,0.9999567866325378,-0.004274985287338495,0.9840756058692932,0.007363400887697935,-0.17759786546230317],[-12733.5732421875,7.761770248413086,471.0274963378906,-0.17755760252475739,-0.005744995549321175,-0.9840936660766602,-0.008255748078227044,0.999956488609314,-0.004348035901784897,0.9840757846832275,0.007352402433753014,-0.1775972992181778],[-12732.3720703125,7.762594699859619,471.2442932128906,-0.17755866050720216,-0.005808504298329353,-0.9840930700302124,-0.00825794879347086,0.9999561905860901,-0.0044121635146439079,0.9840755462646484,0.007343172561377287,-0.17759883403778077],[-12730.9072265625,7.7628984451293949,471.5087585449219,-0.17755790054798127,-0.005876858253031969,-0.9840928316116333,-0.008260183967649937,0.9999558329582214,-0.004481221083551645,0.984075665473938,0.007333111949265003,-0.17759861052036286],[-12729.140625,7.764159202575684,471.8276062011719,-0.17755839228630067,-0.005914574488997459,-0.9840924739837647,-0.008262073621153832,0.9999556541442871,-0.004519200883805752,0.9840756058692932,0.007328222040086985,-0.17759938538074494],[-12727.287109375,7.764764308929443,472.1621398925781,-0.17755821347236634,-0.005942696239799261,-0.9840923547744751,-0.008263951167464257,0.9999555349349976,-0.004547438584268093,0.9840756058692932,0.007325056474655867,-0.17759943008422852],[-12725.130859375,7.764569282531738,472.5511169433594,-0.17755891382694245,-0.0059696645475924019,-0.9840920567512512,-0.008265750482678414,0.9999553561210632,-0.0045745112001895908,0.9840754866600037,0.007322014309465885,-0.17760033905506135],[-12722.791015625,7.758609771728516,472.97467041015627,-0.17760223150253297,-0.005457763560116291,-0.9840872287750244,-0.008283729664981366,0.9999575018882752,-0.004050781484693289,0.9840674996376038,0.007432484533637762,-0.177639901638031],[-12720.51953125,7.759244918823242,473.38336181640627,-0.17760826647281648,-0.005480219144374132,-0.9840859770774841,-0.008275305852293969,0.9999574422836304,-0.004075073637068272,0.9840664863586426,0.00741984648630023,-0.17764607071876527],[-12718.154296875,7.761195659637451,473.81048583984377,-0.1776089370250702,-0.0056418804451823238,-0.984084963798523,-0.008275661617517472,0.9999567866325378,-0.004239273257553577,0.984066367149353,0.007391021586954594,-0.17764794826507569],[-12715.75390625,7.761251926422119,474.2437744140625,-0.17760983109474183,-0.0056602200493216518,-0.9840847253799439,-0.008276755921542645,0.9999566674232483,-0.004257704596966505,0.9840661883354187,0.007388818543404341,-0.17764897644519807],[-12713.111328125,7.765634059906006,474.72076416015627,-0.1776130050420761,-0.005741991102695465,-0.9840836524963379,-0.00828170869499445,0.9999563097953796,-0.004339875653386116,0.984065592288971,0.007379075512290001,-0.17765280604362489],[-12710.322265625,7.770106315612793,475.2243347167969,-0.1776161640882492,-0.005799095146358013,-0.9840827584266663,-0.008285298012197018,0.9999560117721558,-0.004397228825837374,0.9840649366378784,0.0073724002577364449,-0.1776563972234726],[-12707.384765625,7.773736476898193,475.7545471191406,-0.17761775851249696,-0.005840723868459463,-0.9840822219848633,-0.008286631666123867,0.9999558329582214,-0.004439276177436113,0.9840646386146545,0.007366232108324766,-0.1776583194732666],[-12704.42578125,7.777182579040527,476.2886657714844,-0.1776178777217865,-0.005859725642949343,-0.9840821027755737,-0.008287559263408184,0.9999557137489319,-0.004458415787667036,0.9840646386146545,0.007363744080066681,-0.1776585727930069],[-12701.2001953125,7.780627727508545,476.8712158203125,-0.17762058973312379,-0.005880181677639484,-0.9840814471244812,-0.00828890036791563,0.9999555945396423,-0.004478939343243837,0.9840641617774963,0.007361400872468948,-0.1776614487171173],[-12697.96484375,7.782837390899658,477.45538330078127,-0.17762121558189393,-0.00589942280203104,-0.9840812683105469,-0.008290025405585766,0.9999555349349976,-0.004498283378779888,0.984063982963562,0.007359067909419537,-0.1776622235774994],[-12694.3076171875,7.785594463348389,478.1155090332031,-0.17762210965156556,-0.005905102007091045,-0.9840810298919678,-0.008291345089673996,0.9999554753303528,-0.004503808915615082,0.9840638637542725,0.0073593794368207459,-0.1776631772518158],[-12690.6455078125,7.786607265472412,478.7764892578125,-0.17762170732021333,-0.005927462130784988,-0.984080970287323,-0.008291960693895817,0.9999553561210632,-0.004526421427726746,0.9840639233589172,0.0073559703305363659,-0.1776629388332367],[-12686.6904296875,7.790320873260498,479.49066162109377,-0.17762191593647004,-0.005939675495028496,-0.9840808510780335,-0.008292822167277336,0.9999552965164185,-0.0045386748388409618,0.9840638637542725,0.00735463947057724,-0.17766322195529939],[-12682.9833984375,7.78231143951416,480.21875,-0.1800665706396103,-0.005323211662471294,-0.9836400151252747,-0.00807857420295477,0.9999596476554871,-0.003932653460651636,0.9836212396621704,0.007238269783556461,-0.18010230362415315],[-12679.1103515625,7.768147945404053,481.3153991699219,-0.19653986394405366,-0.0049633001908659939,-0.9804832935333252,-0.006900266278535128,0.9999694228172302,-0.0036787688732147218,0.9804715514183044,0.006042571272701025,-0.196568101644516],[-12675.306640625,7.767097473144531,482.2490539550781,-0.20339126884937287,-0.004933243617415428,-0.9790850877761841,-0.006919450592249632,0.9999696016311646,-0.003601053496822715,0.9790731072425842,0.006042308174073696,-0.20341922342777253],[-12671.25390625,7.766175746917725,483.1394348144531,-0.20530258119106294,-0.004931874573230743,-0.9786860942840576,-0.006927203852683306,0.9999696016311646,-0.003585983067750931,0.978674054145813,0.006043346598744392,-0.205330491065979],[-12667.2666015625,7.7694807052612309,483.9883728027344,-0.20579779148101808,-0.004925508052110672,-0.9785821437835693,-0.006929474882781506,0.9999696016311646,-0.003575875423848629,0.9785699844360352,0.006045153364539146,-0.20582567155361176],[-12663.1884765625,7.771936416625977,484.8489990234375,-0.2059168517589569,-0.004969620145857334,-0.9785568714141846,-0.006929334253072739,0.9999694228172302,-0.0036202305927872659,0.9785449504852295,0.006035280879586935,-0.2059450000524521],[-12659.01953125,7.773857593536377,485.7268371582031,-0.2059275507926941,-0.005114291328936815,-0.9785538911819458,-0.006929384078830481,0.9999688863754273,-0.003767989808693528,0.978542685508728,0.006004842929542065,-0.2059565782546997],[-12654.9287109375,7.7760701179504398,486.5880432128906,-0.20592842996120454,-0.0051749651320278648,-0.9785533547401428,-0.006929938215762377,0.9999686479568481,-0.003829869208857417,0.9785425066947937,0.005992635153234005,-0.20595782995224],[-12650.572265625,7.778676986694336,487.5051574707031,-0.20592999458312989,-0.0052512348629534248,-0.9785526394844055,-0.006930111441761255,0.9999683499336243,-0.0039077624678611759,0.9785422086715698,0.005976753309369087,-0.20595987141132356],[-12646.1181640625,7.779629230499268,488.4426574707031,-0.20593048632144929,-0.0053200568072497849,-0.9785521626472473,-0.00693053612485528,0.9999680519104004,-0.0039779976941645149,0.9785420894622803,0.00596269965171814,-0.20596078038215638],[-12641.748046875,7.781788349151611,489.3623352050781,-0.2059336155653,-0.005342658143490553,-0.9785513877868652,-0.006931063253432512,0.9999679923057556,-0.004000963177531958,0.9785414338111877,0.0059584686532616619,-0.20596405863761903],[-12637.099609375,7.783519268035889,490.3408203125,-0.20593424141407014,-0.0053565651178359989,-0.9785511493682861,-0.006931637413799763,0.9999679327011108,-0.004015049897134304,0.9785412549972534,0.005956125445663929,-0.20596477389335633],[-12632.15625,7.786090850830078,491.380859375,-0.20593425631523133,-0.005409255623817444,-0.9785508513450623,-0.006934939883649349,0.9999676942825317,-0.00406819861382246,0.9785412549972534,0.005948410369455814,-0.2059651017189026],[-12627.5,7.785985946655273,492.3610534667969,-0.20593614876270295,-0.005452706012874842,-0.9785502552986145,-0.006939765531569719,0.9999674558639526,-0.004111572168767452,0.97854083776474,0.005944187752902508,-0.2059672772884369],[-12622.7490234375,7.787240505218506,493.3611145019531,-0.20593731105327607,-0.005474714562296867,-0.9785498976707459,-0.006943673826754093,0.9999673366546631,-0.004133232869207859,0.9785405397415161,0.0059435442090034489,-0.20596860349178315],[-12617.9013671875,7.787998676300049,494.381103515625,-0.2059369534254074,-0.00551379332318902,-0.9785497188568115,-0.006947331130504608,0.9999671578407288,-0.004172399174422026,0.9785405993461609,0.005939057562500238,-0.20596849918365479],[-12612.751953125,7.789511680603027,495.46478271484377,-0.20593546330928803,-0.005533915013074875,-0.9785498976707459,-0.006950204260647297,0.9999670386314392,-0.004192365799099207,0.9785408973693848,0.005937764886766672,-0.20596714317798615],[-12607.7138671875,7.792235851287842,496.5252990722656,-0.20593547821044923,-0.005540021229535341,-0.9785498976707459,-0.0069524385035037998,0.9999670386314392,-0.0041981348767876629,0.9785408973693848,0.005938762798905373,-0.20596720278263093],[-12602.5927734375,7.79150390625,497.6029968261719,-0.2059347778558731,-0.005551399663090706,-0.9785499572753906,-0.006953938398510218,0.9999669790267944,-0.004209451377391815,0.9785410165786743,0.00593790365383029,-0.20596657693386079],[-12596.9541015625,7.791018486022949,498.7895202636719,-0.205934539437294,-0.005608789157122374,-0.9785497188568115,-0.006955285556614399,0.9999666810035706,-0.004267814569175243,0.9785410761833191,0.005927201826125383,-0.20596668124198914],[-12591.4443359375,7.794282913208008,499.94927978515627,-0.20593586564064027,-0.005619065836071968,-0.9785493612289429,-0.0069562881253659729,0.9999666810035706,-0.004278097301721573,0.9785407781600952,0.005926057696342468,-0.20596808195114137],[-12585.845703125,7.79477596282959,501.12744140625,-0.20593497157096864,-0.0056366147473454479,-0.9785494208335877,-0.006957145407795906,0.999966561794281,-0.0042958552949130539,0.9785409569740295,0.005923244170844555,-0.20596730709075929],[-12580.390625,7.79727840423584,502.2760009765625,-0.20593523979187013,-0.005639673676341772,-0.9785493612289429,-0.006958046928048134,0.999966561794281,-0.004298789892345667,0.9785408973693848,0.005923520307987928,-0.20596759021282197],[-12574.62109375,7.795231819152832,503.49029541015627,-0.20593684911727906,-0.0056757209822535519,-0.9785488247871399,-0.006959105376154184,0.9999663829803467,-0.004335393197834492,0.9785405397415161,0.005917007103562355,-0.2059694230556488],[-12568.529296875,7.798354148864746,504.7727355957031,-0.20593751966953278,-0.005690671503543854,-0.9785485863685608,-0.006960113998502493,0.9999663233757019,-0.004350454546511173,0.9785403609275818,0.0059148878790438179,-0.20597019791603089],[-12562.822265625,7.798337459564209,505.9740905761719,-0.20593775808811189,-0.005720370914787054,-0.9785483479499817,-0.006961605045944452,0.9999661445617676,-0.004380488768219948,0.978540301322937,0.005910159554332495,-0.2059706151485443],[-12556.7919921875,7.797434329986572,507.2433776855469,-0.20593565702438355,-0.005771889351308346,-0.978548526763916,-0.006962720770388842,0.9999659061431885,-0.004432912915945053,0.9785407781600952,0.005900464951992035,-0.20596882700920106],[-12550.6748046875,7.799644947052002,508.53082275390627,-0.20593397319316865,-0.005803090054541826,-0.9785487055778503,-0.006962624378502369,0.9999657869338989,-0.004464827012270689,0.9785411357879639,0.005893807392567396,-0.20596733689308167],[-12544.4716796875,7.802278995513916,509.83642578125,-0.20593230426311494,-0.005821726750582457,-0.9785489439964294,-0.006964117754250765,0.9999657273292542,-0.004483567550778389,0.9785414338111877,0.0058914185501635078,-0.2059657871723175],[-12538.1806640625,7.799907684326172,511.16064453125,-0.20593149960041047,-0.005867930129170418,-0.9785488247871399,-0.006966404151171446,0.999965488910675,-0.0045303055085241798,0.9785416126251221,0.005884033627808094,-0.20596526563167573],[-12531.80078125,7.803912162780762,512.5031127929688,-0.20593072474002839,-0.005880899727344513,-0.9785488843917847,-0.006966764107346535,0.9999654293060303,-0.0045434883795678619,0.9785417914390564,0.005881675519049168,-0.2059645652770996],[-12525.3359375,7.801149845123291,513.8638916015625,-0.205931156873703,-0.005925566423684359,-0.978548526763916,-0.006968056317418814,0.9999651908874512,-0.004588858224451542,0.9785416722297669,0.00587359257042408,-0.20596528053283692],[-12518.521484375,7.804335117340088,515.29833984375,-0.20593254268169404,-0.005946642719209194,-0.9785481095314026,-0.006969616748392582,0.9999650716781616,-0.004610058851540089,0.978541374206543,0.0058707441203296188,-0.2059668004512787],[-12511.8798828125,7.803406238555908,516.696044921875,-0.20593053102493287,-0.005980402231216431,-0.9785483479499817,-0.0069704968482255939,0.9999648928642273,-0.004644384142011404,0.9785417914390564,0.005864547565579414,-0.20596499741077424],[-12505.154296875,7.805599212646484,518.1112670898438,-0.20593059062957765,-0.005980829242616892,-0.9785483479499817,-0.006970633752644062,0.9999648928642273,-0.004644791129976511,0.9785417914390564,0.005864597391337156,-0.205965057015419],[-12498.34375,7.80696964263916,519.5444946289063,-0.20593002438545228,-0.005981752648949623,-0.9785484075546265,-0.006971230264753103,0.9999648928642273,-0.004645613022148609,0.978541910648346,0.005865015089511871,-0.20596449077129365],[-12491.1728515625,7.806806564331055,521.0556030273438,-0.20595288276672364,-0.006008922588080168,-0.9785434603691101,-0.006957509089261293,0.9999648332595825,-0.004676125943660736,0.9785372018814087,0.005845163483172655,-0.20598745346069337],[-12484.2470703125,7.805944442749023,522.829833984375,-0.2190294861793518,-0.0058071124367415909,-0.9757009744644165,-0.004821624606847763,0.9999765157699585,-0.004869215190410614,0.9757063388824463,0.0036379618104547264,-0.21905234456062318],[-12477.462890625,7.781557559967041,525.4439697265625,-0.263131320476532,-0.0022900125477463009,-0.9647573232650757,0.005285657476633787,0.99997878074646,-0.003815245348960161,0.9647455215454102,-0.006103287450969219,-0.2631136178970337],[-12470.7900390625,7.7587103843688969,528.7838134765625,-0.32122695446014407,0.0012112570693716407,-0.9470014572143555,0.012526017613708973,0.9999171495437622,-0.0029699404258280994,0.9469193816184998,-0.01281618233770132,-0.32121551036834719],[-12465.025390625,7.750110626220703,532.52880859375,-0.38684284687042239,0.003742076689377427,-0.9221380352973938,0.01773817092180252,0.9998369216918945,-0.003383894683793187,0.9219750165939331,-0.017666077241301538,-0.3868461549282074],[-12459.392578125,7.755615234375,537.4080810546875,-0.4724864959716797,0.007313747890293598,-0.8813075423240662,0.022428613156080247,0.9997414946556091,-0.003727823728695512,0.8810524940490723,-0.02152785286307335,-0.4725283980369568],[-12454.3193359375,7.735116004943848,542.8863525390625,-0.5560925602912903,0.010396560654044152,-0.8310553431510925,0.02251914143562317,0.9997431039810181,-0.002561605302616954,0.8308152556419373,-0.020139142870903016,-0.5561838150024414],[-12449.3994140625,7.675420761108398,548.4580078125,-0.6170768737792969,0.013642968609929085,-0.7867845892906189,0.0222784411162138,0.9997518062591553,-0.00013717773254029453,0.7865874171257019,-0.017612984403967859,-0.6172276735305786],[-12444.65625,7.714453220367432,554.1640014648438,-0.6646085381507874,0.013348544016480446,-0.7470725178718567,0.022717414423823358,0.9997391700744629,-0.002346660243347287,0.7468463182449341,-0.01853116601705551,-0.6647384166717529],[-12440.5771484375,7.760395050048828,560.087158203125,-0.7147425413131714,0.013796189799904824,-0.6992515921592712,0.022868990898132325,0.9997317790985107,-0.003650976810604334,0.6990136504173279,-0.018600687384605409,-0.7148663401603699],[-12437.0634765625,7.752325534820557,566.7042846679688,-0.7717658281326294,0.01575862057507038,-0.6357115507125855,0.022777240723371507,0.9997364282608032,-0.0028695857618004085,0.6354987621307373,-0.01669440232217312,-0.7719213962554932],[-12434.6025390625,7.751903533935547,573.454833984375,-0.8298690915107727,0.017041202634572984,-0.5576978325843811,0.022539086639881135,0.9997414946556091,-0.002990318462252617,0.5575027465820313,-0.01505157258361578,-0.8300386667251587],[-12433.1044921875,7.750003814697266,580.4556884765625,-0.8852713704109192,0.018636591732501985,-0.4647012948989868,0.0225465539842844,0.9997417330741882,-0.0028578373603522779,0.46452799439430239,-0.013007374480366707,-0.8854628801345825],[-12432.5859375,7.741885185241699,587.5747680664063,-0.9331559538841248,0.020273294299840928,-0.35889965295791628,0.022684402763843538,0.9997395277023315,-0.0025078635662794115,0.35875532031059267,-0.010481651872396469,-0.9333727955818176],[-12432.8740234375,7.753901958465576,594.385986328125,-0.9672073721885681,0.021646887063980104,-0.2530639171600342,0.02319900132715702,0.999725878238678,-0.003150549251586199,0.2529263496398926,-0.008918064646422863,-0.9674444198608398],[-12433.9638671875,7.740686416625977,601.6484985351563,-0.9901533722877502,0.022731322795152665,-0.13812892138957978,0.023330967873334886,0.9997240900993347,-0.0027234444860368969,0.13802890479564668,-0.0059193093329668049,-0.9904105067253113],[-12435.75,7.716043949127197,608.7417602539063,-0.999355673789978,0.023269062861800195,-0.02732679434120655,0.023332346230745317,0.9997257590293884,-0.0019991884473711254,0.02727278135716915,-0.002635498531162739,-0.9996245503425598],[-12437.8369140625,7.6770243644714359,615.4285888671875,-0.9976698756217957,0.023388853296637536,0.06409154832363129,0.023391850292682649,0.9997261166572571,-0.0007037298055365682,-0.06409045308828354,0.000797129818238318,-0.9979437589645386],[-12439.7578125,7.713585376739502,622.0848999023438,-0.9921213984489441,0.021726081147789956,0.12338178604841232,0.021653633564710618,0.9997636675834656,-0.0019282798748463393,-0.12339451909065247,0.0007585760904476047,-0.9923574328422546],[-12441.1181640625,7.775982856750488,628.8070678710938,-0.9898822903633118,0.01216993760317564,0.1413680464029312,0.011732676066458226,0.9999234676361084,-0.003926190081983805,-0.14140500128269196,-0.002227840945124626,-0.9899493455886841],[-12442.2099609375,7.76905632019043,635.6209106445313,-0.9894605875015259,0.005971113685518503,0.14467936754226685,0.005530809052288532,0.99997878074646,-0.0034453393891453745,-0.14469687640666963,-0.0026088333688676359,-0.9894725680351257],[-12443.2734375,7.767983436584473,642.7930908203125,-0.9893622398376465,0.005936446599662304,0.14535173773765565,0.005496937781572342,0.9999790191650391,-0.0034252062905579807,-0.1453690230846405,-0.0025897803716361524,-0.9893741011619568],[-12444.1171875,7.782608985900879,650.054443359375,-0.9906806349754334,0.005282914265990257,0.13610298931598664,0.0047417497262358669,0.9999794960021973,-0.004300026223063469,-0.1361229121685028,-0.003614586079493165,-0.9906853437423706],[-12444.7861328125,7.781974792480469,657.1190795898438,-0.9922245144844055,0.005086220800876617,0.12435684353113175,0.004638375248759985,0.999981701374054,-0.003890558611601591,-0.12437435239553452,-0.003283493919298053,-0.9922299385070801],[-12445.623046875,7.779176712036133,664.2546997070313,-0.99253249168396,0.0051323422230780128,0.12187264114618302,0.004686645232141018,0.9999812245368958,-0.0039434488862752918,-0.1218905970454216,-0.0033428275492042305,-0.9925379157066345],[-12446.46484375,7.775815010070801,671.1749877929688,-0.9926102161407471,0.005156528204679489,0.12123692780733109,0.004676265642046928,0.9999800324440002,-0.004245539661496878,-0.12125640362501145,-0.003647230099886656,-0.9926145076751709],[-12447.384765625,7.776220321655273,678.75390625,-0.9926354289054871,0.005028808023780584,0.12103543430566788,0.004568949341773987,0.9999812245368958,-0.004076594486832619,-0.12105366587638855,-0.003493567230179906,-0.9926398396492004],[-12448.2900390625,7.778153896331787,686.1150512695313,-0.9926443099975586,0.005158108193427324,0.12095750868320465,0.004698208067566156,0.999980628490448,-0.004087043926119804,-0.12097623944282532,-0.0034886973444372417,-0.992649257183075],[-12449.201171875,7.781485080718994,693.550537109375,-0.9926506280899048,0.0050132256001234058,0.12091156840324402,0.004558884538710117,0.9999814629554749,-0.004033967386931181,-0.1209295466542244,-0.0034530984703451397,-0.9926550984382629],[-12450.169921875,7.775971412658691,701.3613891601563,-0.9926256537437439,0.005048192571848631,0.12111504375934601,0.004588963929563761,0.999981164932251,-0.004070298746228218,-0.12113331258296967,-0.0034844905603677036,-0.992630124092102],[-12451.560546875,7.78432559967041,708.902587890625,-0.9900856018066406,0.005603514611721039,0.14035367965698243,0.0050684078596532349,0.9999784827232361,-0.004169725347310305,-0.14037403464317323,-0.0034170150756835939,-0.9900926351547241],[-12453.55859375,7.773244857788086,716.41845703125,-0.9842145442962647,0.006149541586637497,0.17687249183654786,0.005611343774944544,0.9999780058860779,-0.003542891703546047,-0.17689038813114167,-0.0024944732431322338,-0.9842274188995361],[-12455.2548828125,7.782625675201416,724.0138549804688,-0.9819488525390625,0.006125683896243572,0.1890474557876587,0.00537312775850296,0.9999754428863525,-0.004493036773055792,-0.18907034397125245,-0.003396156243979931,-0.9819576740264893],[-12456.8564453125,7.769270896911621,732.0072021484375,-0.9815322160720825,0.006029585376381874,0.19120171666145326,0.00535229267552495,0.9999774694442749,-0.004058547783643007,-0.19122187793254853,-0.0029602281283587219,-0.9815423488616943],[-12458.3857421875,7.773341655731201,739.7661743164063,-0.9814289212226868,0.006028999108821154,0.1917315274477005,0.005385088734328747,0.9999779462814331,-0.003879302879795432,-0.1917506903409958,-0.0027747685089707376,-0.9814397692680359],[-12459.986328125,7.77176570892334,747.9090576171875,-0.9814116358757019,0.006127433851361275,0.19181685149669648,0.005476276855915785,0.9999772906303406,-0.003924646880477667,-0.19183655083179475,-0.0028012520633637907,-0.9814229011535645],[-12461.5966796875,7.771832466125488,756.1268310546875,-0.9814168214797974,0.006154180038720369,0.19178937375545503,0.005481048487126827,0.9999768137931824,-0.00404007826000452,-0.19180980324745179,-0.0029137935489416124,-0.981427788734436],[-12463.154296875,7.770986080169678,764.1007690429688,-0.98142409324646,0.005992694292217493,0.19175729155540467,0.005337217357009649,0.9999780058860779,-0.003934602718800306,-0.19177664816379548,-0.002838063519448042,-0.9814344644546509],[-12464.732421875,7.771894931793213,772.1433715820313,-0.9814095497131348,0.006027816794812679,0.19183045625686646,0.005363049916923046,0.999977707862854,-0.003984422422945499,-0.1918502002954483,-0.0028815539553761484,-0.9814199805259705],[-12466.318359375,7.771176815032959,780.25390625,-0.9814192652702332,0.006073822267353535,0.19177936017513276,0.005375903099775314,0.9999768733978272,-0.004159296862781048,-0.19180019199848176,-0.003051026724278927,-0.9814292788505554],[-12467.8564453125,7.776578903198242,788.1034545898438,-0.9814333319664002,0.006098034791648388,0.19170647859573365,0.005424635484814644,0.9999771118164063,-0.004037303384393454,-0.1917267143726349,-0.0029224061872810127,-0.9814440011978149],[-12469.5380859375,7.776543140411377,796.6782836914063,-0.9814637303352356,0.006242922507226467,0.19154636561870576,0.005519547499716282,0.9999755024909973,-0.00430983817204833,-0.19156856834888459,-0.003172700759023428,-0.9814741015434265],[-12471.1650390625,7.775111675262451,804.9927368164063,-0.9814742207527161,0.006268154364079237,0.19149164855480195,0.005557758267968893,0.9999755620956421,-0.004246683791279793,-0.19151358306407929,-0.0031037461012601854,-0.9814850687980652],[-12472.7373046875,7.780433654785156,813.036865234375,-0.9814875721931458,0.006257531698793173,0.19142355024814607,0.005546343047171831,0.9999755620956421,-0.004250846337527037,-0.1914454847574234,-0.003110452089458704,-0.9814983010292053],[-12474.380859375,7.767170429229736,821.4087524414063,-0.9814566373825073,0.006148730870336294,0.19158564507961274,0.005562726873904467,0.9999780654907227,-0.003596410620957613,-0.19160355627536775,-0.002463982440531254,-0.9814693331718445],[-12475.9990234375,7.767260551452637,829.6878051757813,-0.9814742803573608,0.006209497805684805,0.19149327278137208,0.00555931543931365,0.9999768137931824,-0.0039324043318629269,-0.19151325523853303,-0.002794981934130192,-0.9814860224723816],[-12477.62890625,7.776007652282715,838.0137939453125,-0.9814649224281311,0.006314052734524012,0.1915379762649536,0.005616530776023865,0.9999754428863525,-0.0041843922808766369,-0.19155970215797425,-0.003031055210158229,-0.9814763069152832],[-12479.2685546875,7.772570610046387,846.3944702148438,-0.981451690196991,0.006359895225614309,0.19160400331020356,0.005626322235912085,0.9999746084213257,-0.0043724048882722858,-0.19162695109844209,-0.0032132784835994245,-0.9814625978469849],[-12480.921875,7.777388572692871,854.83447265625,-0.9814320802688599,0.006343971472233534,0.19170500338077546,0.00560228293761611,0.9999746084213257,-0.004410680383443832,-0.1917281150817871,-0.003254797775298357,-0.9814426898956299],[-12482.5859375,7.778374671936035,863.3330688476563,-0.981427788734436,0.006322410888969898,0.19172775745391847,0.005579052492976189,0.9999746680259705,-0.004416749347001314,-0.19175082445144654,-0.003265061415731907,-0.9814382195472717],[-12484.2646484375,7.771108627319336,871.89111328125,-0.9814391732215881,0.006421958561986685,0.19166602194309236,0.0056856609880924229,0.9999741911888123,-0.004391295835375786,-0.19168928265571595,-0.003220041748136282,-0.9814503788948059],[-12485.9541015625,7.773246765136719,880.5076904296875,-0.9814537763595581,0.006541504058986902,0.19158732891082765,0.005799824837595224,0.9999733567237854,-0.00443176319822669,-0.19161121547222138,-0.0032383978832513096,-0.9814655780792236],[-12487.580078125,7.772627830505371,888.8359985351563,-0.9814688563346863,0.006498647853732109,0.1915115863084793,0.005801934748888016,0.9999743700027466,-0.004198508802801371,-0.19153396785259248,-0.0030095677357167007,-0.9814813733100891],[-12489.216796875,7.772746562957764,897.216796875,-0.9814993143081665,0.006521573755890131,0.19135451316833497,0.005791640840470791,0.9999736547470093,-0.0043736109510064129,-0.19137799739837647,-0.003184439381584525,-0.9815112352371216],[-12491.0029296875,7.77395486831665,906.3561401367188,-0.9815385341644287,0.006588704884052277,0.19115111231803895,0.005889955908060074,0.999973714351654,-0.004223429597914219,-0.19117391109466554,-0.003019587369635701,-0.9815515279769898],[-12492.728515625,7.7766923904418949,915.2025146484375,-0.9815700054168701,0.006717339623719454,0.19098487496376038,0.006004482973366976,0.9999727010726929,-0.00431100046262145,-0.19100861251354218,-0.0030847834423184397,-0.9815835356712341],[-12494.4482421875,7.863587379455566,924.0923461914063,-0.981628954410553,0.007472266908735037,0.19065338373184205,0.006011517718434334,0.9999479651451111,-0.008239024318754673,-0.19070503115653993,-0.006941549014300108,-0.9816228151321411],[-12496.251953125,8.057367324829102,933.386474609375,-0.9816281199455261,0.009110887534916401,0.1905864030122757,0.005956945940852165,0.9998357892036438,-0.017114996910095216,-0.19071103632450105,-0.015665249899029733,-0.9815211892127991],[-12497.9990234375,8.227295875549317,942.4073486328125,-0.9815360307693481,0.010102536529302597,0.1910102665424347,0.005969518329948187,0.9997357130050659,-0.02220074087381363,-0.19118407368659974,-0.02065058797597885,-0.9813369512557983],[-12499.763671875,8.38841438293457,951.5093994140625,-0.9815852642059326,0.01005144976079464,0.1907598227262497,0.006007739808410406,0.9997450709342957,-0.021764427423477174,-0.19092994928359986,-0.02021760679781437,-0.981395423412323],[-12501.54296875,8.551264762878418,960.6817016601563,-0.9816073775291443,0.010059619322419167,0.1906455159187317,0.006033438257873058,0.9997466206550598,-0.021687380969524385,-0.19081537425518037,-0.020138245075941087,-0.9814193248748779],[-12503.3388671875,8.718204498291016,969.9236450195313,-0.9816170930862427,0.010136883705854416,0.19059154391288758,0.006097050849348307,0.9997444152832031,-0.021770762279629709,-0.19076351821422578,-0.020208505913615228,-0.9814279675483704],[-12505.2158203125,8.889474868774414,979.6102905273438,-0.9816321730613709,0.010139832273125649,0.1905137300491333,0.0060676103457808498,0.999740719795227,-0.021946147084236146,-0.19068686664104463,-0.020387079566717149,-0.9814391732215881],[-12507.033203125,9.060894012451172,988.9965209960938,-0.9816528558731079,0.010169553570449353,0.19040535390377046,0.00608373899012804,0.9997387528419495,-0.022030776366591455,-0.19057965278625489,-0.020468197762966157,-0.981458306312561],[-12508.9384765625,9.229238510131836,998.8302001953125,-0.9816927909851074,0.010214892216026783,0.1901971697807312,0.006113325245678425,0.9997361898422241,-0.022139083594083787,-0.19037313759326936,-0.020571041852235795,-0.981496274471283],[-12510.783203125,9.398545265197754,1008.354248046875,-0.9817265868186951,0.010294127278029919,0.19001832604408265,0.006163516081869602,0.9997319579124451,-0.02231616899371147,-0.19019711017608643,-0.020737195387482644,-0.9815269112586975],[-12512.7099609375,9.571457862854004,1018.3307495117188,-0.981751561164856,0.01031055860221386,0.18988831341266633,0.006155550945550203,0.9997288584709168,-0.022458156570792199,-0.19006837904453278,-0.020879462361335756,-0.9815487861633301],[-12514.5009765625,9.745698928833008,1027.6038818359376,-0.981769859790802,0.010326173156499863,0.18979285657405854,0.006162769626826048,0.9997275471687317,-0.02251369133591652,-0.1899736374616623,-0.020933613181114198,-0.9815660119056702],[-12516.3046875,9.908894538879395,1036.9383544921876,-0.9817789196968079,0.010344416834414006,0.18974506855010987,0.0061714849434792999,0.9997262358665466,-0.02257002331316471,-0.18992659449577332,-0.02098776400089264,-0.9815739393234253],[-12518.26953125,10.088618278503418,1047.1168212890626,-0.981784462928772,0.010327749885618687,0.1897171288728714,0.00615297956392169,0.9997260570526123,-0.02258109673857689,-0.18989837169647218,-0.02100244350731373,-0.981579065322876],[-12520.0966796875,10.258901596069336,1056.572998046875,-0.9818003177642822,0.010307393968105317,0.18963634967803956,0.006170827429741621,0.9997302293777466,-0.022390717640519143,-0.18981598317623139,-0.020812999457120897,-0.9815990328788757],[-12522.083984375,10.436920166015625,1066.8822021484376,-0.981813907623291,0.010348341427743435,0.18956348299980164,0.006200133822858334,0.9997284412384033,-0.022462943568825723,-0.18974445760250092,-0.0208791121840477,-0.9816114902496338],[-12524.087890625,10.619852066040039,1077.2559814453126,-0.9818406105041504,0.01042112335562706,0.18942119181156159,0.006254854612052441,0.9997254610061646,-0.022579269483685495,-0.1896044909954071,-0.02098444104194641,-0.9816362857818604],[-12525.947265625,10.782100677490235,1086.890625,-0.981854259967804,0.010385243222117424,0.18935245275497437,0.006245811935514212,0.9997285604476929,-0.02244463935494423,-0.18953415751457215,-0.020854705944657327,-0.9816526174545288],[-12527.9775390625,10.881927490234375,1097.401123046875,-0.9818520545959473,0.009527201764285565,0.18940913677215577,0.006266579497605562,0.9998218417167664,-0.017806164920330049,-0.18954503536224366,-0.01629607193171978,-0.9817367792129517],[-12529.931640625,10.95478630065918,1107.5626220703126,-0.9819126129150391,0.008700203150510788,0.18913483619689942,0.006262402981519699,0.9998894929885864,-0.013483025133609772,-0.18923123180866242,-0.012054713442921639,-0.9818585515022278],[-12531.5732421875,11.026508331298829,1117.7969970703126,-0.9842935800552368,0.00835228431969881,0.17634157836437226,0.006143401376903057,0.9998957514762878,-0.01306840218603611,-0.17643234133720399,-0.01177980750799179,-0.9842422604560852],[-12532.6650390625,10.997132301330567,1128.546630859375,-0.9894757270812988,0.004209498409181833,0.14463764429092408,0.0033049017656594517,0.999973475933075,-0.006493930239230394,-0.14466114342212678,-0.005947573110461235,-0.9894633889198303],[-12532.8310546875,11.019713401794434,1138.888916015625,-0.9958181381225586,-0.00738318869844079,0.09105896949768067,-0.007677201647311449,0.9999663829803467,-0.002878967672586441,-0.0910346582531929,-0.0035660064313560726,-0.9958413243293762],[-12531.982421875,10.965002059936524,1149.5423583984376,-0.9995991587638855,-0.020783497020602227,0.01922556944191456,-0.020816296339035035,0.9997822046279907,-0.0015074057737365366,-0.019190052524209024,-0.0019070066045969725,-0.9998140335083008],[-12530.212890625,10.79663372039795,1159.58251953125,-0.9972693920135498,-0.0327201783657074,-0.066205695271492,-0.03296258673071861,0.9994533061981201,0.002572121098637581,0.0660853385925293,0.00474740844219923,-0.9978026747703552],[-12527.427734375,10.728338241577149,1169.738525390625,-0.984969973564148,-0.041155289858579639,-0.1677510291337967,-0.04271572828292847,0.9990710020065308,0.005702804308384657,0.16736048460006715,0.01278269849717617,-0.9858129024505615],[-12523.7216796875,10.591490745544434,1179.5015869140626,-0.961463212966919,-0.04110443592071533,-0.2718436121940613,-0.044793032109737399,0.9989690780639648,0.007374796085059643,0.27126023173332217,0.01926729455590248,-0.962313175201416],[-12519.37109375,10.315091133117676,1188.419677734375,-0.9287695288658142,-0.04059045389294624,-0.3684285581111908,-0.04984177276492119,0.998634934425354,0.01562440674751997,0.3672914206981659,0.03287460654973984,-0.9295247793197632],[-12514.009765625,10.131729125976563,1197.007080078125,-0.8831825852394104,-0.05262169986963272,-0.4660680592060089,-0.06790342926979065,0.9975628852844238,0.016044164076447488,0.46408793330192568,0.0458175465464592,-0.8846033811569214],[-12508.173828125,9.933201789855957,1204.6239013671876,-0.8313508033752441,-0.0655052661895752,-0.5518739819526672,-0.08938363939523697,0.9958615303039551,0.016443954780697824,0.548512876033783,0.06299920380115509,-0.8337653875350952],[-12501.986328125,9.647340774536133,1211.3179931640626,-0.7757325172424316,-0.07448592782020569,-0.6266505718231201,-0.10916218906641007,0.9938786625862122,0.016996214166283609,0.6215486526489258,0.08159106224775315,-0.7791150212287903],[-12494.6484375,9.458649635314942,1217.86376953125,-0.708371639251709,-0.08723069727420807,-0.7004287838935852,-0.1387932449579239,0.9901745915412903,0.017051812261343004,0.692059338092804,0.10929380357265473,-0.7135185599327087],[-12486.8232421875,9.286861419677735,1223.7464599609376,-0.6378446817398071,-0.08336452394723892,-0.7656399607658386,-0.14854353666305543,0.9887749552726746,0.016089746728539468,0.7557042837142944,0.12399362772703171,-0.6430680751800537],[-12478.5048828125,9.279318809509278,1228.672119140625,-0.5575268864631653,-0.07707957923412323,-0.8265727758407593,-0.15057869255542756,0.988553524017334,0.00938135664910078,0.8163883090019226,0.1296945959329605,-0.5627517104148865],[-12470.560546875,9.16650390625,1232.462158203125,-0.48096683621406557,-0.06603890657424927,-0.8742480874061585,-0.15233607590198518,0.9882863759994507,0.009154438972473145,0.8634029030799866,0.13758251070976258,-0.48539307713508608],[-12462.4267578125,9.11981201171875,1235.3956298828126,-0.39930790662765505,-0.05600038543343544,-0.9151049852371216,-0.1532796174287796,0.9881620407104492,0.006412718910723925,0.9039129018783569,0.1428276002407074,-0.40316465497016909],[-12453.4384765625,9.096420288085938,1237.6099853515626,-0.30481427907943728,-0.04422618821263313,-0.951384425163269,-0.15346981585025788,0.988148033618927,0.0032350399997085335,0.939965546131134,0.14699487388134004,-0.3079890012741089],[-12445.083984375,9.10816478729248,1239.1710205078126,-0.22718705236911775,-0.034275028854608539,-0.973247766494751,-0.1527925580739975,0.988257884979248,0.0008630102383904159,0.9617902636528015,0.1489010900259018,-0.22975637018680573],[-12436.69921875,9.060532569885254,1240.7550048828126,-0.18079477548599244,-0.02581508830189705,-0.9831820130348206,-0.14330248534679414,0.9896788597106934,0.0003658462956082076,0.9730250239372253,0.14095856249332429,-0.18262813985347749],[-12427.537109375,9.104804039001465,1242.5086669921876,-0.16205263137817384,-0.026157116517424585,-0.9864353537559509,-0.13792318105697633,0.9904363751411438,-0.0036050460767000915,0.9770957827568054,0.13546809554100038,-0.1641104817390442],[-12418.2763671875,9.132081985473633,1244.0897216796876,-0.15665507316589356,-0.02401844598352909,-0.9873613119125366,-0.13203099370002747,0.9912405610084534,-0.0031647300347685816,0.9787885546684265,0.12986652553081513,-0.158454030752182],[-12409.29296875,9.15834903717041,1245.5482177734376,-0.15814779698848725,-0.025182466953992845,-0.9870942831039429,-0.12665638327598573,0.9919340014457703,-0.005013620480895042,0.9792585968971252,0.12422889471054077,-0.16006170213222505],[-12400.61328125,9.189397811889649,1246.9244384765626,-0.15909390151500703,-0.025937242433428766,-0.9869226813316345,-0.11995310336351395,0.9927566051483154,-0.006753884255886078,0.9799491763114929,0.11730993539094925,-0.16105276346206666],[-12391.5498046875,9.20083236694336,1248.6845703125,-0.17363658547401429,-0.024946516379714013,-0.9844937920570374,-0.10504203289747238,0.9944453835487366,-0.0066722696647048,0.979191780090332,0.10225468128919602,-0.17529253661632539],[-12382.5341796875,9.250859260559082,1250.95947265625,-0.20506538450717927,-0.022047707810997964,-0.9784998893737793,-0.07807058840990067,0.9969291687011719,-0.006101612001657486,0.9756296277046204,0.07514083385467529,-0.20615693926811219],[-12373.353515625,9.2972993850708,1254.11962890625,-0.2616061270236969,-0.013763180002570153,-0.9650765657424927,-0.029796216636896135,0.99953693151474,-0.00617767870426178,0.9647147059440613,0.027139510959386827,-0.2618950605392456],[-12364.2919921875,9.309989929199219,1257.6513671875,-0.30939945578575137,0.0006840056157670915,-0.9509319067001343,0.015706399455666543,0.9998670220375061,-0.004391099791973829,