{"DriveData":[[-12694.8935546875,7.768307209014893,455.079833984375,-0.16809511184692384,-0.004426553845405579,-0.9857608675956726,0.0008159826975315809,0.9999889731407166,-0.0046295891515910629,0.9857704639434815,-0.0015825751470401884,-0.16808964312076569],[-12691.3017578125,7.774166107177734,455.6922607421875,-0.16809514164924622,-0.004427464213222265,-0.9857608079910278,0.0008157899719662964,0.9999889731407166,-0.004630479495972395,0.9857704639434815,-0.0015825348673388363,-0.16808967292308808],[-12687.427734375,7.774730682373047,456.35308837890627,-0.16809430718421937,-0.004380234982818365,-0.9857611656188965,0.0008129269699566066,0.9999891519546509,-0.004582079127430916,0.985770583152771,-0.0015715733170509339,-0.16808892786502839],[-12683.595703125,7.766971588134766,457.0051574707031,-0.16808652877807618,-0.0038752674590796234,-0.9857646226882935,0.0008068011375144124,0.9999914169311523,-0.004068766720592976,0.985771894454956,-0.0014792209258303047,-0.16808195412158967],[-12679.759765625,7.767388343811035,457.6567077636719,-0.16797971725463868,-0.004032675642520189,-0.9857822060585022,0.0008096268284134567,0.999990701675415,-0.004228763282299042,0.9857901334762573,-0.0015084621263667942,-0.16797488927841187],[-12675.681640625,7.769402980804443,458.3518371582031,-0.16797666251659394,-0.004053904674947262,-0.9857826232910156,0.0008067425223998725,0.9999906420707703,-0.004249801859259605,0.9857906699180603,-0.001509140245616436,-0.16797181963920594],[-12671.833984375,7.7708330154418949,459.0075378417969,-0.16797715425491334,-0.004060725681483746,-0.9857825040817261,0.0008071176707744598,0.9999906420707703,-0.004256785847246647,0.9857905507087708,-0.001510685309767723,-0.16797229647636414],[-12667.4150390625,7.771031856536865,459.7606201171875,-0.1679757535457611,-0.004092034418135881,-0.9857826232910156,0.0008074570796452463,0.9999904632568359,-0.0042886012233793739,0.9857907891273499,-0.0015163582284003497,-0.16797085106372834],[-12663.236328125,7.772915840148926,460.47265625,-0.16797563433647157,-0.004112008959054947,-0.9857825636863709,0.000807790900580585,0.9999904036521912,-0.004308920353651047,0.9857907891273499,-0.0015200997004285455,-0.1679706871509552],[-12658.9755859375,7.774543285369873,461.19873046875,-0.1679755449295044,-0.00412582466378808,-0.9857825040817261,0.0008082044078037143,0.9999903440475464,-0.004323005210608244,0.9857908487319946,-0.0015228729462251068,-0.16797058284282685],[-12654.8056640625,7.774569511413574,461.90924072265627,-0.16797511279582978,-0.0041587078012526039,-0.9857824444770813,0.000808824086561799,0.9999901652336121,-0.004356467165052891,0.9857909083366394,-0.0015291026793420315,-0.16797009110450746],[-12650.37890625,7.776289939880371,462.6634521484375,-0.16797590255737306,-0.0041861035861074928,-0.9857822060585022,0.0008091076160781086,0.9999900460243225,-0.004384307656437159,0.9857907891273499,-0.001534061972051859,-0.16797085106372834],[-12646.0517578125,7.777801990509033,463.4009704589844,-0.16797490417957307,-0.0041998205706477169,-0.9857823252677918,0.0008089963812381029,0.9999899864196777,-0.004398202057927847,0.9857909679412842,-0.0015362818958237768,-0.16796983778476716],[-12641.458984375,7.778024673461914,464.1835021972656,-0.16797609627246858,-0.004214199259877205,-0.9857820868492127,0.0008093309006653726,0.999989926815033,-0.004412846639752388,0.9857907295227051,-0.001539076678454876,-0.16797100007534028],[-12636.7822265625,7.779114246368408,464.9805603027344,-0.16797645390033723,-0.004230109509080648,-0.9857819080352783,0.0008094601216726005,0.9999898672103882,-0.004429008811712265,0.9857906699180603,-0.0015419203555211425,-0.16797132790088654],[-12632.017578125,7.779801368713379,465.7922668457031,-0.16797710955142976,-0.004257402382791042,-0.985781729221344,0.0008094389922916889,0.9999897480010986,-0.00445669237524271,0.9857905507087708,-0.0015465524047613145,-0.16797193884849549],[-12627.3623046875,7.781569480895996,466.58551025390627,-0.16797693073749543,-0.004272226244211197,-0.9857816696166992,0.0008096049423329532,0.9999896883964539,-0.004471757914870977,0.9857906103134155,-0.0015492459060624242,-0.16797174513339997],[-12622.4287109375,7.782468795776367,467.42626953125,-0.16797934472560883,-0.004302477929741144,-0.9857811331748962,0.0008097945828922093,0.9999895095825195,-0.004502481780946255,0.9857901930809021,-0.0015546041540801526,-0.1679740995168686],[-12617.203125,7.781032085418701,468.3170471191406,-0.16798269748687745,-0.004344779532402754,-0.9857803583145142,0.0008098087273538113,0.9999893307685852,-0.004545401316136122,0.9857895970344544,-0.0015618422767147422,-0.16797737777233125],[-12612.2919921875,7.785531044006348,469.1540222167969,-0.16798359155654908,-0.0043474300764501099,-0.9857801795005798,0.0008097073296085,0.9999893307685852,-0.004548074211925268,0.9857894778251648,-0.0015621952479705215,-0.16797827184200288],[-12606.67578125,7.785627841949463,470.20269775390627,-0.1716252863407135,-0.004116203635931015,-0.9851536750793457,0.0009278610232286155,0.9999901652336121,-0.004339837934821844,0.9851618409156799,-0.0016589115839451552,-0.17161977291107179],[-12601.6826171875,7.778780937194824,471.6970520019531,-0.1974029690027237,-0.003754893084987998,-0.9803152680397034,0.0015087935607880355,0.9999903440475464,-0.004134075250476599,0.9803212881088257,-0.0022951720748096706,-0.19739539921283723],[-12596.2373046875,7.775239944458008,473.50848388671877,-0.2258640080690384,-0.0032583088614046575,-0.9741533994674683,0.0013034020084887744,0.9999924898147583,-0.0036469369661062958,0.974157989025116,-0.002093425253406167,-0.22585806250572205],[-12590.8662109375,7.7858757972717289,474.89971923828127,-0.23136399686336518,-0.0038296023849397899,-0.9728597402572632,0.0010476423194631935,0.999990701675415,-0.004185550380498171,0.9728667140007019,-0.0019875946454703809,-0.23135782778263093],[-12585.177734375,7.783656120300293,476.2935791015625,-0.23291245102882386,-0.0038614426739513876,-0.9724900126457214,0.0010219616815447808,0.9999905824661255,-0.004215399269014597,0.9724971652030945,-0.0019756664987653496,-0.232906311750412],[-12579.6220703125,7.785583019256592,477.63751220703127,-0.2334166020154953,-0.003854092676192522,-0.9723691940307617,0.0010153645416721702,0.9999906420707703,-0.004207311198115349,0.97237628698349,-0.0019693654030561449,-0.23341050744056703],[-12573.98046875,7.78309440612793,478.993896484375,-0.23349112272262574,-0.0038750136736780407,-0.9723511934280396,0.001013847184367478,0.9999905228614807,-0.004228617530316114,0.9723584055900574,-0.001973160309717059,-0.23348498344421388],[-12568.486328125,7.784030914306641,480.31329345703127,-0.23349472880363465,-0.0038838551845401527,-0.9723502993583679,0.0010126532288268209,0.9999905228614807,-0.004237431101500988,0.9723575115203857,-0.0019740716088563205,-0.23348857462406159],[-12562.447265625,7.782327651977539,481.76336669921877,-0.23349566757678986,-0.003930921200662851,-0.9723498821258545,0.0010072528384625912,0.9999902844429016,-0.004284540191292763,0.9723573327064514,-0.0019798236899077894,-0.23348945379257203],[-12556.31640625,7.784538269042969,483.2354431152344,-0.2334963083267212,-0.003948423080146313,-0.9723496437072754,0.0010064751841127873,0.9999902248382568,-0.00430235406383872,0.9723571538925171,-0.001983229536563158,-0.23349004983901978],[-12550.09375,7.783492088317871,484.7296447753906,-0.23349635303020478,-0.003993086516857147,-0.9723494648933411,0.001005210098810494,0.9999900460243225,-0.004347983747720718,0.9723571538925171,-0.0019926538225263359,-0.2334900200366974],[-12543.7802734375,7.787911415100098,486.2489318847656,-0.2335670441389084,-0.004016598220914602,-0.9723324179649353,0.0010254901135340334,0.9999898672103882,-0.004377184435725212,0.9723401665687561,-0.0020194833632558586,-0.23356056213378907],[-12537.9345703125,7.790309429168701,487.9739990234375,-0.24629631638526917,-0.004032958298921585,-0.9691861867904663,0.0019086612155660987,0.9999873638153076,-0.004646169953048229,0.9691926836967468,-0.00299418275244534,-0.24628551304340363],[-12531.515625,7.7857842445373539,490.8240661621094,-0.2936802804470062,-0.0024800135288387539,-0.9559004902839661,0.005713469814509153,0.9999741911888123,-0.004349702503532171,0.9558866620063782,-0.0067389304749667648,-0.2936585247516632],[-12525.9365234375,7.7524847984313969,493.8435974121094,-0.3421824276447296,-0.0005382531671784818,-0.9396333694458008,0.007020008750259876,0.9999704360961914,-0.0031292641069740059,0.9396073222160339,-0.00766701390966773,-0.34216853976249697],[-12520.029296875,7.789141654968262,496.808837890625,-0.371148020029068,-0.0017812027363106609,-0.9285719990730286,0.006687314715236425,0.999967098236084,-0.004591058008372784,0.9285496473312378,-0.007913615554571152,-0.37112390995025637],[-12514.171875,7.773652076721191,499.2922668457031,-0.3758850395679474,-0.0011036478681489826,-0.9266656637191773,0.00619908981025219,0.9999738931655884,-0.0037055048160254957,0.9266455769538879,-0.007137327454984188,-0.37586840987205508],[-12507.982421875,7.769673824310303,501.8507995605469,-0.3771853744983673,-0.0013242006534710527,-0.92613685131073,0.006248345132917166,0.9999725818634033,-0.003974519204348326,0.9261167049407959,-0.0072859530337154869,-0.377166748046875],[-12501.7099609375,7.774085998535156,504.44366455078127,-0.3781472146511078,-0.001353785744868219,-0.9257444739341736,0.006316873244941235,0.999971866607666,-0.004042644053697586,0.9257239103317261,-0.007376525085419416,-0.3781280219554901],[-12495.5478515625,7.782456874847412,507.5444030761719,-0.39874833822250368,-0.0010340167209506035,-0.9170597791671753,0.006623772904276848,0.999970018863678,-0.004007594659924507,0.9170364737510681,-0.007672417443245649,-0.3987295627593994],[-12489.6357421875,7.76533317565918,511.3361511230469,-0.43999579548835757,0.00011417548375902697,-0.8979998230934143,0.006977756042033434,0.9999702572822571,-0.0032917726784944536,0.8979727029800415,-0.007714389823377132,-0.4399835169315338],[-12484.0439453125,7.764045238494873,515.6979370117188,-0.492861270904541,0.001560127828270197,-0.8701065182685852,0.009076413698494435,0.9999532103538513,-0.0033482774160802366,0.8700605630874634,-0.009547682479023934,-0.4928523600101471],[-12478.736328125,7.748052597045898,520.8930053710938,-0.5591447949409485,0.00557613093405962,-0.8290512561798096,0.014292796142399311,0.9998936057090759,-0.0029144221916794779,0.8289467692375183,-0.013479044660925866,-0.5591650009155273],[-12473.9658203125,7.735689163208008,526.2469482421875,-0.6166509389877319,0.007134527433663607,-0.787204384803772,0.015093115158379078,0.9998822808265686,-0.002761031500995159,0.7870919704437256,-0.013583959080278874,-0.6166860461235046],[-12468.8623046875,7.76561975479126,531.6318359375,-0.6500144004821777,0.005906688515096903,-0.7598989009857178,0.013570951297879219,0.9999005794525147,-0.0038363165222108366,0.7598006725311279,-0.012806212529540062,-0.6500299572944641],[-12463.60546875,7.771851062774658,536.442626953125,-0.6561368107795715,0.003503604093566537,-0.7546337842941284,0.009891971945762635,0.9999432563781738,-0.003958320245146751,0.754577100276947,-0.010062016546726227,-0.6561342477798462],[-12458.3271484375,7.778822898864746,541.3402709960938,-0.6629833579063416,0.003050172934308648,-0.7486279606819153,0.009945839643478394,0.9999393224716187,-0.004733911249786615,0.748568058013916,-0.010584237985312939,-0.6629734635353088],[-12453.49609375,7.75360631942749,546.81103515625,-0.6897233724594116,0.005003167781978846,-0.7240556478500366,0.010324410162866116,0.999942421913147,-0.002925337292253971,0.7239993214607239,-0.009493120945990086,-0.6897353529930115],[-12449.1923828125,7.7336225509643559,552.5604248046875,-0.7240728735923767,0.006683013867586851,-0.6896910667419434,0.011345552280545235,0.9999331831932068,-0.00222192145884037,0.6896301507949829,-0.00943375937640667,-0.7241002917289734],[-12445.3310546875,7.735220909118652,558.986328125,-0.7679556012153626,0.007929128594696522,-0.6404539942741394,0.012454393319785595,0.9999191761016846,-0.002554334932938218,0.640381932258606,-0.009938081726431847,-0.7679923176765442],[-12441.84765625,7.735501289367676,565.6644287109375,-0.8071784973144531,0.0083438940346241,-0.5902484655380249,0.012464137747883797,0.9999181032180786,-0.0029099159874022009,0.5901758670806885,-0.009705759584903717,-0.8072163462638855],[-12438.57421875,7.745473861694336,572.1395874023438,-0.8340485095977783,0.008671234361827374,-0.5516229867935181,0.012726754881441594,0.9999127984046936,-0.0035246028564870359,0.5515443086624146,-0.009960060007870198,-0.8340861201286316],[-12435.7490234375,7.761069297790527,578.8905639648438,-0.8632445931434631,0.009337958879768849,-0.5046994686126709,0.012919553555548191,0.9999100565910339,-0.0035974199417978527,0.5046204924583435,-0.00962594524025917,-0.863287627696991],[-12433.501953125,7.753373146057129,586.5122680664063,-0.8995202779769898,0.01281678956001997,-0.43669092655181887,0.015772255137562753,0.9998706579208374,-0.0031425682827830316,0.436594158411026,-0.009714404121041298,-0.8996061086654663],[-12432.390625,7.756441116333008,594.0784301757813,-0.9364426136016846,0.017712077125906946,-0.35037341713905337,0.02010730654001236,0.9997926950454712,-0.003199254395440221,0.35024410486221316,-0.01004098355770111,-0.9366046190261841],[-12432.3056640625,7.753294944763184,601.1251831054688,-0.9661620259284973,0.021157391369342805,-0.25706666707992556,0.022799145430326463,0.9997342824935913,-0.003407288808375597,0.2569262683391571,-0.009152893908321858,-0.9663876891136169],[-12432.8681640625,7.716877460479736,608.439697265625,-0.9865394830703735,0.0221436507999897,-0.16201692819595338,0.022747311741113664,0.9997394680976868,-0.0018716560443863273,0.1619332730770111,-0.005531912203878164,-0.9867861866950989],[-12433.6474609375,7.713454246520996,615.69287109375,-0.9961490035057068,0.02275407500565052,-0.0846727043390274,0.02305000275373459,0.9997311234474182,-0.002518861321732402,0.08459261804819107,-0.004460867028683424,-0.9964056611061096],[-12434.9365234375,7.721576690673828,622.9047241210938,-0.9996926188468933,0.023375028744339944,-0.008261348120868206,0.02340092696249485,0.9997215270996094,-0.0030520788859575989,0.008187705650925637,-0.0032444640528410675,-0.9999611973762512],[-12436.8056640625,7.727987289428711,630.3160400390625,-0.9973537921905518,0.023588087409734727,0.06876818835735321,0.023426517844200136,0.999720573425293,-0.0031551169231534006,-0.06882339715957642,-0.0015357686206698418,-0.9976276755332947],[-12438.6982421875,7.693662643432617,637.7075805664063,-0.9921191930770874,0.022937670350074769,0.12318042665719986,0.022832944989204408,0.9997367262840271,-0.002261970890685916,-0.12319988012313843,0.0005684272036887705,-0.9923816919326782],[-12440.0380859375,7.77278470993042,644.8726806640625,-0.9902133941650391,0.01569201797246933,0.13867637515068055,0.015248517505824566,0.9998746514320374,-0.004260019864886999,-0.13872584700584413,-0.0021037196274846794,-0.9903286099433899],[-12441.1181640625,7.759221076965332,651.8325805664063,-0.9899020195007324,0.010372255928814412,0.14137332141399384,0.009936251677572728,0.9999434351921082,-0.0037896418944001199,-0.1414046436548233,-0.002346653025597334,-0.989949107170105],[-12442.2666015625,7.771535396575928,659.7510986328125,-0.9898374080657959,0.010107211768627167,0.14184413850307465,0.009632064029574395,0.9999454617500305,-0.004036003723740578,-0.1418772041797638,-0.002628735499456525,-0.9898808002471924],[-12443.3388671875,7.7698974609375,667.1666259765625,-0.9898128509521484,0.010119279846549034,0.14201468229293824,0.009634269401431084,0.9999451637268066,-0.004102400504052639,-0.1420484185218811,-0.002692400710657239,-0.9898560643196106],[-12444.3701171875,7.772098541259766,674.3624877929688,-0.9898093342781067,0.010121380910277367,0.14203892648220063,0.009634011425077916,0.9999451041221619,-0.004118525888770819,-0.14207281172275544,-0.0027081507723778488,-0.9898524880409241],[-12445.4580078125,7.77015495300293,681.9363403320313,-0.9898098707199097,0.010122757405042649,0.14203520119190217,0.009630910120904446,0.9999449849128723,-0.004149896092712879,-0.14206939935684205,-0.002739679766818881,-0.9898529052734375],[-12446.556640625,7.7729692459106449,689.582763671875,-0.989810049533844,0.010124851018190384,0.1420334428548813,0.009627788327634335,0.9999448657035828,-0.004186417441815138,-0.14206799864768983,-0.002776290290057659,-0.989853024482727],[-12447.66015625,7.770770072937012,697.3014526367188,-0.9898103475570679,0.010129154659807682,0.14203116297721864,0.009626065380871296,0.9999447464942932,-0.004228762350976467,-0.1420661360025406,-0.0028184715192764999,-0.9898531436920166],[-12448.828125,7.772197723388672,705.4053344726563,-0.9898102879524231,0.010134147480130196,0.1420314610004425,0.009626881219446659,0.9999445676803589,-0.004258206579834223,-0.14206674695014954,-0.002847496420145035,-0.9898529648780823],[-12449.9990234375,7.769815444946289,713.5864868164063,-0.9898079633712769,0.010162239894270897,0.14204558730125428,0.009639455936849118,0.9999439716339111,-0.004368043038994074,-0.14208202064037324,-0.002954281633719802,-0.9898504614830017],[-12451.416015625,7.7873969078063969,721.49560546875,-0.9881254434585571,0.010449444875121117,0.153293639421463,0.009771868586540223,0.9999388456344605,-0.005172906443476677,-0.15333832800388337,-0.0036135148257017137,-0.9881671667098999],[-12453.4326171875,7.762568473815918,729.7144165039063,-0.9833588600158691,0.010231421329081059,0.18138527870178224,0.009794223122298718,0.9999465942382813,-0.0033058803528547289,-0.18140941858291627,-0.0014743388164788485,-0.9834065437316895],[-12455.318359375,7.7596611976623539,737.3372802734375,-0.979844331741333,0.01019386574625969,0.19950218498706819,0.009646597318351269,0.9999465942382813,-0.0037150306161493065,-0.19952939450740815,-0.0017156344838440419,-0.9798903465270996],[-12457.0615234375,7.764466285705566,745.36328125,-0.9791173934936523,0.01020731870085001,0.20303916931152345,0.00957627221941948,0.9999457597732544,-0.004090197384357452,-0.20306991040706635,-0.002060425002127886,-0.9791620969772339],[-12458.771484375,7.760441303253174,753.4637451171875,-0.9789559841156006,0.010357321240007878,0.20380836725234986,0.009762209840118885,0.9999446272850037,-0.00392512883991003,-0.20383773744106294,-0.001852908288128674,-0.9790029525756836],[-12460.41015625,7.761411666870117,761.3057250976563,-0.9789391756057739,0.010509002953767777,0.20388145744800569,0.009852733463048935,0.9999424815177918,-0.004233694169670343,-0.20391422510147096,-0.0021357396617531778,-0.9789864420890808],[-12462.12890625,7.76111364364624,769.54150390625,-0.9789581298828125,0.010558842681348324,0.2037878781557083,0.009875105693936348,0.9999417066574097,-0.004371762275695801,-0.20382216572761537,-0.0022673453204333784,-0.9790052771568298],[-12463.859375,7.763160228729248,777.84375,-0.9790050983428955,0.010584048926830292,0.20356082916259767,0.009900173172354699,0.9999414086341858,-0.004377603530883789,-0.20359523594379426,-0.002270408906042576,-0.9790525436401367],[-12465.7421875,7.7638068199157719,786.8849487304688,-0.9790403842926025,0.010661433450877667,0.20338687300682069,0.009980330243706704,0.9999406337738037,-0.004374194424599409,-0.2034214437007904,-0.00225264485925436,-0.9790886640548706],[-12467.4072265625,7.749656677246094,794.8628540039063,-0.9790708422660828,0.010546970181167126,0.2032463550567627,0.010047129355370999,0.9999434351921082,-0.003490947186946869,-0.20327167212963105,-0.0013758422574028373,-0.9791213870048523],[-12469.1904296875,7.759555816650391,803.4417114257813,-0.9791288375854492,0.010750475339591504,0.20295600593090058,0.01013018749654293,0.9999402761459351,-0.004094851668924093,-0.2029879093170166,-0.001953404862433672,-0.979179322719574],[-12470.9150390625,7.762889862060547,811.742919921875,-0.9791756868362427,0.010933787561953068,0.20272015035152436,0.010270904749631882,0.999937891960144,-0.0043216669000685219,-0.20275481045246125,-0.0021495516411960127,-0.9792271852493286],[-12472.716796875,7.767373561859131,820.4369506835938,-0.9792165756225586,0.010973772965371609,0.20252040028572083,0.01033104583621025,0.9999377131462097,-0.00423048110678792,-0.20255421102046967,-0.002050309907644987,-0.9792689085006714],[-12474.3916015625,7.766679763793945,828.51806640625,-0.9792528748512268,0.01100910920649767,0.2023429274559021,0.010346882976591587,0.999937117099762,-0.004330281633883715,-0.20237787067890168,-0.002146822167560458,-0.9793051481246948],[-12476.1435546875,7.761103630065918,836.990966796875,-0.9792971014976502,0.01103966124355793,0.2021268904209137,0.010377808474004269,0.9999367594718933,-0.0043339356780052189,-0.20216195285320283,-0.0021465765312314035,-0.9793497323989868],[-12477.9833984375,7.764211177825928,845.86279296875,-0.9793382287025452,0.011130512692034245,0.20192261040210725,0.010503442026674748,0.9999361038208008,-0.0041767447255551819,-0.20195619761943818,-0.0019695633091032507,-0.9793925881385803],[-12479.830078125,7.764502048492432,854.7976684570313,-0.9793673753738403,0.011189654469490052,0.20177793502807618,0.010587009601294995,0.9999356865882874,-0.004065675660967827,-0.20181044936180116,-0.001845565508119762,-0.9794228672981262],[-12481.544921875,7.756349563598633,863.1002197265625,-0.9793756008148193,0.011352663859724999,0.20172877609729768,0.010739860124886036,0.9999337792396545,-0.004132059868425131,-0.2017623335123062,-0.0018803001148626209,-0.9794327020645142],[-12483.4150390625,7.763925075531006,872.1492919921875,-0.9794074296951294,0.011274534277617932,0.2015785574913025,0.010689583607017994,0.9999349117279053,-0.003990215715020895,-0.20161043107509614,-0.0017532560741528869,-0.9794642329216003],[-12485.22265625,7.761589527130127,880.9088745117188,-0.979415774345398,0.011344747617840767,0.20153415203094483,0.010780660435557366,0.9999343156814575,-0.003896379144862294,-0.20156511664390565,-0.0016435040161013604,-0.9794737100601196],[-12487.0400390625,7.761425495147705,889.724609375,-0.9794314503669739,0.011393457651138306,0.2014552801847458,0.010815626941621304,0.999933660030365,-0.0039688036777079109,-0.20148712396621705,-0.0017083057900890709,-0.9794896841049194],[-12488.9365234375,7.757739543914795,898.951171875,-0.9794557094573975,0.011497003957629204,0.20133134722709657,0.010894532315433026,0.9999322295188904,-0.0041002691723406319,-0.20136484503746034,-0.0018226210959255696,-0.9795145988464356],[-12490.771484375,7.755953788757324,907.8775634765625,-0.9794872403144836,0.01165576558560133,0.20116892457008363,0.010983188636600972,0.9999297261238098,-0.0044592078775167469,-0.2012067586183548,-0.002158261137083173,-0.9795464277267456],[-12492.69140625,7.759591579437256,917.220458984375,-0.9795138239860535,0.011752758175134659,0.20103377103805543,0.011077945120632649,0.9999285936355591,-0.004481429234147072,-0.2010720819234848,-0.0021625806111842396,-0.9795740842819214],[-12494.6103515625,7.90516471862793,926.6063842773438,-0.9795997738838196,0.012980211526155472,0.20053881406784059,0.011121660470962525,0.9998841285705566,-0.010391663759946823,-0.20065046846866609,-0.00794934667646885,-0.9796306490898132],[-12496.5458984375,8.096600532531739,936.048583984375,-0.9796367287635803,0.014849180355668068,0.20022833347320558,0.011216268874704838,0.9997514486312866,-0.01926611177623272,-0.20046466588974,-0.016627976670861245,-0.9795598387718201],[-12498.4169921875,8.268662452697754,945.2129516601563,-0.9796096682548523,0.015100966207683087,0.20034176111221314,0.011092604137957096,0.9997155070304871,-0.021115152165293695,-0.2006036341190338,-0.018462296575307847,-0.9794985055923462],[-12500.232421875,8.432272911071778,954.0750732421875,-0.9796412587165833,0.015231634490191937,0.20017753541469575,0.011141441762447358,0.9997058510780335,-0.021543564274907113,-0.20044678449630738,-0.018874699249863626,-0.9795227646827698],[-12502.287109375,8.601656913757325,964.12353515625,-0.9796687960624695,0.015239641070365906,0.2000420093536377,0.011115428060293198,0.9997022151947022,-0.021723764017224313,-0.2003134936094284,-0.01905854046344757,-0.9795464873313904],[-12504.1220703125,8.757684707641602,973.1229248046875,-0.9796950817108154,0.015369253233075142,0.19990335404872895,0.01120222918689251,0.9996960759162903,-0.021959679201245309,-0.20018009841442109,-0.019274424761533738,-0.9795694947242737],[-12506.046875,8.9352388381958,982.5636596679688,-0.9797279834747315,0.015474798157811165,0.199733704328537,0.011294316500425339,0.9996930360794067,-0.022052809596061708,-0.2000136524438858,-0.019349899142980577,-0.979602038860321],[-12507.9794921875,9.104987144470215,992.0712280273438,-0.9797630906105042,0.01557890698313713,0.19955337047576905,0.011390428990125656,0.9996904134750366,-0.02212020568549633,-0.19983620941638947,-0.01939956285059452,-0.9796372652053833],[-12509.92578125,9.2697114944458,1001.644775390625,-0.9797959923744202,0.01568799838423729,0.19938340783119203,0.011480589397251606,0.9996867179870606,-0.022240810096263887,-0.19966986775398255,-0.019502416253089906,-0.9796691536903381],[-12511.88671875,9.445300102233887,1011.2843017578125,-0.9798377752304077,0.01584957353770733,0.19916515052318574,0.0116173280403018,0.9996815919876099,-0.02240065485239029,-0.19945678114891053,-0.019635241478681566,-0.9797098636627197],[-12513.9365234375,9.626359939575196,1021.37890625,-0.9798709154129028,0.015943968668580056,0.19899454712867738,0.011698066256940365,0.9996785521507263,-0.022494325414299966,-0.1992892175912857,-0.019713683053851129,-0.9797424077987671],[-12515.9970703125,9.811259269714356,1031.5426025390626,-0.9799105525016785,0.015942106023430826,0.19879916310310365,0.011707901954650879,0.9996792674064636,-0.02245631255209446,-0.19909340143203736,-0.01967765763401985,-0.9797829389572144],[-12517.9921875,9.981350898742676,1041.37939453125,-0.9799421429634094,0.01607421040534973,0.19863273203372956,0.011824081651866436,0.999675452709198,-0.02256464771926403,-0.19893097877502442,-0.0197634007781744,-0.9798142313957214],[-12520.0751953125,10.159884452819825,1051.67529296875,-0.9799764156341553,0.016182655468583108,0.19845479726791383,0.011922858655452729,0.999672532081604,-0.022641103714704515,-0.19875621795654298,-0.01982160098850727,-0.9798485040664673],[-12522.0927734375,10.344879150390625,1061.6375732421876,-0.9800158143043518,0.016312599182128907,0.19824962317943574,0.012053919956088066,0.9996703267097473,-0.022669348865747453,-0.19855406880378724,-0.019826635718345643,-0.9798893928527832],[-12524.1171875,10.528331756591797,1071.660888671875,-0.9800499081611633,0.01637405902147293,0.1980758160352707,0.012148899026215077,0.9996724128723145,-0.02252756990492344,-0.19837979972362519,-0.019671740010380746,-0.9799277782440186],[-12526.154296875,10.705583572387696,1081.74267578125,-0.9800789952278137,0.016455700621008874,0.1979251205921173,0.012245222926139832,0.9996723532676697,-0.022478312253952028,-0.19823016226291657,-0.01960688643157482,-0.9799593687057495],[-12528.208984375,10.834592819213868,1091.8846435546876,-0.9800888299942017,0.01610143668949604,0.19790558516979218,0.012381971813738346,0.999722957611084,-0.020017344504594804,-0.19817306101322175,-0.01716831512749195,-0.9800166487693787],[-12530.3505859375,10.924527168273926,1102.49853515625,-0.980128824710846,0.015172593295574189,0.19778090715408326,0.01240626536309719,0.9998072385787964,-0.015218507498502732,-0.19797368347644807,-0.012462375685572625,-0.9801281094551086],[-12532.8759765625,11.037137985229493,1114.7947998046876,-0.979756236076355,0.014949162490665913,0.19963525235652924,0.012418458238244057,0.9998259544372559,-0.013922889716923237,-0.19980864226818086,-0.011161875911056996,-0.9797713756561279],[-12535.37109375,10.991704940795899,1125.046630859375,-0.9766727089881897,0.01396169327199459,0.2142789363861084,0.012734604068100453,0.9998936653137207,-0.007106009870767593,-0.21435534954071046,-0.004211489111185074,-0.976746678352356],[-12538.3671875,11.007678031921387,1134.7708740234376,-0.9689581990242004,0.015934128314256669,0.24671053886413575,0.015324980951845646,0.9998729228973389,-0.004389097914099693,-0.2467491328716278,-0.0004720179131254554,-0.9690792560577393],[-12542.1650390625,11.003194808959961,1144.2373046875,-0.9541340470314026,0.023955529555678369,0.2984197437763214,0.023956535384058954,0.9997063279151917,-0.0036550809163600208,-0.29841965436935427,0.0036616655997931959,-0.9544277191162109],[-12547.0791015625,10.88368034362793,1154.6197509765626,-0.9344527721405029,0.02697107382118702,0.3550642728805542,0.02932608872652054,0.9995691180229187,0.0012515850830823184,-0.3548775017261505,0.011582192964851857,-0.9348410367965698],[-12551.650390625,10.809948921203614,1164.1971435546876,-0.922472357749939,0.025685321539640428,0.38520771265029909,0.0290511604398489,0.9995736479759216,0.0029192613437771799,-0.38496848940849306,0.013883668929338456,-0.922825276851654],[-12556.509765625,10.701044082641602,1174.1334228515626,-0.9128571152687073,0.025300845503807069,0.4074944853782654,0.02945096231997013,0.9995585680007935,0.003913779743015766,-0.40721556544303896,0.015573826618492604,-0.9131993055343628],[-12561.734375,10.54708194732666,1183.4776611328126,-0.897290825843811,0.02385631762444973,0.44079479575157168,0.030275890603661538,0.9995131492614746,0.0075354245491325859,-0.44040045142173769,0.020106922835111619,-0.8975762724876404],[-12568,10.426698684692383,1192.7191162109376,-0.8694090843200684,0.02410772070288658,0.49350446462631228,0.03333109989762306,0.9993953108787537,0.009899033233523369,-0.492967426776886,0.025055356323719026,-0.8696869015693665],[-12574.7353515625,10.220842361450196,1201.01708984375,-0.831274151802063,0.02503351680934429,0.5552986264228821,0.03683822602033615,0.9992702007293701,0.010098019614815712,-0.5546405911445618,0.028850439935922624,-0.8315896987915039],[-12582.1142578125,9.991255760192871,1208.656005859375,-0.7786001563072205,0.029412519186735154,0.6268306970596314,0.04800265654921532,0.9987657070159912,0.012760481797158718,-0.6256816387176514,0.04002485051751137,-0.7790510058403015],[-12590.015625,9.727109909057618,1215.5074462890626,-0.7130752801895142,0.04303042218089104,0.699765682220459,0.07378659397363663,0.9971776008605957,0.013870961964130402,-0.6971938014030457,0.061524368822574618,-0.7142377495765686],[-12598.740234375,9.433551788330079,1221.7484130859376,-0.6325213313102722,0.05547795072197914,0.7725535035133362,0.10862303525209427,0.9939278960227966,0.017559045925736429,-0.7668883800506592,0.09502357989549637,-0.6347067952156067],[-12607.1142578125,9.172910690307618,1226.69775390625,-0.5520187616348267,0.06423380225896836,0.8313539028167725,0.13444754481315614,0.9908391237258911,0.01271685492247343,-0.822921097278595,0.11879342794418335,-0.5555979013442993],[-12615.7578125,8.941408157348633,1230.81201171875,-0.47074073553085329,0.06795839220285416,0.8796504139900208,0.1605159491300583,0.9869861006736755,0.009648620150983334,-0.8675469756126404,0.14573991298675538,-0.4755229651927948],[-12625.0048828125,8.767134666442871,1234.18896484375,-0.3843054473400116,0.048917099833488467,0.9219091534614563,0.1709112673997879,0.9851036667823792,0.018975527957081796,-0.9072478413581848,0.16485705971717835,-0.38694119453430178],[-12634.7314453125,8.78005599975586,1236.7664794921876,-0.2908457815647125,0.046772442758083346,0.9556260108947754,0.17240984737873078,0.9850161075592041,0.004262199625372887,-0.9411076307296753,0.16599898040294648,-0.294551819562912],[-12643.7109375,8.677949905395508,1238.726806640625,-0.22358402609825135,0.03337876871228218,0.9741129279136658,0.17072215676307679,0.9853042960166931,0.005422885995358229,-0.9596166610717773,0.16751514375209809,-0.22599679231643678],[-12652.9951171875,8.677372932434082,1240.708984375,-0.1832285374403,0.029880328103899957,0.982616126537323,0.16829952597618104,0.9857348799705505,0.0014076645020395518,-0.9685569405555725,0.1656317561864853,-0.18564361333847047],[-12662.6806640625,8.692618370056153,1242.6492919921876,-0.1644153594970703,0.02974080853164196,0.9859427213668823,0.16827483475208283,0.9857386946678162,-0.00167321867775172,-0.9719316959381104,0.16563424468040467,-0.16707521677017213],[-12672.427734375,8.706320762634278,1244.391845703125,-0.15723897516727448,0.02956603839993477,0.9871178865432739,0.16759978234767915,0.9858510494232178,-0.002830961486324668,-0.9732349514961243,0.16499561071395875,-0.15996946394443513],[-12682.2314453125,8.725407600402832,1246.0357666015626,-0.15820087492465974,0.02994280867278576,0.9869528412818909,0.1651809811592102,0.9862572550773621,-0.0034444769844412805,-0.9734925627708435,0.1624809205532074,-0.1609727442264557],[-12692.1015625,8.773724555969239,1247.631103515625,-0.15912020206451417,0.02966097742319107,0.9868135452270508,0.15940454602241517,0.9872053861618042,-0.003969334065914154,-0.9743053913116455,0.1566709727048874,-0.1618124097585678],[-12701.263671875,8.84254264831543,1249.0992431640626,-0.15976014733314515,0.03039744310081005,0.9866877198219299,0.15277032554149629,0.9882452487945557,-0.00570952333509922,-0.9752629995346069,0.14982445538043977,-0.16252602636814118],[-12711.591796875,8.906105995178223,1250.931396484375,-0.16715556383132935,0.03101222775876522,0.9854426980018616,0.14338341355323792,0.9896436929702759,-0.006823044270277023,-0.975448727607727,0.140155628323555,-0.16987109184265138],[-12721.02734375,8.991819381713868,1253.2628173828126,-0.19868730008602143,0.029707645997405053,0.9796125888824463,0.11986792832612992,0.9927729368209839,-0.005794853903353214,-0.9727050065994263,0.11627276986837387,-0.20081236958503724],[-12730.91015625,9.149024963378907,1255.733642578125,-0.21974636614322663,0.027816496789455415,0.9751603603363037,0.0962352454662323,0.9953360557556152,-0.006705989129841328,-0.9707987904548645,0.09237118810415268,-0.22139839828014375],[-12740.1640625,9.247729301452637,1257.8424072265626,-0.2228807955980301,0.024730287492275239,0.9745319485664368,0.08152851462364197,0.9966488480567932,-0.006645520217716694,-0.9714305400848389,0.07797098904848099,-0.22415010631084443],[-12750.2568359375,9.268704414367676,1260.12451171875,-0.22354936599731446,0.02244734950363636,0.9744340777397156,0.0738600417971611,0.9972503781318665,-0.006028384435921907,-0.9718900918960571,0.07062409818172455,-0.2245926558971405],[-12760.400390625,9.2726469039917,1262.462158203125,-0.2239006757736206,0.0219330545514822,0.9743651151657105,0.07383094727993012,0.9972556829452515,-0.005482610780745745,-0.9718114137649536,0.07071074098348618,-0.22490555047988892],[-12770.5966796875,9.290494918823243,1264.82177734375,-0.22426514327526093,0.0225995983928442,0.9742661118507385,0.07390234619379044,0.9972466826438904,-0.006121175829321146,-0.9717219471931458,0.07062778621912003,-0.2253178358078003],[-12780.4501953125,9.297098159790039,1267.10009765625,-0.2244429588317871,0.022861750796437265,0.974219024181366,0.07414441555738449,0.9972274899482727,-0.006320113316178322,-0.9716624617576599,0.07081439346075058,-0.22551575303077699],[-12790.7509765625,9.325119018554688,1269.4849853515626,-0.2246958166360855,0.022571807727217675,0.9741674661636353,0.07413365691900253,0.9972302317619324,-0.006006939336657524,-0.9716048240661621,0.07086886465549469,-0.22574679553508759],[-12801.5078125,9.37039852142334,1271.9783935546876,-0.2250422239303589,0.023722508922219278,0.9740601778030396,0.07405371218919754,0.9972284436225891,-0.0071777356788516048,-0.9715307950973511,0.07051748037338257,-0.2261752486228943],[-12811.119140625,9.363314628601075,1274.2041015625,-0.22525744140148164,0.02304820716381073,0.974026620388031,0.07426914572715759,0.9972175359725952,-0.00642117764800787,-0.9714644551277161,0.07089370489120484,-0.22634245455265046],[-12821.1845703125,9.382304191589356,1276.544677734375,-0.22548693418502809,0.023151220753788949,0.9739710688591003,0.07444535940885544,0.9972041249275208,-0.006468403618782759,-0.9713976979255676,0.07104908674955368,-0.22657999396324159],[-12831.2890625,9.362323760986329,1278.888916015625,-0.22599025070667268,0.021664999425411226,0.973888635635376,0.07442463934421539,0.9972145557403565,-0.004913714248687029,-0.9712823629379273,0.07137085497379303,-0.22697316110134126],[-12841.8447265625,9.38268756866455,1281.3458251953126,-0.2262290120124817,0.02149728313088417,0.9738368988037109,0.07449028640985489,0.9972106218338013,-0.004708646796643734,-0.9712217450141907,0.07147616147994995,-0.22719930112361909],[-12852.029296875,9.401093482971192,1283.7249755859376,-0.22670482099056245,0.023462068289518358,0.973680853843689,0.0746903270483017,0.997184693813324,-0.006638067774474621,-0.9710953831672669,0.07121966034173966,-0.22781896591186524],[-12862.271484375,9.365970611572266,1286.103515625,-0.22666767239570619,0.0206250362098217,0.9737537503242493,0.07459855079650879,0.9972065687179565,-0.0037569478154182436,-0.9711111187934876,0.07178904116153717,-0.22757308185100556],[-12872.55078125,9.379020690917969,1288.5037841796876,-0.2270142287015915,0.02014394849538803,0.9736831188201904,0.07466363906860352,0.9972035884857178,-0.0032227225601673128,-0.9710251688957214,0.07196711748838425,-0.22788341343402863],[-12883.2939453125,9.346430778503418,1290.9962158203126,-0.22733324766159059,0.019218189641833307,0.9736273884773254,0.07382681965827942,0.9972680807113648,-0.0024469292256981136,-0.9710144996643066,0.07132354378700257,-0.2281309962272644],[-12893.6630859375,9.35083293914795,1293.4122314453126,-0.22764348983764649,0.018992997705936433,0.9735593199729919,0.07291442155838013,0.9973353147506714,-0.0024075517430901529,-0.9710108041763306,0.070438452064991,-0.22842174768447877],[-12904.498046875,9.314488410949707,1295.9356689453126,-0.22794564068317414,0.019029684364795686,0.9734878540039063,0.07149382680654526,0.9974372386932373,-0.0027573099359869959,-0.9710455536842346,0.06896986067295075,-0.2287219762802124],[-12915.78125,9.275099754333496,1298.5474853515626,-0.22795133292675019,0.01638876087963581,0.9735345840454102,0.06831005960702896,0.9976637959480286,-0.0008002853719517589,-0.9712733626365662,0.0663197785615921,-0.22853831946849824],[-12926.1005859375,9.256906509399414,1300.95947265625,-0.22831027209758759,0.017019718885421754,0.973439633846283,0.06713522225618363,0.9977424144744873,-0.0016987539129331709,-0.9712709784507752,0.06496424973011017,-0.22893747687339784],[-12935.8564453125,9.204245567321778,1303.2039794921876,-0.2279335856437683,0.012287721037864685,0.9735991358757019,0.06284265965223313,0.9980211853981018,0.0021164219360798599,-0.9716466069221497,0.06166596710681915,-0.22825473546981812],[-12945.8447265625,9.209331512451172,1305.49755859375,-0.22806373238563538,0.011184689588844777,0.9735819697380066,0.05704274773597717,0.9983699321746826,0.001892931410111487,-0.9719737768173218,0.05596749857068062,-0.22832997143268586],[-12955.2802734375,9.161404609680176,1307.6505126953126,-0.22849051654338838,0.009758290834724903,0.973497211933136,0.04867824539542198,0.9988135099411011,0.0014132601208984852,-0.9723284244537354,0.047711052000522616,-0.22869443893432618],[-12964.9521484375,9.153160095214844,1309.8555908203126,-0.22850632667541505,0.006198367569595575,0.9735227227210999,0.03921576961874962,0.9992267489433289,0.0028427448123693468,-0.9727522730827332,0.03882702812552452,-0.22857269644737245],[-12974.822265625,9.183880805969239,1312.1278076171876,-0.228729709982872,0.006961585488170385,0.973465085029602,0.03083025850355625,0.9995246529579163,0.00009606903768144548,-0.9730016589164734,0.030034154653549196,-0.2288355976343155],[-12984.541015625,9.117443084716797,1314.3311767578126,-0.2286890596151352,0.0020474246703088285,0.9734973907470703,0.020619794726371766,0.9997836351394653,0.002741188043728471,-0.9732811450958252,0.02070019580423832,-0.2286817878484726],[-12994.087890625,9.13979721069336,1316.522705078125,-0.22876882553100587,-0.0004081830265931785,0.9734807014465332,0.011891854926943779,0.9999241232872009,0.0032138675451278688,-0.9734081625938416,0.01231172401458025,-0.22874662280082704],[-13003.47265625,9.11522388458252,1318.66796875,