{"DriveData":[[-12722.9228515625,7.746153831481934,501.1076965332031,-0.17460858821868897,-0.0042098164558410648,-0.9846289157867432,0.0011015183990821243,0.99998939037323,-0.0044708275236189369,0.9846373200416565,-0.0018652316648513079,-0.17460209131240846],[-12722.01953125,7.745527267456055,501.2679138183594,-0.17460846900939942,-0.0042129396460950378,-0.9846289157867432,0.0011020643869414926,0.99998939037323,-0.0044740960001945499,0.9846373200416565,-0.0018663395894691349,-0.1746019721031189],[-12721.09765625,7.745733261108398,501.43145751953127,-0.17460696399211884,-0.004216967150568962,-0.9846291542053223,0.0011054895585402847,0.9999893307685852,-0.004478790797293186,0.9846376180648804,-0.001870525418780744,-0.17460043728351594],[-12720.263671875,7.7466301918029789,501.5795593261719,-0.17460618913173676,-0.004235865548253059,-0.984629213809967,0.0011081104166805745,0.9999892711639404,-0.004498447757214308,0.9846377372741699,-0.0018765346612781287,-0.17459961771965028],[-12719.306640625,7.748857021331787,501.7491760253906,-0.17460639774799348,-0.004250159952789545,-0.9846291542053223,0.0011105185840278864,0.9999892115592957,-0.004513392690569162,0.9846376776695252,-0.001881516189314425,-0.1745997965335846],[-12718.3310546875,7.750845909118652,501.92218017578127,-0.17460694909095765,-0.004254043102264404,-0.9846290349960327,0.0011110191699117423,0.9999891519546509,-0.004517426248639822,0.9846375584602356,-0.0018827157327905298,-0.17460033297538758],[-12717.2255859375,7.751741886138916,502.11834716796877,-0.17460520565509797,-0.004277505446225405,-0.984629213809967,0.0011114469962194563,0.9999890923500061,-0.004541326779872179,0.9846379160881043,-0.001887302496470511,-0.1745985448360443],[-12716.208984375,7.753498077392578,502.2984313964844,-0.17460499703884126,-0.004283228889107704,-0.9846292734146118,0.0011110679479315878,0.9999890327453613,-0.004547072108834982,0.9846379160881043,-0.0018879314884543419,-0.1745983213186264],[-12715.40625,7.7548909187316898,502.4408874511719,-0.17460522055625916,-0.004286068957298994,-0.984629213809967,0.0011114286025986076,0.9999890327453613,-0.0045500206761062149,0.9846379160881043,-0.0018888023914769292,-0.1745985448360443],[-12714.591796875,7.756519317626953,502.5853271484375,-0.17460526525974275,-0.004286674316972494,-0.9846291542053223,0.001111284364014864,0.9999890327453613,-0.004550610203295946,0.9846378564834595,-0.001888763508759439,-0.1745985895395279],[-12713.646484375,7.758057594299316,502.7529296875,-0.1746036559343338,-0.004283600952476263,-0.9846294522285461,0.0011113866930827499,0.9999890327453613,-0.004547503776848316,0.9846381545066834,-0.001888314844109118,-0.17459698021411897],[-12712.806640625,7.759092807769775,502.90185546875,-0.17460402846336366,-0.00429172907024622,-0.9846293926239014,0.0011114990338683129,0.9999890327453613,-0.004555779509246349,0.9846380949020386,-0.001889872015453875,-0.1745973378419876],[-12711.5869140625,7.761035919189453,503.1181335449219,-0.1746019423007965,-0.0042937444522976879,-0.98462975025177,0.0011118256952613593,0.9999889731407166,-0.0045578801073133949,0.9846384525299072,-0.001890551415272057,-0.17459525167942048],[-12710.7197265625,7.761301517486572,503.27197265625,-0.17460381984710694,-0.004300630651414394,-0.9846293926239014,0.0011119627160951496,0.9999889731407166,-0.004564901348203421,0.9846381545066834,-0.0018919204594567419,-0.1745971143245697],[-12709.5869140625,7.761649131774902,503.472900390625,-0.17460423707962037,-0.004307039547711611,-0.9846292734146118,0.001112277852371335,0.9999889135360718,-0.0045714667066931728,0.9846380949020386,-0.0018933787941932679,-0.17459751665592194],[-12708.3056640625,7.762734889984131,503.7000427246094,-0.17460399866104127,-0.004313367418944836,-0.9846292734146118,0.0011118595721200109,0.9999889135360718,-0.004577818792313337,0.9846380949020386,-0.001894074957817793,-0.17459726333618165],[-12707.1337890625,7.764664649963379,503.9080810546875,-0.17460471391677857,-0.0043098656460642818,-0.9846291542053223,0.0011120927520096303,0.9999889135360718,-0.0045743053779006008,0.984637975692749,-0.0018936942797154189,-0.17459799349308015],[-12706.2080078125,7.765801429748535,504.072265625,-0.17460308969020844,-0.004310336895287037,-0.9846294522285461,0.00111240369733423,0.9999889135360718,-0.004574835766106844,0.9846382737159729,-0.0018940859008580447,-0.17459635436534882],[-12704.8662109375,7.767339706420898,504.3102722167969,-0.17460337281227113,-0.004318222403526306,-0.9846293926239014,0.0011125345481559635,0.999988853931427,-0.0045828684233129028,0.9846382141113281,-0.0018956185085698963,-0.1745966225862503],[-12703.638671875,7.766356468200684,504.52801513671877,-0.17460615932941438,-0.004337927792221308,-0.9846287965774536,0.0011127636535093189,0.9999887943267822,-0.004602927248924971,0.9846377372741699,-0.0018993585836142302,-0.17459937930107118],[-12702.53125,7.767017364501953,504.7243957519531,-0.1746065616607666,-0.004344071261584759,-0.9846286773681641,0.0011129119666293264,0.9999887347221375,-0.004609193652868271,0.9846376776695252,-0.00190060050226748,-0.1745997667312622],[-12701.2685546875,7.767742156982422,504.9483947753906,-0.17460620403289796,-0.0043591721914708618,-0.9846286773681641,0.0011128655169159175,0.9999886751174927,-0.004624520894140005,0.9846377372741699,-0.0019032293930649758,-0.17459937930107118],[-12700.1298828125,7.7693023681640629,505.15032958984377,-0.17460548877716065,-0.004358611069619656,-0.9846288561820984,0.001113187288865447,0.9999886751174927,-0.004624006804078817,0.9846378564834595,-0.001903453259728849,-0.17459866404533387],[-12698.6865234375,7.77128791809082,505.4063415527344,-0.17460602521896363,-0.004356651101261377,-0.9846287369728088,0.0011132274521514774,0.9999886751174927,-0.004622024483978748,0.9846377372741699,-0.0019031490664929152,-0.17459920048713685],[-12697.5146484375,7.772150993347168,505.61407470703127,-0.1746075600385666,-0.0043572792783379559,-0.984628438949585,0.001113395788706839,0.9999886751174927,-0.004622695501893759,0.9846374988555908,-0.0019034388242289425,-0.1746007353067398],[-12696.1796875,7.7722883224487309,505.850830078125,-0.1746065616607666,-0.004365383647382259,-0.9846286177635193,0.001113563310354948,0.9999886751174927,-0.0046309540048241619,0.9846376776695252,-0.0019050411647185684,-0.17459972202777863],[-12694.8271484375,7.772185802459717,506.0908203125,-0.17460843920707704,-0.0043734218925237659,-0.9846282601356506,0.0011140784481540323,0.9999886155128479,-0.004639212507754564,0.9846373200416565,-0.0019069986883550883,-0.17460156977176667],[-12693.4560546875,7.77274227142334,506.3339538574219,-0.17460767924785615,-0.0043804538436234,-0.9846283197402954,0.0011140616843476892,0.9999885559082031,-0.00464634969830513,0.984637439250946,-0.0019082250073552132,-0.17460080981254579],[-12692.0673828125,7.77354097366333,506.5802917480469,-0.1746080219745636,-0.004389848094433546,-0.9846282601356506,0.0011145274620503188,0.9999885559082031,-0.004655973985791206,0.9846373796463013,-0.0019103656522929669,-0.17460112273693086],[-12690.6611328125,7.776071548461914,506.8296203613281,-0.17460866272449494,-0.004381292965263128,-0.9846281409263611,0.001114639570005238,0.9999885559082031,-0.00464730616658926,0.9846372604370117,-0.0019089654088020325,-0.17460177838802339],[-12689.5556640625,7.775601387023926,507.0257568359375,-0.1746090203523636,-0.004397433716803789,-0.9846280217170715,0.0011148230405524374,0.9999884963035584,-0.004663731902837753,0.9846372008323669,-0.0019120157230645419,-0.17460210621356965],[-12688.2822265625,7.774487495422363,507.2518615722656,-0.17460905015468598,-0.004316740203648806,-0.9846283793449402,0.0011103036813437939,0.9999889135360718,-0.00458097830414772,0.9846372008323669,-0.0018931167433038355,-0.17460231482982636],[-12686.8662109375,7.769854545593262,507.50311279296877,-0.1746121644973755,-0.003962548915296793,-0.9846293330192566,0.0011035546194761992,0.9999904632568359,-0.004220070317387581,0.984636664390564,-0.0018234679009765387,-0.17460612952709199],[-12685.47265625,7.766638278961182,507.749755859375,-0.17461080849170686,-0.00376246334053576,-0.9846303462982178,0.0011041163234040142,0.9999912977218628,-0.004016960505396128,0.9846369028091431,-0.0017885511042550207,-0.174605131149292],[-12684.244140625,7.767449378967285,507.96612548828127,-0.17458118498325349,-0.003843805519863963,-0.9846352934837341,0.0011061710538342596,0.9999909996986389,-0.004099881276488304,0.9846421480178833,-0.0018049371428787709,-0.17457535862922669],[-12682.6982421875,7.7679667472839359,508.2383117675781,-0.17447449266910554,-0.003979957662522793,-0.984653651714325,0.0011090687476098538,0.9999904036521912,-0.00423846859484911,0.9846610426902771,-0.001831553177908063,-0.17446839809417725],[-12681.2958984375,7.768017768859863,508.4869384765625,-0.17447388172149659,-0.003984718583524227,-0.9846537113189697,0.001109495060518384,0.9999904036521912,-0.004243378061801195,0.9846611618995667,-0.0018328269943594933,-0.1744677871465683],[-12680.0400390625,7.768235683441162,508.70947265625,-0.1744728833436966,-0.003985708113759756,-0.984653890132904,0.001109862932935357,0.9999904036521912,-0.004244446288794279,0.984661340713501,-0.0018333717016503215,-0.17446677386760713],[-12678.6162109375,7.768576145172119,508.9617004394531,-0.17447179555892945,-0.003989560529589653,-0.9846540689468384,0.0011087808525189758,0.9999903440475464,-0.004248165059834719,0.9846615195274353,-0.0018329505110159517,-0.17446570098400117],[-12677.1806640625,7.7689127922058109,509.2159729003906,-0.17447149753570558,-0.003994209226220846,-0.9846541285514832,0.0011076908558607102,0.9999903440475464,-0.0042526922188699249,0.9846615791320801,-0.0018326658755540848,-0.1744653880596161],[-12675.734375,7.770048141479492,509.4722900390625,-0.17447225749492646,-0.003993898630142212,-0.9846540093421936,0.0011068325256928802,0.9999903440475464,-0.004252226557582617,0.9846614599227905,-0.0018317425856366754,-0.17446614801883698],[-12674.439453125,7.770699977874756,509.7018127441406,-0.17447197437286378,-0.003993825055658817,-0.9846540689468384,0.0011067417217418552,0.9999903440475464,-0.004252134822309017,0.9846615195274353,-0.0018316360656172038,-0.1744658648967743],[-12672.97265625,7.770662784576416,509.9618225097656,-0.17447105050086976,-0.00400089006870985,-0.9846541881561279,0.0011064709397032858,0.9999903440475464,-0.0042592603713274,0.9846616983413696,-0.0018326088320463896,-0.17446494102478028],[-12671.6591796875,7.770508766174316,510.1945495605469,-0.17447248101234437,-0.004008131567388773,-0.984653890132904,0.0011067818850278855,0.9999902844429016,-0.004266672767698765,0.9846614003181458,-0.0018342140829190612,-0.1744663566350937],[-12670.1708984375,7.770813465118408,510.45819091796877,-0.1744721531867981,-0.004015558399260044,-0.9846539497375488,0.001106721698306501,0.9999902248382568,-0.0042742034420371059,0.9846614599227905,-0.0018354672938585282,-0.17446601390838624],[-12668.6728515625,7.773003101348877,510.72369384765627,-0.17447321116924287,-0.004010544624179602,-0.9846537709236145,0.0011067697778344155,0.9999902844429016,-0.004269122611731291,0.9846612811088562,-0.001834632596001029,-0.1744670867919922],[-12667.33203125,7.773387432098389,510.9612731933594,-0.1744731068611145,-0.004010907839983702,-0.9846537709236145,0.0011065143626183272,0.9999902844429016,-0.004269445780664682,0.984661340713501,-0.0018344370182603598,-0.17446698248386384],[-12665.8134765625,7.773225784301758,511.2303466796875,-0.17447374761104585,-0.004013062454760075,-0.984653651714325,0.0011065759463235736,0.9999902844429016,-0.0042716460302472118,0.9846612215042114,-0.001834884169511497,-0.17446760833263398],[-12664.2841796875,7.773792266845703,511.5013732910156,-0.17447395622730256,-0.004014919046312571,-0.9846535921096802,0.0011062423000112177,0.9999902844429016,-0.00427347281947732,0.9846611618995667,-0.0018348753219470382,-0.17446781694889069],[-12662.9150390625,7.773346900939941,511.7438659667969,-0.1744743287563324,-0.0040223849937319759,-0.9846535325050354,0.0011063875863328577,0.9999902248382568,-0.004281081259250641,0.9846611022949219,-0.0018363471608608962,-0.17446817457675935],[-12661.3642578125,7.772552013397217,512.0185546875,-0.17447412014007569,-0.004040233790874481,-0.9846534729003906,0.001106521813198924,0.9999901652336121,-0.004299231339246035,0.9846611618995667,-0.0018396452069282532,-0.17446792125701905],[-12659.8037109375,7.773510456085205,512.2952270507813,-0.17447446286678315,-0.004048902541399002,-0.9846533536911011,0.0011063588317483664,0.9999901056289673,-0.004308007191866636,0.9846611022949219,-0.0018410172779113055,-0.1744682639837265],[-12658.4072265625,7.774845123291016,512.5426635742188,-0.174474835395813,-0.004048256203532219,-0.9846532940864563,0.0011065875878557563,0.9999901056289673,-0.004307392053306103,0.9846609830856323,-0.0018411367200314999,-0.17446863651275636],[-12657.001953125,7.7761006355285648,512.7916870117188,-0.17447489500045777,-0.004047497641295195,-0.9846532940864563,0.0011065328726544977,0.9999901056289673,-0.004306612070649862,0.9846609830856323,-0.001840946963056922,-0.17446869611740113],[-12655.4111328125,7.774648189544678,513.0735473632813,-0.17447562515735627,-0.004067793022841215,-0.984653115272522,0.0011065128492191434,0.9999900460243225,-0.0043272217735648159,0.9846608638763428,-0.0018445260357111693,-0.17446938157081605],[-12653.80859375,7.774260520935059,513.3573608398438,-0.1744757890701294,-0.004085357766598463,-0.9846529960632324,0.001106583746150136,0.999989926815033,-0.004345072899013758,0.9846608638763428,-0.0018477110425010324,-0.17446951568126679],[-12652.0166015625,7.774873733520508,513.6751098632813,-0.17447635531425477,-0.004093422554433346,-0.9846528768539429,0.0011065315920859576,0.999989926815033,-0.004353254567831755,0.9846607446670532,-0.001849089516326785,-0.17447006702423097],[-12650.5732421875,7.775925159454346,513.9308471679688,-0.1744772493839264,-0.0040991478599607948,-0.9846526980400086,0.0011066690785810352,0.9999898672103882,-0.004359095823019743,0.9846605658531189,-0.0018502476159483195,-0.1744709461927414],[-12648.755859375,7.777349472045898,514.2528076171875,-0.17447693645954133,-0.0041004205122590069,-0.9846526980400086,0.001106846029870212,0.9999898672103882,-0.004360418766736984,0.9846606254577637,-0.001850651460699737,-0.17447063326835633],[-12647.2919921875,7.777774810791016,514.5120849609375,-0.17447692155838014,-0.004099705722182989,-0.9846527576446533,0.0011068894527852536,0.9999898672103882,-0.004359700251370668,0.9846606254577637,-0.00185056880582124,-0.17447061836719514],[-12645.6357421875,7.778789520263672,514.8056640625,-0.1744774580001831,-0.004101023077964783,-0.9846526384353638,0.0011068120365962387,0.9999898672103882,-0.004361025523394346,0.9846605658531189,-0.0018507259665057064,-0.1744711548089981],[-12644.154296875,7.777795314788818,515.0681762695313,-0.17447733879089356,-0.004109150264412165,-0.9846526384353638,0.001107080839574337,0.9999898672103882,-0.004369326867163181,0.9846605658531189,-0.0018524385523051024,-0.17447102069854737],[-12642.6640625,7.777437210083008,515.3324584960938,-0.17447762191295625,-0.004116462077945471,-0.9846525192260742,0.0011072814231738449,0.9999898076057434,-0.0043767886236310009,0.9846605062484741,-0.0018539391458034516,-0.17447128891944886],[-12640.9736328125,7.777819633483887,515.6318969726563,-0.17447873950004579,-0.004123343154788017,-0.9846522808074951,0.001107191783376038,0.9999898076057434,-0.004383763298392296,0.9846603274345398,-0.0018550724489614368,-0.1744723916053772],[-12639.271484375,7.779616355895996,515.9334716796875,-0.17447909712791444,-0.004114543087780476,-0.9846522808074951,0.0011074222857132555,0.9999898076057434,-0.004374867305159569,0.984660267829895,-0.0018537488067522646,-0.17447276413440705],[-12637.7470703125,7.7797698974609379,516.20361328125,-0.17447946965694428,-0.004130103625357151,-0.9846521615982056,0.0011073484783992172,0.9999897480010986,-0.004390657879412174,0.9846602082252502,-0.0018564327619969845,-0.1744731068611145],[-12636.2119140625,7.779363632202148,516.4755859375,-0.1744799017906189,-0.0041295792907476429,-0.9846521019935608,0.0011074637295678259,0.9999897480010986,-0.00439014658331871,0.9846600890159607,-0.0018564588390290738,-0.17447353899478913],[-12634.4716796875,7.7792510986328129,516.783935546875,-0.17448116838932038,-0.0041365846991539,-0.9846518039703369,0.0011075340444222093,0.9999897480010986,-0.004397276323288679,0.9846599102020264,-0.0018577773589640856,-0.1744748055934906],[-12632.9130859375,7.7790985107421879,517.0601806640625,-0.17448018491268159,-0.0041495561599731449,-0.9846519231796265,0.0011074204230681062,0.9999896883964539,-0.004410427529364824,0.9846600890159607,-0.001859955838881433,-0.17447377741336823],[-12631.1455078125,7.778992176055908,517.3734130859375,-0.17448179423809052,-0.004153761081397533,-0.9846516251564026,0.0011078250827267767,0.9999896287918091,-0.004414772614836693,0.9846597909927368,-0.0018611192936077715,-0.17447538673877717],[-12629.36328125,7.7808990478515629,517.6893920898438,-0.17448106408119203,-0.00415031099691987,-0.9846518039703369,0.0011077263625338674,0.9999896287918091,-0.004411250352859497,0.9846599102020264,-0.0018604043871164322,-0.17447467148303986],[-12627.765625,7.780403137207031,517.9725341796875,-0.17448200285434724,-0.0041626933962106709,-0.9846515655517578,0.0011078871320933104,0.9999896287918091,-0.004423855803906918,0.984659731388092,-0.0018627659883350134,-0.17447558045387269],[-12626.1552734375,7.779596328735352,518.2579956054688,-0.17448244988918305,-0.004175146110355854,-0.9846514463424683,0.0011080059921368957,0.9999895691871643,-0.004436524119228125,0.9846596717834473,-0.0018650953425094486,-0.1744759976863861],[-12624.3291015625,7.780457973480225,518.581787109375,-0.17448297142982484,-0.004179408773779869,-0.9846513271331787,0.001107837655581534,0.9999895095825195,-0.004440824501216412,0.9846595525741577,-0.0018656820757314563,-0.1744765192270279],[-12622.279296875,7.781458854675293,518.9448852539063,-0.1744823455810547,-0.0041816988959908489,-0.9846514463424683,0.00110790750477463,0.9999895095825195,-0.004443161655217409,0.9846596717834473,-0.001866155886091292,-0.17447587847709657],[-12620.4169921875,7.783885955810547,519.27490234375,-0.17448316514492036,-0.004167988896369934,-0.9846513271331787,0.0011077511589974166,0.9999895691871643,-0.004429211840033531,0.9846595525741577,-0.0018635715823620558,-0.1744767278432846],[-12618.537109375,7.785129070281982,519.6080322265625,-0.1744830161333084,-0.004151251167058945,-0.9846514463424683,0.0011078383540734649,0.9999896287918091,-0.004412228707224131,0.9846595525741577,-0.0018606935627758504,-0.17447660863399507],[-12616.6396484375,7.783571243286133,519.9445190429688,-0.17448408901691438,-0.00415342953056097,-0.9846512079238892,0.0011083227582275868,0.9999896287918091,-0.004414529073983431,0.9846593737602234,-0.0018615764565765858,-0.174477681517601],[-12614.72265625,7.782064914703369,520.2841186523438,-0.17448526620864869,-0.004157534800469875,-0.9846510291099548,0.0011083143763244153,0.9999896287918091,-0.004418698605149984,0.9846591353416443,-0.001862300792708993,-0.17447884380817414],[-12613.00390625,7.7821807861328129,520.5888061523438,-0.17448556423187257,-0.004160272888839245,-0.9846509695053101,0.0011080174008384348,0.9999896287918091,-0.004421427380293608,0.9846591353416443,-0.0018624856602400542,-0.174479141831398],[-12611.0517578125,7.78380012512207,520.9346313476563,-0.17448531091213227,-0.004151889123022556,-0.9846510291099548,0.0011079871328547598,0.9999896287918091,-0.004412907641381025,0.9846591353416443,-0.00186096818652004,-0.1744789034128189],[-12609.2998046875,7.7835259437561039,521.2449951171875,-0.17448528110980988,-0.004152633249759674,-0.9846510291099548,0.0011081402190029622,0.9999896287918091,-0.00441369041800499,0.9846591353416443,-0.001861255383118987,-0.17447887361049653],[-12607.5322265625,7.783235549926758,521.5581665039063,-0.17448526620864869,-0.0041538565419614319,-0.9846510291099548,0.001108330674469471,0.9999896287918091,-0.004414966329932213,0.9846591353416443,-0.0018616655142977834,-0.17447884380817414],[-12605.525390625,7.783353328704834,521.9138793945313,-0.174484983086586,-0.0041536614298820499,-0.9846510887145996,0.0011083229910582305,0.9999896287918091,-0.004414765629917383,0.9846591949462891,-0.0018616217421367765,-0.17447857558727265],[-12603.7236328125,7.7840352058410648,522.2330932617188,-0.17448444664478303,-0.004145244136452675,-0.9846512079238892,0.0011081788688898087,0.9999896883964539,-0.0044061909429728989,0.9846593141555786,-0.0018599815666675568,-0.17447805404663087],[-12601.6767578125,7.785721778869629,522.595703125,-0.17448443174362184,-0.00413535488769412,-0.9846512675285339,0.0011083341669291258,0.9999897480010986,-0.004396175034344196,0.9846593141555786,-0.0018583866767585278,-0.17447805404663087],[-12599.83984375,7.78522253036499,522.9212646484375,-0.1744837462902069,-0.004134234506636858,-0.9846513867378235,0.0011087541934102774,0.9999897480010986,-0.004395110532641411,0.9846594333648682,-0.0018586117075756193,-0.17447736859321595],[-12597.751953125,7.784205436706543,523.291259765625,-0.17448411881923676,-0.0041353413835167889,-0.9846513271331787,0.0011079713003709913,0.9999897480010986,-0.004396096803247929,0.9846593737602234,-0.0018580143805593253,-0.1744777411222458],[-12595.642578125,7.786170959472656,523.6649780273438,-0.17448534071445466,-0.004116783384233713,-0.9846511483192444,0.0011080477852374316,0.9999898076057434,-0.004377265460789204,0.9846591353416443,-0.001854809233918786,-0.17447899281978608],[-12593.5107421875,7.787245750427246,524.0430297851563,-0.17448438704013825,-0.004106475505977869,-0.9846513867378235,0.0011083526769652963,0.9999898672103882,-0.004366849083453417,0.9846593141555786,-0.0018532880349084735,-0.17447806894779206],[-12591.595703125,7.78530216217041,524.3823852539063,-0.1744845062494278,-0.00410607410594821,-0.9846513867378235,0.0011086729355156422,0.9999898672103882,-0.004366498440504074,0.9846593141555786,-0.001853542635217309,-0.1744781881570816],[-12589.419921875,7.78548002243042,524.7679443359375,-0.1744842380285263,-0.004095928277820349,-0.9846514463424683,0.0011088333558291197,0.9999898672103882,-0.004356222692877054,0.9846593141555786,-0.0018519065342843533,-0.1744779348373413],[-12587.4658203125,7.78393030166626,525.1141357421875,-0.1744857281446457,-0.004108201712369919,-0.9846511483192444,0.0011092231143265963,0.9999898672103882,-0.004368758760392666,0.9846590757369995,-0.0018544838530942798,-0.1744793951511383],[-12585.2451171875,7.786130428314209,525.5076904296875,-0.17448586225509644,-0.004090785048902035,-0.9846512079238892,0.001109113683924079,0.999989926815033,-0.004351051524281502,0.9846590757369995,-0.0018512870883569122,-0.17447955906391145],[-12583,7.787049293518066,525.9055786132813,-0.17448553442955018,-0.0040773688815534119,-0.9846512675285339,0.0011093223001807929,0.9999899864196777,-0.004337463062256575,0.9846591353416443,-0.0018491201335564256,-0.17447926104068757],[-12580.9833984375,7.784940719604492,526.2628784179688,-0.17448586225509644,-0.004090879578143358,-0.9846512079238892,0.0011096012312918902,0.999989926815033,-0.004351234063506126,0.9846590757369995,-0.001851799082942307,-0.17447955906391145],[-12578.69140625,7.784863471984863,526.6690673828125,-0.1744859367609024,-0.004087836481630802,-0.9846512079238892,0.0011095213703811169,0.999989926815033,-0.004348129965364933,0.9846590161323547,-0.0018511791713535786,-0.1744796484708786],[-12576.6328125,7.785490989685059,527.0338745117188,-0.17448517680168153,-0.004083923064172268,-0.9846513271331787,0.0011091518681496382,0.999989926815033,-0.004344088491052389,0.9846591949462891,-0.0018501069862395526,-0.1744789034128189],[-12574.2919921875,7.787036418914795,527.448486328125,-0.17448405921459199,-0.004068674985319376,-0.9846515655517578,0.0011089891195297242,0.9999900460243225,-0.004328571725636721,0.9846593737602234,-0.0018472346710041166,-0.17447780072689057],[-12571.9248046875,7.786609649658203,527.86767578125,-0.17448310554027558,-0.00406396621838212,-0.9846518039703369,0.001108827069401741,0.9999900460243225,-0.004323759116232395,0.9846595525741577,-0.001846231403760612,-0.17447686195373536],[-12569.798828125,7.786887168884277,528.244384765625,-0.17448356747627259,-0.00404979707673192,-0.9846517443656921,0.0011092801578342915,0.9999901056289673,-0.00430945074185729,0.9846594333648682,-0.001844183076173067,-0.17447735369205476],[-12567.3828125,7.784262180328369,528.67236328125,-0.17448453605175019,-0.004074337426573038,-0.984651505947113,0.00111005874350667,0.9999899864196777,-0.00433451309800148,0.9846593141555786,-0.0018493265379220248,-0.17447826266288758],[-12565.2119140625,7.784362316131592,529.056884765625,-0.17448440194129945,-0.00407149875536561,-0.984651505947113,0.0011101864511147142,0.9999899864196777,-0.004331652540713549,0.9846593141555786,-0.0018489526119083167,-0.17447812855243684],[-12562.7451171875,7.788212776184082,529.4939575195313,-0.17448405921459199,-0.004048389848321676,-0.9846516847610474,0.0011097422102466226,0.9999901056289673,-0.004308104515075684,0.9846593737602234,-0.001844405080191791,-0.17447784543037415],[-12560.251953125,7.787505149841309,529.9356689453125,-0.17448431253433228,-0.004043021705001593,-0.9846516251564026,0.001110193319618702,0.9999901056289673,-0.004302733112126589,0.9846593141555786,-0.0018439131090417505,-0.17447809875011445],[-12558.013671875,7.785946369171143,530.3323974609375,-0.17448540031909944,-0.0040549165569245819,-0.9846513867378235,0.0011102503631263972,0.9999900460243225,-0.004314825404435396,0.9846591353416443,-0.0018460835563018919,-0.1744791716337204],[-12555.470703125,7.7849884033203129,530.7830810546875,-0.17448513209819795,-0.004051154013723135,-0.9846514463424683,0.001110156998038292,0.9999901056289673,-0.0043109869584441189,0.9846591949462891,-0.0018453208031132818,-0.1744789034128189],[-12553.1884765625,7.786104679107666,531.1876831054688,-0.17448543012142182,-0.004045238718390465,-0.9846514463424683,0.0011101621203124524,0.9999901056289673,-0.004304980859160423,0.9846591353416443,-0.0018442792352288962,-0.17447920143604279],[-12550.884765625,7.786795616149902,531.5961303710938,-0.1744854897260666,-0.0040398892015218739,-0.9846514463424683,0.0011101514101028443,0.9999901652336121,-0.004299546591937542,0.9846591353416443,-0.0018433206714689732,-0.17447927594184876],[-12548.2685546875,7.788873672485352,532.0599365234375,-0.17448608577251435,-0.0040127490647137169,-0.9846514463424683,0.0011097983224317432,0.9999902844429016,-0.004271922167390585,0.9846590161323547,-0.0018381554400548339,-0.17447993159294129],[-12545.9287109375,7.790130615234375,532.4755859375,-0.17450012266635896,-0.0037961299531161787,-0.9846498370170593,0.0011057923547923565,0.9999911785125732,-0.004051244352012873,0.9846565127372742,-0.0017957608215510846,-0.17449438571929933],[-12543.3017578125,7.785712718963623,532.9412841796875,-0.17454680800437928,-0.003601553151383996,-0.9846422672271729,0.001099974731914699,0.9999919533729553,-0.0038526898715645077,0.9846482872962952,-0.0017555563244968653,-0.1745414435863495],[-12540.9736328125,7.781499862670898,533.353759765625,-0.17454610764980317,-0.003588292980566621,-0.9846424460411072,0.0010988733265548945,0.9999920129776001,-0.003839026438072324,0.9846484065055847,-0.0017520844703540207,-0.17454077303409577],[-12538.3427734375,7.7817063331604,533.8192138671875,-0.17454369366168977,-0.003668532706797123,-0.9846426248550415,0.001106451964005828,0.9999917149543762,-0.003921855706721544,0.9846488237380981,-0.0017739948816597462,-0.17453818023204804],[-12536.2783203125,7.782964706420898,534.1856079101563,-0.17454202473163606,-0.003724860493093729,-0.9846426844596863,0.0011058893287554384,0.9999914765357971,-0.003978958819061518,0.984649121761322,-0.0017834013560786844,-0.17453640699386598],[-12533.6005859375,7.783079624176025,534.6599731445313,-0.17454341053962708,-0.0038021306972950699,-0.9846421480178833,0.0011083639692515135,0.9999911785125732,-0.004057874903082848,0.9846488833427429,-0.0017996171955019236,-0.17453764379024507],[-12531.1982421875,7.784096717834473,535.0860595703125,-0.17454397678375245,-0.003796383272856474,-0.9846420884132385,0.0011089759645983577,0.9999911785125732,-0.004052147269248962,0.9846487641334534,-0.0017992221983149648,-0.17453822493553163],[-12528.470703125,7.78473424911499,535.5695190429688,-0.17454281449317933,-0.003790791379287839,-0.9846422672271729,0.0011090581538155676,0.9999911785125732,-0.0040464806370437149,0.9846489429473877,-0.0017983096186071635,-0.1745370775461197],[-12526.0244140625,7.785304546356201,536.003173828125,-0.17454269528388978,-0.0037742711137980224,-0.9846423864364624,0.001108900411054492,0.999991238117218,-0.004029674921184778,0.9846490025520325,-0.0017952206544578076,-0.17453697323799134],[-12523.2470703125,7.786067008972168,536.495361328125,-0.17454421520233155,-0.003777635982260108,-0.9846420884132385,0.0011094586225226522,0.999991238117218,-0.004033193923532963,0.9846487045288086,-0.0017963902791962028,-0.1745384931564331],[-12520.7578125,7.786249160766602,536.9367065429688,-0.174545556306839,-0.0037656622007489206,-0.9846419095993042,0.0011094389483332635,0.9999912977218628,-0.004021032247692347,0.9846484661102295,-0.0017942533595487476,-0.17453986406326295],[-12518.2490234375,7.787038803100586,537.381591796875,-0.1745457798242569,-0.0037556777242571117,-0.9846419095993042,0.001109386677853763,0.9999913573265076,-0.004010883625596762,0.9846484065055847,-0.001792431459762156,-0.17454010248184205],[-12515.4013671875,7.788458347320557,537.8864135742188,-0.17454616725444795,-0.003755010897293687,-0.9846418499946594,0.001109511242248118,0.9999913573265076,-0.004010228905826807,0.9846483469009399,-0.0017924413550645114,-0.17454048991203309],[-12512.84765625,7.786680221557617,538.3390502929688,-0.1745459884405136,-0.003777948906645179,-0.9846417903900147,0.0011096261441707612,0.999991238117218,-0.0040335445664823059,0.9846484065055847,-0.0017966232262551785,-0.17454026639461518],[-12510.2734375,7.78501033782959,538.7954711914063,-0.17454612255096436,-0.0037765761371701957,-0.9846417307853699,0.001110142096877098,0.999991238117218,-0.004032242111861706,0.9846483469009399,-0.0017969044856727124,-0.17454040050506593],[-12507.6796875,7.786891460418701,539.2598876953125,-0.17463935911655427,-0.0037959697656333448,-0.9846251606941223,0.0011398729402571917,0.9999911189079285,-0.0040573845617473129,0.9846317768096924,-0.0018309265142306686,-0.17463348805904389],[-12504.7451171875,7.787908554077148,539.8314208984375,-0.1766354888677597,-0.0037214055191725494,-0.9842693209648132,0.0012882533483207226,0.9999911189079285,-0.004012036137282848,0.9842755198478699,-0.001976656261831522,-0.17662912607192994],[-12501.7958984375,7.791745185852051,540.4976806640625,-0.18244029581546784,-0.0042875693179667,-0.9832075834274292,0.0013467364478856326,0.9999884366989136,-0.0046106427907943729,0.9832159876823425,-0.002165288431569934,-0.1824324131011963],[-12499.1640625,7.7927985191345219,541.1679077148438,-0.19034157693386079,-0.004119978751987219,-0.9817093014717102,0.0014000267256051303,0.9999890327453613,-0.00446814252063632,0.9817169308662415,-0.002224892610684037,-0.19033372402191163],[-12496.5234375,7.773608207702637,541.879638671875,-0.1987110674381256,-0.0029907808639109136,-0.9800535440444946,0.0014425930567085744,0.9999933838844299,-0.0033441237173974516,0.9800570607185364,-0.0020783329382538797,-0.19870543479919434],[-12493.5458984375,7.762875556945801,542.7474975585938,-0.2098490297794342,-0.0020722909830510618,-0.9777315855026245,0.0017591324867680669,0.9999953508377075,-0.002497038571164012,0.977732241153717,-0.0022439605090767147,-0.2098444104194641],[-12491.2451171875,7.761638641357422,543.4884643554688,-0.22068174183368684,-0.0018825078150257469,-0.9753440618515015,0.002801022492349148,0.9999927878379822,-0.0025638428051024677,0.9753418564796448,-0.0032977540977299215,-0.22067488729953767],[-12488.3232421875,7.7580671310424809,544.5228271484375,-0.23676374554634095,-0.0010486672399565578,-0.9715666770935059,0.004796143155544996,0.9999859929084778,-0.0022481270134449007,0.9715554118156433,-0.005192047916352749,-0.2367554008960724],[-12485.767578125,7.7501959800720219,545.530517578125,-0.25349685549736025,-0.00011716112203430384,-0.9673361778259277,0.007461738772690296,0.999970018863678,-0.002076511736959219,0.967307448387146,-0.007744398899376392,-0.2534883916378021],[-12482.9521484375,7.738891124725342,546.7817993164063,-0.2755575180053711,0.0010274226078763605,-0.9612840414047241,0.011697155423462391,0.9999289512634277,-0.002284329617395997,0.9612134099006653,-0.011873752810060978,-0.275549978017807],[-12480.2060546875,7.738203048706055,548.1533813476563,-0.3003908395767212,0.0029938670340925457,-0.953811526298523,0.01628260873258114,0.9998654723167419,-0.0019895778968930246,0.9536771774291992,-0.016128189861774446,-0.30039918422698977],[-12477.541015625,7.741408824920654,549.6425170898438,-0.32739171385765078,0.0046485429629683498,-0.9448772668838501,0.020818404853343965,0.9997806549072266,-0.002294742502272129,0.9446593523025513,-0.02042211778461933,-0.32741665840148928],[-12475.2431640625,7.743799209594727,551.0574951171875,-0.35260239243507388,0.006155406124889851,-0.9357529878616333,0.024216776713728906,0.9997034668922424,-0.002549084136262536,0.9354598522186279,-0.023559734225273134,-0.35264691710472109],[-12472.734375,7.724086284637451,552.7379150390625,-0.38139092922210696,0.008676718920469284,-0.9243731498718262,0.0270693302154541,0.999631941318512,-0.0017855028854683042,0.9240174293518066,-0.02570313587784767,-0.3814854323863983],[-12470.3154296875,7.6901021003723148,554.5125122070313,-0.4108981192111969,0.011949392966926098,-0.9116029739379883,0.029478251934051515,0.9995654225349426,-0.0001846839877543971,0.9112045764923096,-0.026948347687721254,-0.41107177734375],[-12467.99609375,7.658219337463379,556.377197265625,-0.4411216974258423,0.015214819461107254,-0.8973183035850525,0.031616147607564929,0.9994990825653076,0.001404886250384152,0.8968902230262756,-0.02775002270936966,-0.4413817524909973],[-12465.7763671875,7.623054504394531,558.3289794921875,-0.47177451848983767,0.018582606688141824,-0.8815233707427979,0.033976227045059207,0.9994184970855713,0.0028844191692769529,0.8810643553733826,-0.028590042144060136,-0.47213155031204226],[-12463.6748046875,7.58292818069458,560.3762817382813,-0.5035690665245056,0.021533163264393808,-0.8636865615844727,0.03709142655134201,0.9993064403533936,0.0032883845269680025,0.8631584048271179,-0.030379438772797586,-0.5040185451507568],[-12461.69140625,7.57598876953125,562.5150756835938,-0.5360463857650757,0.025462694466114045,-0.8438044190406799,0.04140329733490944,0.9991351366043091,0.003847554326057434,0.8431726098060608,-0.032873816788196567,-0.536637008190155],[-12460.009765625,7.584916114807129,564.4690551757813,-0.5656982660293579,0.02664441429078579,-0.8241817355155945,0.04370979219675064,0.9990416169166565,0.0022960067726671697,0.8234530687332153,-0.034725967794656757,-0.5663207173347473],[-12458.009765625,7.591951370239258,566.9769897460938,-0.6033514738082886,0.0268852598965168,-0.7970221042633057,0.04448616877198219,0.9990100264549255,0.000022395222913473846,0.7962336540222168,-0.03544294461607933,-0.6039501428604126],[-12456.4794921875,7.596097946166992,569.0223388671875,-0.6327815651893616,0.027129460126161577,-0.7738549113273621,0.044523052871227267,0.9990074038505554,-0.0013837688602507115,0.7730492949485779,-0.03533000871539116,-0.6333613395690918],[-12454.8408203125,7.603511333465576,571.3654174804688,-0.6646865010261536,0.027883922681212426,-0.7466018795967102,0.04460294917225838,0.9990019202232361,-0.0023987158201634886,0.7457898259162903,-0.03489504009485245,-0.665266752243042],[-12453.2919921875,7.612372875213623,573.75048828125,-0.6950941681861877,0.029023872688412668,-0.7183325886726379,0.044786952435970309,0.9989921450614929,-0.0029742897022515537,0.7175222635269165,-0.03423933684825897,-0.6956935524940491],[-12451.8369140625,7.625953674316406,576.1814575195313,-0.724142849445343,0.030631117522716523,-0.6889694333076477,0.04507911950349808,0.9989790320396423,-0.0029665743932127954,0.6881751418113709,-0.03320636227726936,-0.7247843146324158],[-12450.46875,7.636114120483398,578.6569213867188,-0.7517403364181519,0.0319872722029686,-0.6586830019950867,0.04514477029442787,0.998975932598114,-0.0030099886935204269,0.6579121351242065,-0.03199882060289383,-0.7524145841598511],[-12449.1845703125,7.638445854187012,581.1754150390625,-0.7776363492012024,0.03318679332733154,-0.6278378367424011,0.045178625732660297,0.9989739656448364,-0.003153364872559905,0.6270889639854431,-0.030817020684480668,-0.7783377766609192],[-12448.103515625,7.636102676391602,583.4475708007813,-0.7990043759346008,0.034128587692976,-0.6003559231758118,0.045180171728134158,0.9989732503890991,-0.00334069668315351,0.5996255278587341,-0.02979341708123684,-0.7997259497642517],[-12447.0673828125,7.674494743347168,585.604736328125,-0.8180944919586182,0.0343051441013813,-0.5740597248077393,0.04416501522064209,0.9990190267562866,-0.003239493817090988,0.5733854174613953,-0.028003567829728128,-0.8188070058822632],[-12445.8828125,8.2489595413208,587.85986328125,-0.8348711729049683,0.02871294505894184,-0.5496960282325745,0.05367917940020561,0.9981256127357483,-0.02939092181622982,0.5478217601776123,-0.05404486507177353,-0.8348475694656372],[-12444.6953125,8.729134559631348,590.1205444335938,-0.8489503860473633,0.025503484532237054,-0.5278568267822266,0.06574835628271103,0.9961716532707214,-0.05761266499757767,0.5243666768074036,-0.08361601084470749,-0.8473770618438721],[-12443.4814453125,8.930496215820313,592.434814453125,-0.859679639339447,0.02901645004749298,-0.5100088119506836,0.0764414593577385,0.9944512844085693,-0.07227271050214768,0.5050817728042603,-0.10111719369888306,-0.8571276068687439],[-12442.2412109375,8.885747909545899,594.8145751953125,-0.8673524856567383,0.03873615339398384,-0.4961845874786377,0.08642571419477463,0.9935424327850342,-0.07351205497980118,0.4901328682899475,-0.10664396733045578,-0.865099310874939],[-12441.115234375,8.649240493774414,596.9854736328125,-0.872031569480896,0.0510004423558712,-0.48678526282310488,0.09427781403064728,0.9934342503547669,-0.06480813026428223,0.4802839159965515,-0.1024077832698822,-0.8711142539978027],[-12439.8232421875,8.162955284118653,599.4840698242188,-0.8750128149986267,0.06886515766382218,-0.47917652130126955,0.10212186723947525,0.9938135147094727,-0.04365576058626175,0.4732057452201843,-0.0871337503194809,-0.8766322135925293],[-12438.4365234375,7.487443447113037,602.3290405273438,-0.8775686621665955,0.09008553624153137,-0.4709116816520691,0.10867354273796082,0.9940005540847778,-0.012366271577775479,0.4669724404811859,-0.06202789396047592,-0.8820936679840088],[-12437.3486328125,7.054550647735596,604.8184204101563,-0.8825967907905579,0.1047956719994545,-0.45830199122428896,0.11085478216409683,0.9937415719032288,0.013745809905230999,0.4568742513656616,-0.03867296129465103,-0.8886902332305908],[-12436.4970703125,7.20208740234375,607.0618896484375,-0.8911922574043274,0.11484631896018982,-0.43884697556495669,0.11284368485212326,0.9931369423866272,0.03074580617249012,0.4393661916255951,-0.022120682522654535,-0.8980356454849243],[-12435.568359375,7.492528438568115,609.5792236328125,-0.9014238119125366,0.11675581336021424,-0.41689708828926089,0.11228618770837784,0.993047833442688,0.03532446548342705,0.4181230962276459,-0.014969469048082829,-0.9082670211791992],[-12434.63671875,7.708382606506348,612.0926513671875,-0.9112003445625305,0.1146472692489624,-0.3956892192363739,0.11140086501836777,0.9932838082313538,0.031258802860975268,0.3966154158115387,-0.015597090125083924,-0.9178523421287537],[-12433.58203125,7.807002544403076,614.8723754882813,-0.9211567640304565,0.10938094556331635,-0.37350502610206606,0.1098523214459419