{"DriveData":[[-12657.91015625,7.7937493324279789,483.9002685546875,-0.1516902893781662,-0.005843800958245993,-0.9884107708930969,-0.011108682490885258,0.9999294281005859,-0.004207065794616938,0.988365650177002,0.010341770015656948,-0.1517445147037506],[-12653.78125,7.793949127197266,484.5340270996094,-0.15168894827365876,-0.0058714961633086208,-0.9884108304977417,-0.011110429652035237,0.9999293088912964,-0.004234829917550087,0.9883658289909363,0.010339291766285897,-0.15174345672130586],[-12649.220703125,7.794198513031006,485.2342834472656,-0.15168920159339906,-0.005912806373089552,-0.9884105324745178,-0.011112301610410214,0.9999291300773621,-0.004276331048458815,0.9883657693862915,0.010334842838346959,-0.15174415707588197],[-12644.748046875,7.794260501861572,485.9206848144531,-0.15168993175029756,-0.00595494220033288,-0.9884101748466492,-0.01111350767314434,0.999928891658783,-0.004318765364587307,0.988365650177002,0.010329591110348702,-0.15174531936645509],[-12640.193359375,7.798868656158447,486.62017822265627,-0.15169048309326173,-0.005955034401267767,-0.9884101152420044,-0.011114740744233132,0.999928891658783,-0.004318663384765387,0.9883655309677124,0.010330822318792344,-0.15174588561058045],[-12635.5517578125,7.7986674308776859,487.3326416015625,-0.15169154107570649,-0.005973073188215494,-0.9884098172187805,-0.011116833426058293,0.9999288320541382,-0.004336580168455839,0.9883653521537781,0.010330164805054665,-0.15174713730812074],[-12630.4443359375,7.800060272216797,488.11676025390627,-0.1516912877559662,-0.005985171068459749,-0.9884098172187805,-0.011118976399302483,0.9999287128448486,-0.004348492715507746,0.9883653521537781,0.01033047679811716,-0.15174701809883119],[-12625.818359375,7.7997236251831059,488.8268127441406,-0.15169253945350648,-0.006011192686855793,-0.9884094595909119,-0.011120150797069073,0.9999285936355591,-0.004374624229967594,0.9883651733398438,0.010327664203941822,-0.15174855291843415],[-12620.9267578125,7.798222541809082,489.74871826171877,-0.15906129777431489,-0.00555943138897419,-0.9872530698776245,-0.00956903025507927,0.999945878982544,-0.00408919295296073,0.9872223138809204,0.008796622045338154,-0.15910588204860688],[-12615.841796875,7.765092372894287,491.3257141113281,-0.19221289455890656,-0.0035597176756709816,-0.9813467860221863,-0.0012224040692672134,0.9999935030937195,-0.0033879284746944906,0.9813525080680847,0.0005483987624756992,-0.19221600890159608],[-12611.08984375,7.772824287414551,492.8074951171875,-0.21457351744174958,-0.0036422889679670336,-0.976701021194458,-0.000981193850748241,0.9999933242797852,-0.0035135895013809206,0.9767073392868042,0.00020440982189029455,-0.2145756632089615],[-12606.220703125,7.788384437561035,493.9833984375,-0.21858467161655427,-0.004204264376312494,-0.9758089184761047,-0.001005950733087957,0.9999911785125732,-0.004083116538822651,0.9758174419403076,0.00008910895849112421,-0.2185869663953781],[-12601.0595703125,7.789280891418457,495.17877197265627,-0.22011210024356843,-0.00424137432128191,-0.9754653573036194,-0.0010400634491816164,0.9999909996986389,-0.004113324917852879,0.9754739999771118,0.00010915331222349778,-0.22011452913284303],[-12595.8212890625,7.787404537200928,496.4254455566406,-0.22266708314418794,-0.004040151834487915,-0.9748861789703369,-0.0010141446255147458,0.9999918341636658,-0.003912561573088169,0.9748939871788025,0.00011747697135433555,-0.22266936302185059],[-12590.6064453125,7.782381534576416,498.2002258300781,-0.24638834595680238,-0.003954440355300903,-0.9691631197929382,-0.00003316030779387802,0.9999917149543762,-0.004071798641234636,0.9691711664199829,-0.0009711059974506497,-0.24638642370700837],[-12585.4052734375,7.76387357711792,500.3002624511719,-0.2764987349510193,-0.0028985370881855489,-0.9610099196434021,0.00023453784524463117,0.999995231628418,-0.0030836027581244709,0.9610142707824707,-0.001078005530871451,-0.2764967381954193],[-12580.05859375,7.779680252075195,502.0826416015625,-0.2854344844818115,-0.003565798047930002,-0.9583916068077087,-0.0000964050050242804,0.9999932050704956,-0.0036918690893799068,0.9583982229232788,-0.0009613930596970022,-0.285432904958725],[-12574.60546875,7.777647972106934,503.7720947265625,-0.28787869215011599,-0.0033763302490115167,-0.9576609134674072,-0.00013744391617365181,0.9999939203262329,-0.0034842630848288538,0.9576668739318848,-0.0008714204304851592,-0.2878774106502533],[-12569.060546875,7.775356769561768,505.4521484375,-0.28840315341949465,-0.003381619229912758,-0.957503080368042,-0.00013569355360232294,0.9999939203262329,-0.0034908128436654808,0.9575090408325195,-0.0008768344996497035,-0.28840187191963198],[-12563.4345703125,7.7724127769470219,507.14794921875,-0.28845587372779848,-0.003424390684813261,-0.9574870467185974,-0.0001344455813523382,0.9999937415122986,-0.0035359093453735115,0.9574931859970093,-0.0008912238990888,-0.288454532623291],[-12557.728515625,7.773891925811768,508.86773681640627,-0.28847435116767886,-0.003463494824245572,-0.9574813842773438,-0.00013684989244211465,0.999993622303009,-0.003576043527573347,0.9574876427650452,-0.0009005655883811414,-0.288472980260849],[-12551.9384765625,7.775718688964844,510.6120910644531,-0.2884753942489624,-0.003491372102871537,-0.9574809670448303,-0.00013793370453640819,0.9999935030937195,-0.003604833036661148,0.9574872851371765,-0.0009078367729671299,-0.2884739935398102],[-12546.0673828125,7.774724006652832,512.381103515625,-0.2884773313999176,-0.003575180657207966,-0.9574800729751587,-0.0001384567003697157,0.9999931454658508,-0.003692207159474492,0.9574866890907288,-0.0009325486025772989,-0.2884758710861206],[-12540.11328125,7.780065536499023,514.1751708984375,-0.2884786128997803,-0.0036180061288177969,-0.9574795365333557,-0.00013967632548883557,0.9999930262565613,-0.00373656814917922,0.9574863314628601,-0.0009441826841793954,-0.2884770929813385],[-12533.5888671875,7.780322074890137,516.1407470703125,-0.28848057985305788,-0.0036652334965765478,-0.9574787020683289,-0.0001404605427524075,0.999992847442627,-0.003785658162087202,0.9574857354164124,-0.0009576008887961507,-0.2884790301322937],[-12527.708984375,7.780319690704346,517.912353515625,-0.2884807884693146,-0.0037071777042001487,-0.9574785232543945,-0.0001408997632097453,0.9999926686286926,-0.003829332534223795,0.9574856758117676,-0.0009697803761810064,-0.288479208946228],[-12521.501953125,7.784029006958008,519.782470703125,-0.28848376870155337,-0.003766674781218171,-0.9574773907661438,-0.00014268608356360346,0.9999924302101135,-0.0038909362629055979,0.957484781742096,-0.0009858532575890422,-0.28848209977149966],[-12515.4658203125,7.78226375579834,521.6011962890625,-0.288486510515213,-0.003822104772552848,-0.9574763178825378,-0.00014382587687578052,0.9999921917915344,-0.003948487341403961,0.9574839472770691,-0.0010013753781095148,-0.2884848117828369],[-12509.13671875,7.785839557647705,523.6680297851563,-0.2945261597633362,-0.003554918570443988,-0.9556367993354797,0.00009372846398036927,0.9999929666519165,-0.0037488082889467479,0.9556434154510498,-0.0011936924420297146,-0.2945237457752228],[-12503.1962890625,7.783621311187744,526.3595581054688,-0.32751989364624026,-0.0028464840725064279,-0.9448400139808655,0.003518059616908431,0.999984860420227,-0.004232118837535381,0.944837749004364,-0.004710106644779444,-0.3275049030780792],[-12496.9970703125,7.770312309265137,530.0220947265625,-0.38242021203041079,-0.0005352509906515479,-0.9239883422851563,0.007946351543068886,0.9999609589576721,-0.0038680958095937969,0.9239543676376343,-0.008821574039757252,-0.3824010193347931],[-12491.0302734375,7.760591506958008,533.5910034179688,-0.4199247360229492,0.0005815860931761563,-0.9075587391853333,0.007676318753510714,0.9999663233757019,-0.002911006798967719,0.9075264930725098,-0.008189113810658455,-0.4199150502681732],[-12484.5986328125,7.778190612792969,536.8714599609375,-0.4292777180671692,-0.0003689735312946141,-0.9031724333763123,0.00728433346375823,0.9999659657478333,-0.0038707591593265535,0.9031431674957275,-0.00824064016342163,-0.4292604327201843],[-12478.0517578125,7.770382881164551,540.0907592773438,-0.4325169622898102,-0.000371478934539482,-0.9016256928443909,0.00737051060423255,0.9999650716781616,-0.003947687800973654,0.9015956521034241,-0.008352884091436863,-0.43249911069869997],[-12472.1328125,7.795230388641357,543.50341796875,-0.45144417881965639,-0.0007983331452123821,-0.8922989964485169,0.007736682891845703,0.9999585151672363,-0.0048089041374623779,0.892265796661377,-0.009074386209249497,-0.45141929388046267],[-12465.9814453125,7.757991313934326,547.8351440429688,-0.4901058077812195,0.001360274851322174,-0.871661901473999,0.007944840006530285,0.9999642372131348,-0.0029066153801977636,0.8716267347335815,-0.008349763229489327,-0.49009907245635989],[-12460.1328125,7.756250381469727,552.6585693359375,-0.5359569191932678,0.0020392846781760456,-0.8442428708076477,0.008486577309668064,0.9999595880508423,-0.0029721749015152456,0.8442026972770691,-0.008757689967751503,-0.5359525084495544],[-12454.8447265625,7.728781700134277,556.9922485351563,-0.5634860992431641,0.0031377600971609356,-0.826119601726532,0.00824588444083929,0.9999643564224243,-0.0018263616366311908,0.8260843753814697,-0.007841216400265694,-0.5634918808937073],[-12449.2001953125,7.768467903137207,561.756103515625,-0.588238537311554,0.0020636122208088638,-0.8086848258972168,0.00868544913828373,0.9999551773071289,-0.003766110399737954,0.8086408376693726,-0.00923916231840849,-0.5882300734519959],[-12443.908203125,7.764752388000488,567.0375366210938,-0.6254866123199463,0.0033291408326476814,-0.780227780342102,0.00935024581849575,0.9999510645866394,-0.00322915380820632,0.7801788449287415,-0.00931511353701353,-0.6254871487617493],[-12439.2138671875,7.747279167175293,572.9224853515625,-0.6769329309463501,0.006948146503418684,-0.7360119223594666,0.013276202604174614,0.9999080300331116,-0.0027711389120668175,0.7359249591827393,-0.011647318489849568,-0.6769629120826721],[-12435.5244140625,7.757704257965088,579.1551513671875,-0.7377937436103821,0.01209166832268238,-0.6749179363250732,0.019594628363847734,0.9998018741607666,-0.0035078662913292648,0.6747417449951172,-0.015812847763299943,-0.7378844618797302],[-12432.810546875,7.75435733795166,585.5338745117188,-0.7984188795089722,0.01640443317592144,-0.6018788814544678,0.023197012022137643,0.9997246861457825,-0.0035239907447248699,0.6016554236412048,-0.01677541248500347,-0.7985795736312866],[-12430.9111328125,7.747834205627441,592.4727783203125,-0.8588588833808899,0.01903858594596386,-0.5118582844734192,0.024041924625635148,0.999705970287323,-0.0031564044766128065,0.5116477012634277,-0.015016964636743069,-0.8590641021728516],[-12429.9453125,7.735768795013428,599.8717041015625,-0.9138051867485046,0.020891770720481874,-0.40561509132385256,0.023992953822016717,0.9997088313102722,-0.0025620285887271168,0.4054434597492218,-0.012073098681867123,-0.9140403866767883],[-12429.685546875,7.7300310134887699,606.7290649414063,-0.9508649110794067,0.02215142734348774,-0.30881255865097048,0.023999463766813279,0.9997096061706543,-0.002186613390222192,0.3086744546890259,-0.009490510448813439,-0.9511203765869141],[-12429.84375,7.7140092849731449,614.1375732421875,-0.9765040874481201,0.023640992119908334,-0.2141982764005661,0.024727489799261094,0.999691367149353,-0.002394039649516344,0.21407558023929597,-0.007634375244379044,-0.976787269115448],[-12430.53125,7.727358341217041,621.2442626953125,-0.9916118383407593,0.024053629487752916,-0.1269938051700592,0.024610068649053575,0.9996931552886963,-0.0028142009396106006,0.12688715755939485,-0.005915921647101641,-0.9918994903564453],[-12431.494140625,7.682186603546143,629.16162109375,-0.9984413385391235,0.02446332573890686,-0.05016446113586426,0.024526653811335565,0.9996989965438843,-0.0006471264641731978,0.05013353005051613,-0.0018764841370284558,-0.9987407326698303],[-12432.0224609375,7.7359442710876469,636.2041625976563,-0.9996539354324341,0.02095506712794304,-0.015903590247035028,0.021001692861318589,0.9997755885124207,-0.0027704432141035797,0.01584196649491787,-0.003103486727923155,-0.999869704246521],[-12432.115234375,7.759945869445801,643.2662963867188,-0.9998869299888611,0.011212693527340889,-0.010021008551120758,0.011249648407101632,0.9999300837516785,-0.003639053786173463,0.00997950416058302,-0.0037513752467930319,-0.9999431371688843],[-12432.173828125,7.763242721557617,650.6879272460938,-0.9999407529830933,0.009423669427633286,-0.005450965370982885,0.009445765055716038,0.999947190284729,-0.004042188171297312,0.0054125855676829819,-0.00409343745559454,-0.9999769926071167],[-12432.7431640625,7.7660136222839359,658.2015991210938,-0.9997701048851013,0.009486541152000428,0.019229769706726075,0.009410753846168518,0.9999476075172424,-0.004027789458632469,-0.019266972318291665,-0.003845896804705262,-0.9998070001602173],[-12433.62890625,7.763054847717285,665.4700317382813,-0.9987642168998718,0.009676489979028702,0.04874838888645172,0.00949858222156763,0.9999473690986633,-0.0038798439782112839,-0.04878336563706398,-0.0034120087511837484,-0.9988035559654236],[-12434.3134765625,7.771140098571777,672.790771484375,-0.9980802536010742,0.009345746599137783,0.061225082725286487,0.009108612313866616,0.9999498724937439,-0.004151119850575924,-0.06126081198453903,-0.0035854752641171219,-0.9981153607368469],[-12434.93359375,7.76278829574585,679.8799438476563,-0.9976069927215576,0.009402346797287465,0.06849703937768936,0.009166576899588108,0.9999509453773499,-0.0037555526942014696,-0.06852898746728897,-0.0031186824198812248,-0.9976442456245422],[-12436.205078125,7.77665901184082,687.596923828125,-0.9951202273368836,0.009384018369019032,0.09822273999452591,0.00903824158012867,0.9999513030052185,-0.00396470632404089,-0.09825515747070313,-0.0030575983691960575,-0.9951565861701965],[-12437.4814453125,7.7632904052734379,695.3667602539063,-0.9930214285850525,0.009333023801445961,0.11756435036659241,0.008962242864072323,0.999953031539917,-0.0036821209359914066,-0.1175931915640831,-0.002602784661576152,-0.993058443069458],[-12439.025390625,7.752814292907715,702.5505981445313,-0.9893683195114136,0.009582207538187504,0.14511564373970033,0.009232447482645512,0.9999526143074036,-0.003083484945818782,-0.14513830840587617,-0.001710929675027728,-0.9894099235534668],[-12441.001953125,7.757414817810059,710.0145263671875,-0.9837783575057983,0.009832648560404778,0.1791185736656189,0.009428060613572598,0.9999507069587708,-0.0031099054031074049,-0.17914032936096192,-0.0013707168400287629,-0.9838225841522217],[-12442.919921875,7.760700702667236,717.841552734375,-0.9803722500801086,0.008716986514627934,0.1969626247882843,0.008145364001393319,0.9999599456787109,-0.0037121144123375417,-0.1969870924949646,-0.0020349216647446157,-0.9804039597511292],[-12444.591796875,7.765633583068848,725.7693481445313,-0.9798861145973206,0.008268446661531926,0.19938617944717408,0.007689791731536388,0.9999637007713318,-0.0036764147225767376,-0.1994093358516693,-0.002069229492917657,-0.9799140691757202],[-12446.1220703125,7.766696929931641,733.1597290039063,-0.9797078371047974,0.008314589969813824,0.20025840401649476,0.007735855877399445,0.9999633431434631,-0.003672286868095398,-0.20028159022331239,-0.002048598136752844,-0.9797362089157105],[-12447.6552734375,7.761318683624268,740.6197509765625,-0.9797118902206421,0.008419503457844258,0.20023415982723237,0.007797876372933388,0.9999620318412781,-0.0038929965812712909,-0.20025934278964997,-0.0022526136599481107,-0.9797403216362],[-12449.3330078125,7.76389741897583,748.7960815429688,-0.9797359704971314,0.0085630863904953,0.20011019706726075,0.007899775169789791,0.9999603629112244,-0.004112996626645327,-0.20013748109340669,-0.0024488249327987434,-0.9797647595405579],[-12450.8994140625,7.768699645996094,756.4390869140625,-0.9797734618186951,0.008727099746465683,0.19991959631443025,0.008044653572142125,0.9999586939811707,-0.004225708078593016,-0.19994822144508363,-0.002531952690333128,-0.979803204536438],[-12452.6123046875,7.768834114074707,764.832763671875,-0.9798157215118408,0.008732683025300503,0.199711874127388,0.008074920624494553,0.9999589323997498,-0.0041078669019043449,-0.19973956048488618,-0.002412295201793313,-0.9798460602760315],[-12454.3515625,7.765540599822998,773.3500366210938,-0.9798322916030884,0.008756911382079125,0.19962970912456513,0.008120598271489144,0.9999589920043945,-0.004006060305982828,-0.19965660572052003,-0.0023041546810418369,-0.9798632264137268],[-12456.046875,7.7669148445129398,781.6619873046875,-0.9798736572265625,0.008818591944873333,0.1994236707687378,0.008141626603901387,0.9999579787254334,-0.004214420914649963,-0.1994524598121643,-0.0025059671606868507,-0.979904294013977],[-12457.7001953125,7.760571002960205,789.75390625,-0.9799067378044128,0.008809111081063748,0.1992616057395935,0.008226827718317509,0.9999591112136841,-0.0037499801255762579,-0.19928649067878724,-0.002035339828580618,-0.9799391627311707],[-12459.337890625,7.757464408874512,797.8125,-0.9799668788909912,0.008865364827215672,0.19896312057971955,0.008306422270834446,0.999958872795105,-0.003643796546384692,-0.1989872306585312,-0.001918128109537065,-0.9800001978874207],[-12461.0634765625,7.759746551513672,806.2819213867188,-0.9799841642379761,0.009084751829504967,0.19886820018291474,0.008469863794744015,0.9999563694000244,-0.003942424431443214,-0.19889533519744874,-0.0021791269537061455,-0.9800183176994324],[-12462.8857421875,7.761139392852783,815.2378540039063,-0.9800103902816773,0.009135868400335312,0.19873639941215516,0.008509436622262001,0.9999557733535767,-0.0040059518069028858,-0.19876420497894288,-0.0022347394842654468,-0.9800447821617127],[-12464.666015625,7.765240669250488,824.0023803710938,-0.9800423383712769,0.00917307659983635,0.19857725501060487,0.00853470154106617,0.9999552965164185,-0.00407044542953372,-0.1986057162284851,-0.002294410951435566,-0.980076789855957],[-12466.546875,7.760607719421387,833.2879028320313,-0.980085015296936,0.009254617616534233,0.19836270809173585,0.008608231320977211,0.9999544620513916,-0.004120721016079187,-0.19839181005954743,-0.002331104828044772,-0.9801200032234192],[-12468.3203125,7.764252662658691,842.02099609375,-0.980112612247467,0.00934671238064766,0.19822180271148683,0.008745609782636166,0.999954104423523,-0.003907748498022556,-0.1982492357492447,-0.002096462994813919,-0.9801493883132935],[-12470.19921875,7.760922431945801,851.290771484375,-0.9801486730575562,0.009488295763731003,0.19803684949874879,0.00889287143945694,0.9999528527259827,-0.0038958066143095495,-0.19806449115276338,-0.0020573532674461605,-0.9801868200302124],[-12472.1123046875,7.762917518615723,860.7423706054688,-0.9801686406135559,0.009584661573171616,0.1979331076145172,0.0089939059689641,0.9999520182609558,-0.003883415600284934,-0.19796082377433778,-0.0020262105390429498,-0.9802078604698181],[-12473.9833984375,7.761928558349609,869.9898071289063,-0.9801945686340332,0.009622128680348397,0.1978028565645218,0.009066715836524964,0.9999520182609558,-0.003713395446538925,-0.19782909750938416,-0.001846427796408534,-0.9802348017692566],[-12475.9677734375,7.752506256103516,879.8006591796875,-0.9802042841911316,0.009581071324646473,0.19775670766830445,0.009050861932337284,0.9999526143074036,-0.0035848270636051895,-0.19778168201446534,-0.0017239943845197559,-0.9802445769309998],[-12478.068359375,7.754024505615234,890.2026977539063,-0.9802274107933044,0.009727696888148785,0.19763514399528504,0.009149645455181599,0.9999507665634155,-0.0038378029130399229,-0.19766275584697724,-0.0019536279141902925,-0.980268120765686],[-12480.0419921875,7.75966739654541,899.9835815429688,-0.9802523255348206,0.009874798357486725,0.19750405848026277,0.00927642174065113,0.9999491572380066,-0.003954662475734949,-0.19753307104110719,-0.002044436288997531,-0.9802941083908081],[-12482.1337890625,7.758186340332031,910.3560180664063,-0.9802815318107605,0.010021996684372425,0.19735172390937806,0.009427191689610482,0.999947726726532,-0.003953201696276665,-0.19738103449344636,-0.00201477762311697,-0.9803248047828674],[-12484.17578125,7.758248329162598,920.4888916015625,-0.9803143739700317,0.010073465295135975,0.19718575477600099,0.009477074258029461,0.999947190284729,-0.003967941273003817,-0.19721531867980958,-0.0020210861694067718,-0.9803581237792969],[-12486.3232421875,7.884765148162842,931.2098388671875,-0.980409562587738,0.011249648407101632,0.19664821028709413,0.009562348015606404,0.9999088644981384,-0.009527700953185559,-0.19673748314380647,-0.007460630964487791,-0.9804278016090393],[-12488.41796875,8.098596572875977,941.66064453125,-0.9804326295852661,0.01332441158592701,0.19640353322029115,0.009663517586886883,0.9997614622116089,-0.01958623342216015,-0.19661766290664674,-0.017305031418800355,-0.9803274869918823],[-12490.63671875,8.303398132324219,952.7384643554688,-0.9803403615951538,0.013851135969161988,0.19682706892490388,0.009666355326771737,0.9997066855430603,-0.02220606803894043,-0.1970769166946411,-0.019866904243826867,-0.9801867008209229],[-12492.802734375,8.499568939208985,963.5440673828125,-0.9803763628005981,0.013831449672579766,0.1966492384672165,0.009731139056384564,0.9997149705886841,-0.021801907569169999,-0.19689473509788514,-0.01946045458316803,-0.9802314639091492],[-12495.0888671875,8.69668197631836,974.9676513671875,-0.9803961515426636,0.013738586567342282,0.19655710458755494,0.009679237380623818,0.9997198581695557,-0.021598057821393014,-0.19679877161979676,-0.019272129982709886,-0.9802544713020325],[-12497.3818359375,8.88451099395752,986.4088745117188,-0.9804175496101379,0.013717684894800187,0.19645166397094727,0.009751351550221444,0.9997289180755615,-0.02114296145737171,-0.1966884434223175,-0.01881325989961624,-0.9802855253219605],[-12499.7841796875,9.105470657348633,998.390625,-0.9804056882858276,0.013842829503118992,0.19650208950042725,0.009850560687482357,0.9997250437736511,-0.021279558539390565,-0.19674263894557954,-0.018926944583654405,-0.9802724719047546],[-12502.1328125,9.31737995147705,1010.0963134765625,-0.9803981184959412,0.013996354304254055,0.19652892649173737,0.009989353828132153,0.9997218251228333,-0.021365387365221978,-0.19677330553531648,-0.0189833901822567,-0.980265200138092],[-12504.6123046875,9.52968692779541,1022.4600830078125,-0.9803925156593323,0.01422126218676567,0.1965407133102417,0.010205664671957493,0.9997182488441467,-0.021429136395454408,-0.19679009914398194,-0.019003136083483697,-0.9802614450454712],[-12506.9404296875,9.735357284545899,1034.039306640625,-0.9803781509399414,0.014401039108633995,0.1965993195772171,0.010393072851002217,0.9997168779373169,-0.021403027698397638,-0.19685189425945283,-0.0189397893846035,-0.9802502989768982],[-12509.4921875,9.97173023223877,1046.7584228515626,-0.9803589582443237,0.014663569629192353,0.19667570292949677,0.010660725645720959,0.9997142553329468,-0.021395841613411905,-0.19693323969841004,-0.01887889951467514,-0.9802350997924805],[-12511.9814453125,10.184210777282715,1059.1551513671876,-0.9803455471992493,0.014845418743789196,0.1967286914587021,0.010860498994588852,0.9997137188911438,-0.021319346502423288,-0.19698886573314668,-0.01876375451683998,-0.9802261590957642],[-12514.6025390625,10.413068771362305,1072.215576171875,-0.9803482890129089,0.015010625123977661,0.1967025250196457,0.011020883917808533,0.9997110366821289,-0.021362120285630227,-0.19696635007858277,-0.01877448335289955,-0.980230450630188],[-12517.1240234375,10.622925758361817,1084.91455078125,-0.9805334806442261,0.014716597273945809,0.19579973816871644,0.010878711007535458,0.9997273087501526,-0.020662153139710428,-0.19605043530464173,-0.018129883334040643,-0.9804261922836304],[-12519.4833984375,10.782998085021973,1098.1234130859376,-0.9825706481933594,0.013516249135136605,0.18539763987064362,0.010477479547262192,0.9997944235801697,-0.017360558733344079,-0.18559417128562928,-0.015115474350750447,-0.9825102090835571],[-12520.970703125,10.893556594848633,1110.766357421875,-0.9885687232017517,0.0036731953732669355,0.15072639286518098,0.001891557709313929,0.9999266862869263,-0.011962014250457287,-0.1507592797279358,-0.011540165171027184,-0.9885031580924988],[-12521.431640625,10.99174690246582,1123.7880859375,-0.9956637620925903,-0.014277254231274128,0.09192298352718353,-0.015173004008829594,0.9998438954353333,-0.0090530626475811,-0.09177938103675842,-0.01040855422616005,-0.9957249760627747],[-12520.986328125,10.876513481140137,1135.6246337890626,-0.999284565448761,-0.026244597509503366,0.02723105251789093,-0.02623722329735756,0.999655544757843,0.0006281103705987334,-0.027238156646490098,-0.0000868061906658113,-0.9996289610862732],[-12519.5458984375,10.78499698638916,1147.583251953125,-0.9974631667137146,-0.04055071622133255,-0.05850498005747795,-0.04089174047112465,0.9991527795791626,0.0046430532820522789,0.05826713517308235,0.007023645099252462,-0.9982762932777405],[-12517.1435546875,10.685606002807618,1159.087158203125,-0.9864387512207031,-0.058312781155109408,-0.15342165529727937,-0.060084108263254169,0.9981692433357239,0.006930354982614517,0.15273666381835938,0.01605457440018654,-0.9881365299224854],[-12513.8388671875,10.552355766296387,1170.0648193359376,-0.9653056859970093,-0.07546418160200119,-0.2499801516532898,-0.08080139756202698,0.9966679215431213,0.011142146773636341,0.24830637872219087,0.030954323709011079,-0.9681868553161621],[-12509.666015625,10.40174674987793,1180.4459228515626,-0.9342684149742127,-0.08932959288358689,-0.3451995551586151,-0.09898142516613007,0.99503493309021,0.010397321544587613,0.3425568640232086,0.043882232159376147,-0.9384717345237732],[-12504.861328125,10.199376106262207,1189.8798828125,-0.8976702094078064,-0.10309353470802307,-0.4284389615058899,-0.11937800794839859,0.9927853345870972,0.01123223826289177,0.424189954996109,0.06122903525829315,-0.9035009145736694],[-12499.287109375,9.948354721069336,1198.79150390625,-0.8559026122093201,-0.10671466588973999,-0.5060065984725952,-0.13507577776908875,0.990642249584198,0.01955636590719223,0.4991845488548279,0.08508757501840592,-0.8623079061508179],[-12492.716796875,9.699320793151856,1207.407470703125,-0.8054640293121338,-0.10150883346796036,-0.5838866829872131,-0.14176006615161897,0.9896218180656433,0.023510167375206949,0.575440526008606,0.10170841217041016,-0.8114946484565735],[-12485.4609375,9.502013206481934,1215.2601318359376,-0.7465597987174988,-0.09576816111803055,-0.658389687538147,-0.14495886862277986,0.9892256855964661,0.020480474457144738,0.6493346095085144,0.11072931438684464,-0.7523985505104065],[-12477.5810546875,9.33757209777832,1222.3399658203126,-0.683590292930603,-0.08818498998880387,-0.7245189547538757,-0.14828407764434815,0.9887513518333435,0.019561292603611947,0.7146440744400024,0.12080653011798859,-0.6889772415161133],[-12468.4921875,9.229023933410645,1229.007080078125,-0.6076527833938599,-0.08365607261657715,-0.7897846102714539,-0.15111984312534333,0.9884477257728577,0.01157117635011673,0.7796928286552429,0.12638339400291444,-0.6132751107215881],[-12459.6015625,9.13638973236084,1234.2669677734376,-0.5378687977790833,-0.07301366329193115,-0.8398607969284058,-0.15321221947669984,0.9881177544593811,0.012218660674989224,0.8289892673492432,0.13524897396564485,-0.5426642894744873],[-12450.38671875,9.100221633911133,1238.594482421875,-0.4594321846961975,-0.06316505372524262,-0.885964035987854,-0.1545550525188446,0.9879364371299744,0.00971202552318573,0.8746626973152161,0.14139223098754884,-0.46365228295326235],[-12440.9150390625,9.079689025878907,1241.9990234375,-0.37297990918159487,-0.057087067514657977,-0.9260815382003784,-0.15561971068382264,0.9878154397010803,0.0017833620076999069,0.9146958589553833,0.1447817087173462,-0.3773191571235657],[-12431.2119140625,9.066330909729004,1244.65380859375,-0.2914939224720001,-0.04385728761553764,-0.9555667638778687,-0.15373331308364869,0.9881111979484558,0.0015451028011739255,0.9441384077072144,0.14735282957553864,-0.2947707176208496],[-12421.3955078125,9.101744651794434,1246.97802734375,-0.22910647094249726,-0.036322303116321567,-0.9727234244346619,-0.14792795479297639,0.9889959096908569,-0.0020883220713585617,0.9620953798294067,0.14341454207897187,-0.23195844888687135],[-12411.0537109375,9.091939926147461,1249.394287109375,-0.19849155843257905,-0.03189143165946007,-0.9795836210250855,-0.138324573636055,0.9903779625892639,-0.0042143529281020168,0.9702924489974976,0.13466396927833558,-0.20099304616451264],[-12401.3544921875,9.126596450805664,1251.51171875,-0.18987587094306947,-0.03094254992902279,-0.9813203811645508,-0.13710841536521913,0.990544855594635,-0.0047042760998010639,0.9721874594688416,0.13365405797958375,-0.19232305884361268],[-12390.7734375,9.115192413330079,1254.1060791015626,-0.20595575869083405,-0.02983543835580349,-0.9781063795089722,-0.12336548417806626,0.9923520088195801,-0.00429342407733202,0.9707539081573486,0.11978030949831009,-0.20806127786636353],[-12381.0537109375,9.1976318359375,1257.1220703125,-0.24756348133087159,-0.029139583930373193,-0.9684333801269531,-0.09345841407775879,0.9956046938896179,-0.00606610206887126,0.9643535614013672,0.08900650590658188,-0.24919870495796204],[-12370.9794921875,9.265609741210938,1260.6407470703126,-0.29080677032470705,-0.020557822659611703,-0.9565609097480774,-0.046259090304374698,0.9989020228385925,-0.007404436357319355,0.9556628465652466,0.04209638014435768,-0.2914384603500366],[-12360.4375,9.358023643493653,1264.26953125,-0.3131362199783325,-0.009184615686535836,-0.9496638178825378,-0.004581013228744268,0.9999561905860901,-0.008160500787198544,0.9496971964836121,0.0017950742039829493,-0.3131645619869232],[-12350.2001953125,9.35650634765625,1267.652587890625,-0.3144884705543518,-0.005713570397347212,-0.9492440819740295,0.004829115699976683,0.9999592900276184,-0.0076187350787222389,0.9492490291595459,-0.006980014033615589,-0.3144480884075165],[-12339.888671875,9.396294593811036,1271.089111328125,-0.31460288166999819,-0.005529483314603567,-0.9492072463035584,0.004950004629790783,0.9999598860740662,-0.007465753238648176,0.9492104649543762,-0.007047327701002359,-0.3145628869533539],[-12329.072265625,9.421862602233887,1274.6796875,-0.31460025906562807,-0.005133609753102064,-0.9492103457450867,0.004922805819660425,0.999963104724884,-0.00703967921435833,0.9492114782333374,-0.006887463387101889,-0.3145633637905121],[-12318.18359375,9.471321105957032,1278.349609375,-0.31662771105766299,-0.0060388436540961269,-0.9485306739807129,0.0051031531766057018,0.9999544024467468,-0.008069710806012154,0.9485361576080322,-0.007395591586828232,-0.31658247113227847],[-12307.3681640625,9.472150802612305,1282.544921875,-0.3360964059829712,-0.0037674212362617256,-0.9418200254440308,0.0053243329748511318,0.999968409538269,-0.005900056567043066,0.9418125152587891,-0.006997551303356886,-0.33606573939323428],[-12297.083984375,9.529294967651368,1287.055908203125,-0.36370667815208437,-0.004002927336841822,-0.9315049052238464,0.00546636525541544,0.9999643564224243,-0.006431461311876774,0.9314975142478943,-0.007431111764162779,-0.36367183923721316],[-12287.177734375,9.543848991394043,1291.3753662109376,-0.37798112630844118,-0.0039387047290802,-0.9258049130439758,0.00516177574172616,0.9999664425849915,-0.006361627485603094,0.9257988929748535,-0.007183372508734465,-0.3779481053352356],[-12276.77734375,9.576201438903809,1295.7281494140626,-0.38096514344215395,-0.0037175954785197975,-0.9245819449424744,0.005287939216941595,0.9999668002128601,-0.006199550814926624,0.9245742559432983,-0.007250945549458265,-0.38093283772468569],[-12266.05859375,9.622406005859375,1300.6025390625,-0.39527323842048647,-0.00455679465085268,-0.9185522794723511,0.005763274617493153,0.9999557137489319,-0.0074406880885362629,0.9185454845428467,-0.00823497399687767,-0.3952294588088989],[-12255.8251953125,9.653048515319825,1305.57470703125,-0.41278237104415896,-0.003747140057384968,-0.9108219742774963,0.005644083023071289,0.999961793422699,-0.006671748124063015,0.9108121991157532,-0.007894734852015973,-0.4127454459667206],[-12245.509765625,9.64525318145752,1310.4097900390626,-0.4174964427947998,-0.0027217266615480186,-0.9086744785308838,0.005670280195772648,0.9999682307243347,-0.00560042355209589,0.908660888671875,-0.007490595802664757,-0.41746774315834048],[-12235.5458984375,9.670693397521973,1315.008544921875,-0.4179745316505432,-0.00266084773465991,-0.9084548354148865,0.005646508652716875,0.9999687671661377,-0.0055268146097660069,0.9084411859512329,-0.007439665962010622,-0.417946457862854],[-12225.1328125,9.686304092407227,1319.8094482421876,-0.41817590594291689,-0.0037059327587485315,-0.9083585143089294,0.0056797354482114319,0.9999614357948303,-0.006694403477013111,0.9083483219146729,-0.007958674803376198,-0.4181387424468994],[-12214.3818359375,9.741789817810059,1325.116943359375,-0.42915108799934389,-0.0037960633635520937,-0.903224766254425,0.006478802766650915,0.999952495098114,-0.007280876860022545,0.9032095074653626,-0.008976411074399948,-0.42910611629486086],[-12204.244140625,9.739559173583985,1330.7481689453126,-0.4541052579879761,-0.0025756999384611847,-0.8909443020820618,0.0067305779084563259,0.9999573826789856,-0.006321361288428307,0.8909226059913635,-0.008867133408784867,-0.45406854152679446],[-12193.78125,9.759268760681153,1336.802734375,-0.4747786819934845,-0.0023910982999950649,-0.8801019787788391,0.006548648234456778,0.9999590516090393,-0.006249456200748682,0.8800808787345886,-0.008730586618185044,-0.4747435748577118],[-12184,9.787851333618164,1342.194091796875,-0.4780837893486023,-0.0023009430151432754,-0.8783112168312073,0.0063019017688930038,0.9999618530273438,-0.00604989705607295,0.8782916069030762,-0.008427388966083527,-0.4780510365962982],[-12173.3525390625,9.812902450561524,1348.0120849609376,-0.4783429801464081,-0.0022300046402961017,-0.8781702518463135,0.006299769505858421,0.999962329864502,-0.005970790982246399,0.8781505227088928,-0.008388356305658818,-0.4783109128475189],[-12163.478515625,9.84292221069336,1353.3941650390626,-0.47834479808807375,-0.002169692888855934,-0.8781694173812866,0.006393965799361467,0.9999618530273438,-0.005953441374003887,0.8781488537788391,-0.008462782949209214,-0.4783126711845398],[-12152.326171875,9.860461235046387,1359.4676513671876,-0.47822004556655886,-0.0024194594006985428,-0.878236711025238,0.006316530518233776,0.9999608397483826,-0.00619429349899292,0.878217339515686,-0.00850964430719614,-0.4781860411167145],[-12142.3798828125,9.889751434326172,1364.8929443359376,-0.4781133532524109,-0.0023781047202646734,-0.8782949447631836,0.006443764083087444,0.9999599456787109,-0.006215291563421488,0.8782745003700256,-0.008631139062345028,-0.4780788719654083],[-12131.970703125,9.913595199584961,1370.5540771484376,-0.4780203104019165,-0.0023371544666588308,-0.8783456683158875,0.006337518338114023,0.999961256980896,-0.006109811365604401,0.8783259391784668,-0.00848714541643858,-0.47798699140548708],[-12121.529296875,9.945393562316895,1376.2420654296876,-0.47795310616493227,-0.002147211693227291,-0.8783827424049377,0.006415441166609526,0.999961793422699,-0.005935237277299166,0.8783619403839111,-0.008471977896988392,-0.4779210686683655],[-12111.04296875,9.967580795288086,1381.944580078125,-0.47785109281539919,-0.002346259541809559,-0.8784376978874207,0.006417860276997089,0.9999604225158691,-0.006162017118185759,0.8784173727035523,-0.008582217618823052,-0.4778171479701996],[-12100.525390625,9.992416381835938,1387.6700439453126,-0.4777396619319916,-0.002336784265935421,-0.878498375415802,0.0064357672818005089,0.9999603033065796,-0.00615973025560379,0.8784778714179993,-0.00859655812382698,-0.4777056872844696],[-12089.5439453125,10.018794059753418,1393.64453125,-0.4777159094810486,-0.0022292169742286207,-0.8785115480422974,0.006485315505415201,0.9999606013298035,-0.0060639698058366779,0.8784904479980469,-0.008594279177486897,-0.47768262028694155],[-12079.3701171875,10.048402786254883,1399.174072265625,-0.47755110263824465,-0.0023882549721747638,-0.8786007165908814,0.0064648534171283249,0.9999597072601318,-0.006232019513845444,0.8785801529884338,-0.008656132966279984,-0.47751641273498537],[-12068.3134765625,10.072736740112305,1405.188232421875,-0.4774496853351593,-0.002128695137798786,-0.8786565065383911,0.006539857480674982,0.9999607801437378,-0.005976242478936911,0.8786347508430481,-0.008599643595516682,-0.4774170219898224],[-12057.2158203125,10.099282264709473,1411.2196044921876,-0.47716811299324038,-0.002238012384623289,-0.8788091540336609,0.006641398184001446,0.9999589920043945,-0.006152626127004623,0.8787869215011597,-0.008772359229624272,-0.47713369131088259],[-12046.5029296875,10.125242233276368,1417.033447265625,-0.47709155082702639,-0.0023560631088912489,-0.8788504600524902,0.006527584046125412,0.9999593496322632,-0.006224292796105146,0.8788293600082398,-0.00870632752776146,-0.4770567715167999],[-12035.7568359375,10.15429401397705,1422.87255859375,-0.47699421644210818,-0.002020420040935278,-0.8789041042327881,0.006621653214097023,0.999960720539093,-0.005892373155802488,0.8788815140724182,-0.008630426600575447,-0.4769620895385742],[-12024.970703125,10.174491882324219,1428.7220458984376,-0.4768643379211426,-0.002246083691716194,-0.8789740204811096,0.006591383833438158,0.9999594688415527,-0.006131226196885109,0.8789522051811218,-0.008717418648302555,-0.47683021426200869],[-12013.7158203125,10.203227043151856,1434.827392578125,-0.4767829179763794,-0.002226137788966298,-0.879018247127533,0.006609474308788776,0.9999594688415527,-0.006117429118603468,0.8789962530136108,-0.008726534433662892,-0.47674885392189028],[-12003.29296875,10.23324203491211,1440.48095703125,-0.47670474648475649,-0.0022593974135816099,-0.8790605664253235,0.00664712255820632,0.9999588131904602,-0.00617479532957077,0.8790383338928223,-0.008786777965724469,-0.4766700863838196],[-11992.4033203125,10.259698867797852,1446.3883056640626,-0.47660917043685915,-0.002167860511690378,-0.8791126012802124,0.006700538098812103,0.9999589323997498,-0.006098547019064426,0.8790897727012634,-0.008797151036560536,-0.47657510638237],[-11981.478515625,10.280022621154786,1452.312255859375,-0.4764796495437622,-0.0022715365048497917,-0.8791825771331787,0.006791410967707634,0.9999573230743408,-0.006264237686991692,0.8791592717170715,-0.008955671451985836,-0.476443886756897],[-11970.0830078125,10.309280395507813,1458.4912109375,-0.4763287603855133,-0.0021300402004271747,-0.8792646527290344,0.006719492841511965,0.9999590516090393,-0.0060626124031841759,0.8792415857315064,-0.008796009235084057,-0.47629493474960329],[-11959.08984375,10.332600593566895,1464.4515380859376,-0.47624093294143679,-0.0021993143018335106,-0.8793120980262756,0.00676316674798727,0.9999581575393677,-0.0061640446074306969,0.8792888522148132,-0.008882504887878895,-0.47620609402656557],[-11947.619140625,10.358577728271485,1470.6654052734376,-0.4761902391910553,-0.0021194927394390108,-0.8793396949768066,0.006755840964615345,0.9999587535858154,-0.006068725138902664,0.8793163299560547,-0.008830547332763672,-0.4761562943458557],[-11936.5546875,10.3781099319458,1476.65478515625,-0.47609978914260867,-0.0023458392824977638,-0.879388153553009,0.006705582141876221,0.9999576807022095,-0.006297863554209471,0.8793656826019287,-0.008895221166312695,-0.47606390714645388],[-11925.904296875,10.413413047790528,1482.42626953125,-0.47608715295791628,-0.0022014437709003689,-0.8793953657150269,0.006716975010931492,0.9999585747718811,-0.006139693781733513,0.8793724775314331,-0.008829905651509762,-0.4760526418685913],[-11914.3310546875,10.44832992553711,1488.695068359375,-0.4759727120399475,-0.0021763585973531009,-0.8794573545455933,0.006814760155975819,0.999957799911499,-0.006162784993648529,0.8794336318969727,-0.008926608599722386,-0.47593778371810915],[-11903.1669921875,10.473348617553711,1494.7359619140626,-0.47583600878715517,-0.001914048450998962,-0.8795319199562073,0.006740976590663195,0.9999603033065796,-0.005823065061122179,0.8795081973075867,-0.008699728175997734,-0.47580423951148989],[-11891.9716796875,10.507582664489746,1500.79541015625,-0.4757729768753052,-0.0019751163199543955,-0.8795658