{"DriveData":[[-3684.91748046875,12.214774131774903,1163.9195556640626,-0.010598447173833847,-0.014541319571435452,-0.99983811378479,0.0026744480710476639,0.9998902678489685,-0.014570428058505059,0.9999402761459351,-0.002828438999131322,-0.01055839378386736],[-3683.55224609375,12.215449333190918,1163.9339599609376,-0.010598997585475445,-0.014552496373653412,-0.9998379349708557,0.002676241332665086,0.9998900890350342,-0.01458162534981966,0.9999402761459351,-0.0028303582221269609,-0.01055888645350933],[-3681.91845703125,12.21646499633789,1163.9505615234376,-0.010599411092698574,-0.014654752798378468,-0.9998364448547363,0.002678879303857684,0.9998885989189148,-0.014683916233479977,0.9999402165412903,-0.002834081882610917,-0.010558972135186196],[-3680.18896484375,12.21770191192627,1163.9688720703126,-0.010598935186862946,-0.014713713899254799,-0.9998355507850647,0.0026807626709342005,0.9998877048492432,-0.014742899686098099,0.9999402165412903,-0.002836580853909254,-0.010558300651609898],[-3678.071044921875,12.218369483947754,1163.9918212890626,-0.010598896071314812,-0.014761507511138916,-0.9998348951339722,0.0026811896823346617,0.9998869895935059,-0.014790699817240239,0.9999402165412903,-0.002837511943653226,-0.010558119975030423],[-3675.773193359375,12.21922492980957,1164.01611328125,-0.010598141700029374,-0.014819393865764141,-0.9998340010643005,0.002682545455172658,0.999886155128479,-0.014848601073026657,0.9999402165412903,-0.0028394677210599186,-0.010557182133197785],[-3673.62353515625,12.220000267028809,1164.038818359375,-0.01059721503406763,-0.014851325191557408,-0.9998335838317871,0.0026831908617168667,0.9998856782913208,-0.014880538918077946,0.9999402761459351,-0.002840436529368162,-0.010556154884397984],[-3670.719970703125,12.22150993347168,1164.0693359375,-0.010597458109259606,-0.014935927465558052,-0.999832272529602,0.0026841629296541216,0.9998844265937805,-0.014965156093239785,0.9999402165412903,-0.0028423054609447719,-0.010556142777204514],[-3667.52197265625,12.225666999816895,1164.1031494140626,-0.010592794977128506,-0.014959375374019146,-0.9998319745063782,0.002690926194190979,0.9998840689659119,-0.014988662675023079,0.9999402761459351,-0.00284924590960145,-0.010551312007009983],[-3664.56787109375,12.234396934509278,1164.1143798828126,-0.00925413053482771,-0.015134263783693314,-0.999842643737793,0.0026656941045075657,0.9998815059661865,-0.015159524977207184,0.9999536275863648,-0.0028055626899003984,-0.009212690405547619],[-3660.986328125,12.244604110717774,1163.953369140625,0.004890235140919685,-0.01528942957520485,-0.9998711347579956,0.0027981428429484369,0.9998794198036194,-0.015275870449841023,0.9999841451644898,-0.002723079640418291,0.004932427313178778],[-3656.906494140625,12.26043701171875,1163.448974609375,0.039642784744501117,-0.01601683348417282,-0.999085545539856,0.002836433472111821,0.9998692870140076,-0.015916850417852403,0.9992098808288574,-0.0022028514649719,0.039683032780885699],[-3653.294677734375,12.267782211303711,1162.6856689453126,0.08563355356454849,-0.015732387080788614,-0.9962024688720703,0.0006201696232892573,0.9998759627342224,-0.01573709025979042,0.9963265061378479,0.000729808583855629,0.08563268929719925],[-3649.603515625,12.217942237854004,1161.587158203125,0.14275045692920686,-0.010074460878968239,-0.9897074103355408,-0.0025598867796361448,0.9999411106109619,-0.01054785680025816,0.989755392074585,0.004039250314235687,0.14271625876426698],[-3646.449951171875,12.244487762451172,1160.5267333984376,0.1854962408542633,-0.011155876331031323,-0.982581615447998,-0.002127845771610737,0.9999286532402039,-0.011754532344639302,0.982642650604248,0.004271203652024269,0.18545927107334138],[-3642.510986328125,12.256353378295899,1159.400634765625,0.21092955768108369,-0.012065654620528221,-0.9774267673492432,-0.001760419923812151,0.9999175071716309,-0.012723186984658242,0.9774996638298035,0.004404377657920122,0.21089091897010804],[-3639.118896484375,12.25629997253418,1158.604248046875,0.21518860757350923,-0.012092756107449532,-0.9764976501464844,-0.0016973043093457819,0.999917209148407,-0.012756810523569584,0.9765710234642029,0.004402534104883671,0.21515026688575746],[-3634.9189453125,12.247989654541016,1157.6650390625,0.2164122462272644,-0.01265690103173256,-0.9762200117111206,-0.0016699584666639567,0.9999096989631653,-0.013334245420992375,0.9763006567955017,0.00451594078913331,0.2163715660572052],[-3630.329833984375,12.240602493286133,1156.6466064453126,0.2158644050359726,-0.014410482719540596,-0.9763169884681702,-0.0016143645625561476,0.9998844265937805,-0.015115276910364628,0.9764220118522644,0.004838981665670872,0.2158161848783493],[-3625.846435546875,12.239436149597168,1155.6552734375,0.2159339338541031,-0.0141471391543746,-0.9763054847717285,-0.001609112834557891,0.99988853931427,-0.014844763092696667,0.9764066338539124,0.004776473622769117,0.21588708460330964],[-3621.510498046875,12.237391471862793,1154.697265625,0.21592959761619569,-0.01388960238546133,-0.976310133934021,-0.0015984710771590472,0.9998924732208252,-0.014578632079064846,0.9764076471328735,0.004708561580628157,0.21588417887687684],[-3616.559326171875,12.240272521972657,1153.6026611328126,0.2159314751625061,-0.013635747134685517,-0.9763132929801941,-0.0015932009555399418,0.999896228313446,-0.014317488297820092,0.9764072299003601,0.004647059831768274,0.21588735282421113],[-3611.137451171875,12.236774444580079,1152.4034423828126,0.21593540906906129,-0.01332236360758543,-0.9763167500495911,-0.0015967616345733405,0.999900758266449,-0.013997341506183148,0.9764063358306885,0.004581466782838106,0.2158927023410797],[-3604.990478515625,12.23759651184082,1151.019775390625,0.21758851408958436,-0.013339176774024964,-0.9759494066238403,-0.0016536698676645756,0.9999001622200012,-0.014035219326615334,0.9760391712188721,0.004667800851166248,0.21754473447799684],[-3599.1611328125,12.236681938171387,1149.447509765625,0.23532773554325105,-0.012310557998716832,-0.971838116645813,-0.0015238744672387839,0.9999138712882996,-0.013035203330218792,0.9719148874282837,0.0045485044829547409,0.23528870940208436],[-3593.16796875,12.244542121887207,1147.4290771484376,0.2708236277103424,-0.012387864291667939,-0.9625492691993713,-0.0011518016690388322,0.9999123215675354,-0.013192792423069477,0.9626283049583435,0.004681585822254419,0.2707856297492981],[-3588.377685546875,12.243634223937989,1145.8690185546876,0.28373008966445925,-0.012319282628595829,-0.9588250517845154,-0.0009602491045370698,0.9999133348464966,-0.013131348416209221,0.9589037299156189,0.004646469838917255,0.28369367122650149],[-3581.88037109375,12.243670463562012,1143.896728515625,0.2864185571670532,-0.012236815877258778,-0.9580264687538147,-0.0009355436195619404,0.9999144077301025,-0.013051544316112996,0.958104133605957,0.004634479992091656,0.2863825857639313],[-3575.001953125,12.2434720993042,1141.834716796875,0.2866973578929901,-0.012114723213016987,-0.9579446315765381,-0.0009453894454054534,0.9999159574508667,-0.012928456999361515,0.9580207467079163,0.004612185060977936,0.2866618037223816],[-3568.283203125,12.24635124206543,1139.8238525390626,0.2867029905319214,-0.0117665259167552,-0.9579472541809082,-0.0009522939217276871,0.9999206066131592,-0.012567098252475262,0.9580190181732178,0.004515272099524736,0.2866690158843994],[-3562.080322265625,12.242877960205079,1137.965576171875,0.2868947982788086,-0.011742644011974335,-0.9578901529312134,-0.0009814630029723049,0.9999207258224487,-0.012551845982670784,0.9579616189002991,0.004541193135082722,0.28686052560806277],[-3553.4716796875,12.24216079711914,1135.38720703125,0.286896288394928,-0.011402777396142483,-0.9578937888145447,-0.0009791671764105559,0.9999251365661621,-0.01219638716429472,0.9579611420631409,0.004437036346644163,0.28686365485191347],[-3546.29736328125,12.24245548248291,1133.238525390625,0.2869011163711548,-0.011257345788180828,-0.9578940272331238,-0.0009799515828490258,0.9999269843101502,-0.012044832110404969,0.9579597115516663,0.0043943654745817188,0.2868691384792328],[-3537.499267578125,12.240581512451172,1130.603759765625,0.2869028151035309,-0.010709418915212155,-0.957899808883667,-0.0009956581052392722,0.999933660030365,-0.011477573774755001,0.9579591751098633,0.004246688913553953,0.28687313199043276],[-3528.44140625,12.237255096435547,1127.891845703125,0.28681787848472597,-0.01050693728029728,-0.9579275250434876,-0.0009668087586760521,0.9999361634254456,-0.01125718280673027,0.9579846262931824,0.004154894035309553,0.2867894172668457],[-3519.177978515625,12.238282203674317,1125.1019287109376,0.28778886795043948,-0.010285601951181889,-0.9576386213302612,-0.0010297246044501663,0.999938428401947,-0.011049377731978894,0.957693338394165,0.0041659921407699589,0.28776055574417117],[-3510.7646484375,12.239432334899903,1122.31787109375,0.3026863634586334,-0.010613687336444855,-0.9530311226844788,-0.0011959609109908343,0.9999330043792725,-0.011515864171087742,0.9530894756317139,0.004625482950359583,0.30265340209007265],[-3501.662353515625,12.236292839050293,1119.2879638671876,0.309480756521225,-0.01037916261702776,-0.9508490562438965,-0.0010942601365968586,0.9999358654022217,-0.011271136812865734,0.9509050846099854,0.00452867615967989,0.30944955348968508],[-3492.967041015625,12.233750343322754,1116.4398193359376,0.3102321922779083,-0.010312394239008427,-0.9506048560142517,-0.0011065839789807797,0.999936580657959,-0.011208692565560341,0.9506601691246033,0.004529221449047327,0.31020110845565798],[-3482.022216796875,12.232640266418457,1112.8658447265626,0.31039169430732729,-0.00986646767705679,-0.9505575299263,-0.0011188933858647943,0.9999416470527649,-0.010744418017566204,0.9506080746650696,0.004398550372570753,0.3103625476360321],[-3472.045166015625,12.232105255126954,1109.6075439453126,0.3103974461555481,-0.009467906318604947,-0.9505597352981567,-0.001126724062487483,0.9999460577964783,-0.010327733121812344,0.9506062269210815,0.004276720341295004,0.3103700280189514],[-3463.114501953125,12.233497619628907,1106.690673828125,0.31039270758628847,-0.009282011538743973,-0.9505630731582642,-0.001119239372201264,0.9999480843544006,-0.0101297153159976,0.9506077766418457,0.004208097234368324,0.3103662133216858],[-3450.9990234375,12.235087394714356,1102.7352294921876,0.3103971481323242,-0.00916080828756094,-0.9505628347396851,-0.0011191697558388115,0.9999493360519409,-0.010002212598919869,0.9506062865257263,0.004168499726802111,0.31037119030952456],[-3440.20068359375,12.236572265625,1099.2093505859376,0.3103986382484436,-0.009057258255779744,-0.9505633115768433,-0.0011194158578291536,0.9999504089355469,-0.009893369860947132,0.9506058096885681,0.004134964197874069,0.31037312746047976],[-3430.42431640625,12.238940238952637,1096.01708984375,0.3103993535041809,-0.008960270322859288,-0.9505640268325806,-0.0011190655641257763,0.9999514222145081,-0.009791231714189053,0.950605571269989,0.004102935548871756,0.31037425994873049],[-3417.689453125,12.445590019226075,1092.1087646484376,0.3043838143348694,-0.017997968941926957,-0.9523794054985046,-0.005943635944277048,0.9997661113739014,-0.020793085917830468,0.9525309205055237,0.011989674530923367,0.30420565605163576],[-3406.10009765625,12.745107650756836,1088.72119140625,0.3011193871498108,-0.03729207068681717,-0.9528569579124451,-0.05019642785191536,0.9972297549247742,-0.054891638457775119,0.9522643685340881,0.06435895711183548,0.2984132766723633],[-3394.941650390625,13.127955436706543,1085.76806640625,0.30389225482940676,-0.004494162742048502,-0.9526957869529724,-0.09876370429992676,0.9944524168968201,-0.036194924265146258,0.9475733637809753,0.10509112477302551,0.30176252126693728],[-3381.432861328125,13.457601547241211,1081.8721923828126,0.31591421365737917,0.017521409317851068,-0.9486259818077087,-0.11672444641590119,0.9929521083831787,-0.02053179033100605,0.9415803551673889,0.11721412092447281,0.31573283672332766],[-3369.291748046875,13.282496452331543,1077.714111328125,0.33342811465263369,0.030134977772831918,-0.9422937631607056,-0.07987401634454727,0.9967983961105347,0.00361485593020916,0.9393858909606934,0.07405949383974076,0.334767609834671],[-3358.402587890625,13.117401123046875,1073.6578369140626,0.33911091089248659,0.013766692019999028,-0.940645694732666,-0.03875259682536125,0.9992486238479614,0.0006537206936627626,0.9399479031562805,0.03623078018426895,0.3393895924091339],[-3346.75390625,13.062767028808594,1069.2508544921876,0.3387300670146942,-0.005063858348876238,-0.9408699870109558,0.002621839987114072,0.9999867081642151,-0.004438120871782303,0.9408799409866333,-0.0009634855086915195,0.3387388586997986],[-3332.267822265625,12.945886611938477,1063.8988037109376,0.33816492557525637,-0.015108381398022175,-0.9409655928611755,0.02800280600786209,0.9995899200439453,-0.005985998548567295,0.9406701326370239,-0.024325422942638398,0.3384493291378021],[-3320.35498046875,12.865365028381348,1059.90576171875,0.32308778166770937,-0.015782002359628679,-0.9462373852729797,0.028595222160220147,0.9995672106742859,-0.006907785311341286,0.945936918258667,-0.02482604794204235,0.32339924573898318],[-3305.315673828125,12.760893821716309,1055.578857421875,0.2849387526512146,-0.015345904976129532,-0.9584228992462158,0.02895888313651085,0.9995532631874085,-0.007395004853606224,0.9581081867218018,-0.025647733360528947,0.2852558493614197],[-3293.197998046875,12.677218437194825,1052.6995849609376,0.24769112467765809,-0.012942294590175152,-0.9687526226043701,0.02950233966112137,0.9995478391647339,-0.0058105383068323139,0.9683897495269775,-0.027141248807311059,0.24796095490455628],[-3278.196044921875,12.582542419433594,1049.3519287109376,0.22630800306797028,-0.011799650266766549,-0.9739843010902405,0.029194168746471406,0.9995595812797546,-0.005326142534613609,0.97361820936203,-0.027229314669966699,0.226552814245224],[-3263.609619140625,12.494607925415039,1046.011474609375,0.224540114402771,-0.012314829044044018,-0.9743870496749878,0.028192896395921708,0.9995836615562439,-0.0061364383436739449,0.9740568995475769,-0.02609291672706604,0.22479382157325746],[-3249.308349609375,12.191758155822754,1042.7451171875,0.22283071279525758,0.002359560923650861,-0.9748542904853821,0.02659332938492298,0.999610185623169,0.008498143404722214,0.9744943380355835,-0.02781827002763748,0.22268112003803254],[-3234.80615234375,11.886150360107422,1039.5101318359376,0.22071503102779389,0.009119121357798577,-0.9752957224845886,0.02384359948337078,0.9996069669723511,0.014742378145456314,0.9750468730926514,-0.026508424431085588,0.22041085362434388],[-3220.7666015625,12.023366928100586,1036.422119140625,0.2217610776424408,-0.02504408359527588,-0.9747793674468994,0.015184014104306698,0.9996376037597656,-0.02222839742898941,0.9749827980995178,-0.009871670044958592,0.22206097841262818],[-3204.019287109375,12.353792190551758,1032.7220458984376,0.22269102931022645,-0.025181487202644349,-0.9745637774467468,-0.004565425217151642,0.9996284246444702,-0.026872340589761735,0.9748783707618713,0.010433526709675789,0.22249332070350648],[-3189.408447265625,12.577539443969727,1029.532470703125,0.222834512591362,-0.01753048039972782,-0.9746986627578735,-0.03376711905002594,0.9990994930267334,-0.02568914368748665,0.974271297454834,0.0386371910572052,0.22204190492630006],[-3175.216796875,12.738449096679688,1026.4071044921876,0.22257304191589356,-0.012147270143032074,-0.9748403429985046,-0.05239461734890938,0.9983282685279846,-0.024402553215622903,0.9735071063041687,0.05650773644447327,0.22156451642513276],[-3158.34033203125,12.79843521118164,1022.5201416015625,0.22400173544883729,-0.003349438775330782,-0.9745829701423645,-0.05186375230550766,0.9985361695289612,-0.015352316200733185,0.9732077717781067,0.05398447439074516,0.2235001176595688],[-3143.7802734375,12.685688972473145,1019.0889282226563,0.2218487560749054,0.0014850934967398644,-0.9750799536705017,-0.03682294487953186,0.9992982745170593,-0.006855923216789961,0.9743855595588684,0.03742629662156105,0.2217477560043335],[-3128.376220703125,12.522976875305176,1015.5941772460938,0.2114260047674179,-0.0037503556814044716,-0.9773868322372437,-0.004031511954963207,0.9999808073043823,-0.004709139000624418,0.9773856997489929,0.00493598124012351,0.21140682697296143],[-3110.025146484375,12.345748901367188,1012.122314453125,0.18163205683231355,-0.009604196064174176,-0.9833196401596069,0.021622836589813234,0.9997495412826538,-0.0057706465013325218,0.9831287860870361,-0.020214026793837549,0.18179424107074738],[-3092.596435546875,12.208290100097657,1009.8255004882813,0.13644590973854066,-0.010015864856541157,-0.9905968904495239,0.02526082843542099,0.9996589422225952,-0.0066280364990234379,0.990325391292572,-0.024118928238749505,0.1366523802280426],[-3077.601318359375,12.09437370300293,1008.6817626953125,0.0894610732793808,-0.008682187646627427,-0.9959524869918823,0.025146113708615304,0.9996629357337952,-0.006455793511122465,0.9956728219985962,-0.02446679212152958,0.0896492451429367],[-3059.6767578125,11.919486999511719,1008.1104125976563,0.04157894104719162,-0.006293598096817732,-0.9991154074668884,0.024868931621313096,0.9996768832206726,-0.005262195598334074,0.9988256692886353,-0.024628136307001115,0.041722021996974948],[-3042.99609375,11.7686767578125,1007.8916625976563,0.019976824522018434,-0.00501166982576251,-0.9997878670692444,0.022591788321733476,0.9997344017028809,-0.004559993743896484,0.999545156955719,-0.022495901212096216,0.020084740594029428],[-3023.37353515625,11.59691333770752,1007.6971435546875,0.012974115088582039,-0.004437195137143135,-0.9999060034751892,0.013846135698258877,0.9998950958251953,-0.004257488530129194,0.9998199343681336,-0.01378959696739912,0.01303419191390276],[-3009.225830078125,11.481879234313965,1007.7335815429688,0.001214446616359055,-0.004622557200491428,-0.9999885559082031,0.013153298757970333,0.9999029040336609,-0.004606186877936125,0.9999127388000488,-0.01314755529165268,0.0012751305475831032],[-2988.533203125,11.313032150268555,1008.341796875,-0.027476126328110696,-0.004586970899254084,-0.9996119141578674,0.013097784481942654,0.9999019503593445,-0.004948317538946867,0.9995366334915161,-0.013228662312030793,-0.027413353323936464],[-2972.007568359375,11.151660919189454,1009.06494140625,-0.03983695060014725,-0.0038784719072282316,-0.9991986751556397,0.012429234571754933,0.9999131560325623,-0.004376784898340702,0.9991288781166077,-0.012593631632626057,-0.03978528454899788],[-2951.7529296875,10.971526145935059,1009.9049072265625,-0.040724970400333408,-0.0038277253042906524,-0.9991630911827087,0.010951638221740723,0.9999308586120606,-0.004277045372873545,0.9991104006767273,-0.011116654612123967,-0.040680233389139178],[-2933.526123046875,10.808673858642579,1010.6888427734375,-0.04300003871321678,-0.0039005731232464315,-0.999067485332489,0.010831150226294995,0.999931812286377,-0.004370122216641903,0.9990163445472717,-0.011008964851498604,-0.042954858392477038],[-2915.9111328125,10.661932945251465,1011.6940307617188,-0.055351048707962039,-0.00417511397972703,-0.998458206653595,0.01095279585570097,0.9999285340309143,-0.004788447171449661,0.9984068870544434,-0.011200955137610436,-0.05530136451125145],[-2894.5126953125,10.493725776672364,1013.5250244140625,-0.08496475964784622,-0.004774198401719332,-0.9963725209236145,0.011041364632546902,0.9999226331710815,-0.005732751451432705,0.996322751045227,-0.011488393880426884,-0.0849054753780365],[-2874.53564453125,10.365826606750489,1015.8505859375,-0.11216697841882706,-0.00806401390582323,-0.9936566352844238,0.011169426143169403,0.9998936653137207,-0.009375468827784062,0.993626594543457,-0.012150192633271218,-0.11206497997045517],[-2853.7587890625,10.363550186157227,1018.4098510742188,-0.12030938267707825,-0.01123222429305315,-0.9926729202270508,0.01098344661295414,0.9998597502708435,-0.012644709087908268,0.9926756620407105,-0.012424247339367867,-0.12016914039850235],[-2833.63818359375,10.367844581604004,1020.8529052734375,-0.12049020081758499,-0.011163730174303055,-0.9926517605781555,0.0108638359233737,0.9998620748519898,-0.012563494965434075,0.9926550984382629,-0.01229778304696083,-0.12035229802131653],[-2814.214111328125,10.36596393585205,1023.2072143554688,-0.12038051337003708,-0.011406552977859974,-0.9926623106002808,0.01078149862587452,0.9998599886894226,-0.012796737253665924,0.9926692843437195,-0.01224286574870348,-0.12024068087339401],[-2793.99267578125,10.35301399230957,1025.6571044921876,-0.12037443369626999,-0.011417877860367298,-0.9926629066467285,0.010510030202567578,0.9998631477355957,-0.012775187380611897,0.9926729202270508,-0.011970723047852517,-0.12023796141147614],[-2772.973388671875,10.360758781433106,1028.203369140625,-0.1202467754483223,-0.01154349185526371,-0.9926769137382507,0.010367403738200665,0.9998632669448853,-0.012882902286946774,0.9926899075508118,-0.011840609833598137,-0.1201106533408165],[-2751.147705078125,10.356210708618164,1030.8446044921876,-0.12010040879249573,-0.011616268195211888,-0.9926937818527222,0.010279422625899315,0.9998633861541748,-0.012943814508616925,0.9927085041999817,-0.011758876964449883,-0.1199645921587944],[-2731.5390625,10.382161140441895,1033.212158203125,-0.11991411447525025,-0.013707149773836136,-0.9926896095275879,0.01011570543050766,0.9998359084129334,-0.015027775429189206,0.9927327036857605,-0.01184379868209362,-0.11975578218698502],[-2712.660400390625,10.544240951538086,1035.4901123046876,-0.11991479247808457,-0.020558085292577745,-0.9925712943077087,0.010025691241025925,0.9997095465660095,-0.021917156875133516,0.9927335381507874,-0.01257940474897623,-0.11967385560274124],[-2690.713134765625,10.749123573303223,1038.21435546875,-0.12406524270772934,-0.020690349861979486,-0.9920583367347717,0.010010833851993084,0.9997056126594544,-0.022101780399680139,0.9922235608100891,-0.012673393823206425,-0.12382158637046814],[-2671.7900390625,10.930771827697754,1040.8687744140626,-0.1381717324256897,-0.02136014774441719,-0.9901779294013977,0.009839498437941075,0.999688446521759,-0.022938335314393045,0.9903594255447388,-0.012912283651530743,-0.13791851699352265],[-2653.648193359375,11.090274810791016,1043.811767578125,-0.1574047952890396,-0.0208804402500391,-0.9873133897781372,0.00956503115594387,0.9996973276138306,-0.02266727387905121,0.9874878525733948,-0.013011621311306954,-0.15715742111206056],[-2632.5009765625,11.267377853393555,1047.41748046875,-0.1664275825023651,-0.020507799461483957,-0.985840380191803,0.009212874807417393,0.9997076988220215,-0.022351570427417756,0.9860106110572815,-0.01280234195291996,-0.1661900132894516],[-2612.0869140625,11.438703536987305,1050.86669921875,-0.1666267216205597,-0.020458653569221498,-0.9858077764511108,0.009080197662115097,0.9997105002403259,-0.022281963378190995,0.9859782457351685,-0.012664100155234337,-0.1663927137851715],[-2595.427734375,11.59543514251709,1053.6778564453126,-0.16661880910396577,-0.020347053185105325,-0.9858114123344421,0.009014979004859925,0.9997138381004334,-0.022157682105898858,0.9859801530838013,-0.012578955851495266,-0.16638770699501038],[-2575.711669921875,11.760407447814942,1057.00439453125,-0.16656674444675446,-0.0202195942401886,-0.985822856426239,0.008944791741669178,0.9997175931930542,-0.02201591245830059,0.9859896302223206,-0.012485099025070668,-0.16633884608745576],[-2555.96337890625,11.933764457702637,1060.2750244140626,-0.16310398280620576,-0.020501917228102685,-0.9863958358764648,0.008205163292586804,0.9997212886810303,-0.02213563583791256,0.9865747690200806,-0.01170394942164421,-0.16289030015468598],[-2536.166259765625,12.133134841918946,1063.284423828125,-0.14984345436096192,-0.022032437846064569,-0.9884642362594605,0.003456262405961752,0.9997339248657227,-0.02280757576227188,0.9887036681175232,-0.0068339575082063679,-0.14972741901874543],[-2517.829833984375,12.301857948303223,1065.8275146484376,-0.13915559649467469,-0.022059490904211999,-0.9900248050689697,0.0005725628579966724,0.9997498989105225,-0.022356661036610605,0.9902703762054443,-0.003677906235679984,-0.13910816609859467],[-2495.625732421875,12.49306583404541,1068.9056396484376,-0.13781996071338654,-0.0220642127096653,-0.9902114868164063,0.0005589668871834874,0.9997499585151672,-0.022354550659656526,0.9904571175575256,-0.0036343985702842476,-0.13777315616607667],[-2472.619140625,12.688043594360352,1072.1024169921876,-0.13774728775024415,-0.02182110771536827,-0.9902269840240479,0.0005355049506761134,0.9997555017471314,-0.02210557460784912,0.9904672503471375,-0.003575254464522004,-0.13770191371440888],[-2451.884521484375,12.881237030029297,1074.984130859375,-0.13770581781864167,-0.021678991615772249,-0.9902359247207642,0.0005483508575707674,0.9997586011886597,-0.021963726729154588,0.9904730319976807,-0.003567529609426856,-0.1376606822013855],[-2429.5810546875,13.066378593444825,1078.08251953125,-0.13772283494472505,-0.02147754654288292,-0.9902378916740418,0.0005402283859439194,0.9997630715370178,-0.0217592753469944,0.9904706478118897,-0.003531703958287835,-0.1376786082983017],[-2410.328369140625,13.233556747436524,1080.7564697265626,-0.1376444399356842,-0.021411564201116563,-0.9902502298355103,0.000543061236385256,0.9997645616531372,-0.021692771464586259,0.9904815554618836,-0.0035236559342592956,-0.1376003921031952],[-2388.738525390625,13.427047729492188,1083.7554931640626,-0.13764162361621858,-0.021359004080295564,-0.9902517795562744,0.0005479826359078288,0.9997656941413879,-0.02164038084447384,0.990481972694397,-0.0035212577786296608,-0.13759766519069673],[-2368.66455078125,13.606002807617188,1086.54443359375,-0.13764958083629609,-0.021373601630330087,-0.9902503490447998,0.0005440703826025128,0.9997653365135193,-0.021654602140188218,0.9904808402061462,-0.0035195129457861187,-0.13760565221309663],[-2344.697509765625,13.819014549255371,1089.8592529296876,-0.1369544267654419,-0.02145584300160408,-0.9903449416160584,0.000482869625557214,0.9997638463973999,-0.02172667905688286,0.990577220916748,-0.003453772282227874,-0.13691172003746034],[-2325.338623046875,13.99397087097168,1092.36865234375,-0.1288485825061798,-0.022167867049574853,-0.9914164543151856,0.000409423082601279,0.9997488260269165,-0.02240738645195961,0.9916641712188721,-0.0032930688466876747,-0.12880714237689973],[-2307.491943359375,14.148452758789063,1094.593505859375,-0.12510009109973908,-0.022119227796792985,-0.9918975234031677,0.0005116898100823164,0.9997498989105225,-0.02235887013375759,0.992143988609314,-0.003304640529677272,-0.12505748867988587],[-2286.5126953125,14.326101303100586,1097.23095703125,-0.12491941452026367,-0.021967552602291108,-0.9919236898422241,0.00043935392750427127,0.9997535347938538,-0.02219628542661667,0.9921668171882629,-0.003208552487194538,-0.12487897276878357],[-2266.28662109375,14.502164840698243,1099.7747802734376,-0.12485753744840622,-0.021999573335051538,-0.9919307231903076,0.0004066669789608568,0.999752938747406,-0.022224245592951776,0.9921746253967285,-0.003178250277414918,-0.12481774389743805],[-2246.8154296875,14.674184799194336,1102.222900390625,-0.12482941895723343,-0.022028306499123575,-0.9919336438179016,0.00039683262002654374,0.9997523427009583,-0.022251877933740617,0.9921781420707703,-0.0031713207717984916,-0.124789759516716],[-2224.177978515625,14.748044967651368,1105.0689697265626,-0.12473664432764054,-0.012871742248535157,-0.9921063780784607,0.00037698130472563207,0.9999151825904846,-0.013020452111959458,0.9921898245811462,-0.0019981330260634424,-0.1247212141752243],[-2202.303466796875,14.734683990478516,1107.8170166015626,-0.12486834824085236,-0.013107266277074814,-0.9920867085456848,0.0003380590642336756,0.9999121427536011,-0.013253203593194485,0.9921732544898987,-0.0019902896601706745,-0.12485294789075852],[-2181.94482421875,14.662895202636719,1110.377197265625,-0.12481118738651276,-0.008006030693650246,-0.992148220539093,0.0003735500213224441,0.9999669790267944,-0.008116114884614945,0.9921804666519165,-0.001383599010296166,-0.1248040720820427],[-2160.768310546875,14.465670585632325,1113.0347900390626,-0.12461794167757034,-0.0038446285761892797,-0.9921973347663879,0.00035081751411780715,0.9999922513961792,-0.003918894566595554,0.9922047257423401,-0.0008364447858184576,-0.1246156319975853],[-2141.12255859375,14.27350902557373,1115.49951171875,-0.12455501407384873,-0.002924518194049597,-0.9922084212303162,0.0003442770102992654,0.9999954700469971,-0.0029906886629760267,0.9922126531600952,-0.000714099791366607,-0.12455344200134278],[-2119.052001953125,13.900168418884278,1118.2698974609376,-0.12459999322891236,0.003960819449275732,-0.9921991229057312,0.00032406646641902626,0.9999921321868897,0.00395123241469264,0.9922069907188416,0.00017078507516998798,-0.12460029870271683],[-2100.09619140625,13.576234817504883,1120.6533203125,-0.12484759092330933,0.004173153080046177,-0.9921671748161316,0.00028986125835217535,0.999991238117218,0.0041695875115692619,0.9921758770942688,0.0002329721610294655,-0.12484770268201828],[-2081.9033203125,13.324899673461914,1122.90283203125,-0.12277063727378845,-0.002116601914167404,-0.9924328327178955,-0.00012755107309203595,0.9999977350234985,-0.0021169569808989765,0.9924350380897522,-0.0001333142863586545,-0.12277062982320786],[-2060.48828125,13.168513298034668,1125.502685546875,-0.12113147228956223,-0.004910951480269432,-0.9926243424415588,-0.0001400554901920259,0.9999878406524658,-0.00493029085919261,0.9926364421844482,-0.00045819085789844394,-0.12113068252801895],[-2039.8138427734376,12.979968070983887,1128.023193359375,-0.12107369303703308,-0.004715466406196356,-0.9926323294639587,-0.00017362517246510834,0.9999887943267822,-0.004729235544800758,0.9926435351371765,-0.00040024006739258766,-0.1210731565952301],[-2019.8939208984376,12.79847240447998,1130.450927734375,-0.12097101658582688,-0.004368506371974945,-0.9926464557647705,-0.00018262329103890806,0.9999904036521912,-0.00437857024371624,0.9926560521125794,-0.0003483997716102749,-0.12097065895795822],[-1999.159423828125,12.614243507385254,1132.9765625,-0.12097550928592682,-0.004147757776081562,-0.9926468133926392,-0.00017995260714087635,0.9999913573265076,-0.004156515933573246,0.9926554560661316,-0.000324207212543115,-0.12097520381212235],[-1976.8333740234376,12.425393104553223,1135.695556640625,-0.12092937529087067,-0.0040124086663126949,-0.9926530122756958,-0.00019528660050127655,0.9999918937683106,-0.004018282517790794,0.9926611185073853,-0.00029207655461505055,-0.12092918157577515],[-1956.101318359375,12.237638473510743,1138.2196044921876,-0.12090982496738434,-0.00384298013523221,-0.9926560521125794,-0.00023222430900204927,0.9999926090240479,-0.0038430970162153246,0.9926634430885315,-0.00023414933821186423,-0.12090982496738434],[-1936.971923828125,12.139511108398438,1140.5487060546876,-0.1209462583065033,-0.009251170791685582,-0.9926159381866455,-0.00021592307894024998,0.9999567866325378,-0.00929327867925167,0.9926590323448181,-0.0009096585563383997,-0.12094303220510483],[-1916.2371826171876,12.139460563659668,1143.0718994140626,-0.1209748163819313,-0.012872577644884587,-0.9925721287727356,-0.0002828399883583188,0.9999163150787354,-0.012933352030813694,0.9926555156707764,-0.001283870660699904,-0.12096833437681198],[-1894.7044677734376,12.139580726623536,1145.6932373046876,-0.12090618908405304,-0.012790385633707047,-0.9925815463066101,-0.0002802009112201631,0.9999173879623413,-0.012850784696638585,0.9926639199256897,-0.001275617047213018,-0.12089978158473969],[-1873.968017578125,12.150272369384766,1148.2174072265626,-0.12088022381067276,-0.0129284942522645,-0.9925829172134399,-0.0002987849002238363,0.999915599822998,-0.01298761647194624,0.9926670789718628,-0.0012733772164210678,-0.12087388336658478],[-1853.2335205078126,12.144126892089844,1150.7393798828126,-0.12084729224443436,-0.012768421322107315,-0.992588996887207,-0.0003456464037299156,0.99991774559021,-0.012820614501833916,0.9926710724830627,-0.0012062517926096917,-0.12084177136421204],[-1832.4993896484376,12.139665603637696,1153.2607421875,-0.12078452855348587,-0.012722103856503964,-0.992597222328186,-0.00037567902472801507,0.9999184012413025,-0.01277022436261177,0.992678701877594,-0.0011695475550368429,-0.12077944725751877],[-1811.76904296875,12.144479751586914,1155.7813720703126,-0.12078701704740524,-0.01240531075745821,-0.9926009178161621,-0.00037046641227789223,0.9999223947525024,-0.012451732531189919,0.9926784038543701,-0.0011362823424860836,-0.12078224122524262],[-1792.640380859375,12.191444396972657,1158.10693359375,-0.120877206325531,-0.015950394794344903,-0.9925392866134644,-0.0003784591390285641,0.999871551990509,-0.016022134572267534,0.9926673769950867,-0.0015610754489898682,-0.12086772173643112],[-1769.5242919921876,12.39738655090332,1160.9195556640626,-0.12092781066894531,-0.021484533324837686,-0.9924287796020508,-0.00035212046350352466,0.9997666478157044,-0.021600479260087014,0.9926612377166748,-0.002262644236907363,-0.12090715765953064],[-1749.590576171875,12.571871757507325,1163.3482666015626,-0.1209409087896347,-0.021382873877882959,-0.9924293756484985,-0.00035811643465422094,0.999768853187561,-0.021497368812561036,0.9926596283912659,-0.0022445060312747957,-0.12092061340808869],[-1730.456787109375,12.739601135253907,1165.6781005859376,-0.12095373868942261,-0.021365046501159669,-0.992428183555603,-0.00034442616743035614,0.9997692108154297,-0.0214811060577631,0.9926580786705017,-0.002256401814520359,-0.1209331750869751],[-1707.3349609375,12.946462631225586,1168.49462890625,-0.12088099867105484,-0.02130003459751606,-0.9924384355545044,-0.00036925062886439264,0.9997706413269043,-0.021412424743175508,0.9926669597625732,-0.002221896778792143,-0.12086114287376404],[-1689.02392578125,13.187910079956055,1170.725341796875,-0.12093508988618851,-0.02852684073150158,-0.9922504425048828,-0.00034791880170814693,0.999588131904602,-0.028695393353700639,0.9926603436470032,-0.0031250575557351114,-0.12089520692825318],[-1665.923095703125,13.622998237609864,1173.5380859375,-0.12094210833311081,-0.030347246676683427,-0.9921955466270447,-0.00034680915996432304,0.9995338320732117,-0.03052941896021366,0.9926595091819763,-0.0033481898717582227,-0.12089625000953675],[-1646.80126953125,13.951308250427246,1175.86669921875,-0.12094876170158386,-0.03034677915275097,-0.9921947717666626,-0.0003387527249287814,0.9995337724685669,-0.03052995353937149,0.9926586747169495,-0.003356451401486993,-0.1209026575088501],[-1625.2884521484376,14.327396392822266,1178.4869384765626,-0.12099546194076538,-0.029949408024549485,-0.9922011494636536,-0.00036194687709212303,0.9995459914207459,-0.03012697398662567,0.9926530122756958,-0.003286103019490838,-0.12095136940479279],[-1607.759765625,14.636642456054688,1180.6217041015626,-0.12094831466674805,-0.03003803826868534,-0.9922042489051819,-0.00037106333184055984,0.9995433688163757,-0.03021499142050743,0.9926587343215942,-0.0032862816005945207,-0.12090422958135605],[-1585.4791259765626,15.169296264648438,1183.3309326171876,-0.1209225207567215,-0.0392736978828907,-0.991884708404541,-0.00038032387965358794,0.9992188215255737,-0.03951772302389145,0.9926618933677673,-0.0044013457372784618,-0.12084299325942993],[-1564.7860107421876,15.712600708007813,1185.8494873046876,-0.12092823535203934,-0.03910157084465027,-0.9918908476829529,-0.00037729786708950996,0.9992256164550781,-0.03934472054243088,0.99266117811203,-0.0043836492113769058,-0.12084934115409851],[-1546.4912109375,16.198589324951173,1188.0771484375,-0.12090273201465607,-0.038995999842882159,-0.9918981194496155,-0.00035335111897438765,0.9992297291755676,-0.03924116492271423,0.9926642775535584,-0.004393876064568758,-0.12082338333129883],[-1526.6162109375,16.723411560058595,1190.4969482421876,-0.12092840671539307,-0.03897017985582352,-0.9918959736824036,-0.0003549806133378297,0.9992307424545288,-0.039215072989463809,0.99266117811203,-0.004390112590044737,-0.12084921449422836],[-1506.753662109375,17.2548828125,1192.9158935546876,-0.12091391533613205,-0.039037179201841357,-0.9918951392173767,-0.00032861079671420157,0.9992279410362244,-0.03928571566939354,0.9926629662513733,-0.004424242302775383,-0.1208333969116211],[-1484.5531005859376,18.002206802368165,1195.620849609375,-0.12098918110132218,-0.0485144704580307,-0.9914675951004028,-0.0003067959623876959,0.9988067746162415,-0.048836153000593188,0.9926537871360779,-0.005604467820376158,-0.12085969746112824],[-1464.7388916015626,18.702425003051759,1198.035888671875,-0.1210172027349472,-0.04753490164875984,-0.9915115833282471,-0.0002799248031806201,0.9988543391227722,-0.047852762043476108,0.9926503896713257,-0.005513458512723446,-0.12089186906814575],[-1444.95068359375,19.406591415405275,1200.447265625,-0.12103665620088577,-0.04764917492866516,-0.9915037751197815,-0.00027330091688781977,0.9988487958908081,-0.047968797385692599,0.9926480054855347,-0.005535004194825888,-0.12091034650802612],[-1424.3948974609376,20.131362915039064,1202.95361328125,-0.1210569217801094,-0.04765749350190163,-0.9915008544921875,-0.0002794016618281603,0.9988484382629395,-0.0479765459895134,0.9926455020904541,-0.005530865862965584,-0.12093082815408707],[-1403.8707275390626,20.87717628479004,1205.4566650390626,-0.12105122953653336,-0.0491754449903965,-0.9914274215698242,-0.00025745489983819425,0.9987736940383911,-0.049508389085531238,0.9926462173461914,-0.005737803410738707,-0.12091544270515442],[-1381.826171875,21.834814071655275,1208.1422119140626,-0.12120295315980911,-0.0564383864402771,-0.991021990776062,-0.0003464854962658137,0.9983846545219421,-0.056815311312675479,0.9926276803016663,-0.0065428088419139389,-0.12102671712636948],[-1364.5247802734376,22.588932037353517,1210.2550048828126,-0.1212020292878151,-0.056389544159173968,-0.9910248517990112,-0.0003462248423602432,0.9983874559402466,-0.05676613375544548,0.9926277995109558,-0.006537053268402815,-0.12102610617876053],[-1343.326416015625,23.512863159179689,1212.8408203125,-0.12122099101543427,-0.056329771876335147,-0.9910259246826172,-0.0003700368106365204,0.9983910322189331,-0.05670313909649849,0.9926254749298096,-0.006506894249469042,-0.12104678899049759],[-1322.166748046875,24.442663192749025,1215.4229736328126,-0.12123163044452667,-0.056315723806619647,-0.991025447845459,-0.0003683034738060087,0.9983918070793152,-0.056689269840717319,0.9926241636276245,-0.00650753453373909,-0.1210574060678482],[-1303.40185546875,25.29432487487793,1217.7135009765626,-0.1212274581193924,-0.05833199992775917,-0.9909093379974365,-0.0003848703927360475,0.9982745051383972,-0.0587184838950634,0.9926247000694275,-0.0067369211465120319,-0.12104073166847229],[-1285.4852294921876,26.245935440063478,1219.900634765625,-0.12120142579078675,-0.0659509003162384,-0.9904345870018005,-0.00040833529783412814,0.9977936148643494,-0.06639095395803452,0.9926278591156006,-0.007642248645424843,-0.12096094340085983],[-1262.9224853515626,27.447818756103517,1222.6541748046876,-0.12119433283805847,-0.06601836532354355,-0.9904309511184692,-0.00042994116665795445,0.9977892637252808,-0.06645622849464417,0.9926286935806274,-0.007628291379660368,-0.12095478922128678],[-1243.5130615234376,28.473886489868165,1225.02294921875,-0.12112617492675781,-0.0657859668135643,-0.9904547929763794,-0.0004401318437885493,0.9978049397468567,-0.06622033566236496,0.992637038230896,-0.007585085462778807,-0.12088925391435623],[-1224.1417236328126,29.49321746826172,1227.386474609375,-0.12116119265556336,-0.0653451606631279,-0.9904796481132507,-0.0004214202053844929,0.9978341460227966,-0.06577880680561066,0.9926327466964722,-0.0075524309650063519,-0.12092631310224533],[-1205.5819091796876,30.476043701171876,1229.651611328125,-0.12114106118679047,-0.06535877287387848,-0.9904812574386597,-0.0004162914992775768,0.9978331923484802,-0.0657929927110672,0.992635190486908,-0.007557904813438654,-0.1209057867527008],[-1183.9716796875,31.614824295043947,1232.2869873046876,-0.12117751687765122,-0.0651707649230957,-0.9904891848564148,-0.00044848586549051106,0.9978458881378174,-0.0655999481678009,0.9926307797431946,-0.007505018729716539,-0.12094572186470032],[-1166.2550048828126,32.55297088623047,1234.4493408203126,-0.12113721668720246,-0.06529007852077484,-0.990486204624176,-0.0004124