{"DriveData":[[-4309.92431640625,12.230758666992188,861.6895141601563,-0.11745838820934296,-0.012652427889406681,-0.9929972290992737,-0.0007863111095502973,0.9999197125434876,-0.01264762133359909,0.9930775165557861,-0.000704764504916966,-0.11745890974998474],[-4297.59765625,12.223930358886719,863.1461791992188,-0.11738791316747666,-0.01269135158509016,-0.9930050373077393,-0.0007862419006414712,0.9999192357063294,-0.0126867750659585,0.9930858016014099,-0.0007085318211466074,-0.11738841235637665],[-4284.6962890625,12.223346710205079,864.6692504882813,-0.11726803332567215,-0.012819044291973114,-0.9930175542831421,-0.0008375336183235049,0.9999176263809204,-0.012809211388230324,0.9930999279022217,-0.000670425477437675,-0.1172691062092781],[-4272.17041015625,12.220285415649414,866.1467895507813,-0.1173541396856308,-0.013018203899264336,-0.9930047988891602,-0.0008289181860163808,0.9999150037765503,-0.013010834343731404,0.9930897951126099,-0.000703755475115031,-0.11735495179891586],[-4259.06396484375,12.228525161743164,867.6973876953125,-0.11728665977716446,-0.013091091997921467,-0.9930118322372437,-0.0008549176855012775,0.9999140501022339,-0.013081110082566738,0.993097722530365,-0.0006852963706478477,-0.1172877699136734],[-4246.3486328125,12.228656768798829,869.1992797851563,-0.11730505526065827,-0.013198680244386197,-0.9930081963539124,-0.0008458000374957919,0.9999126195907593,-0.013190535828471184,0.9930955767631531,-0.0007074301247484982,-0.11730597168207169],[-4233.05224609375,12.236186027526856,870.6343383789063,-0.10904841125011444,-0.013680665753781796,-0.9939423203468323,-0.001194563927128911,0.9999063611030579,-0.013631696812808514,0.9940357208251953,-0.0002991872897837311,-0.10905454307794571],[-4219.6474609375,12.239021301269532,871.7669677734375,-0.09234393388032913,-0.013785729184746743,-0.995631754398346,-0.0012117287842556835,0.999904990196228,-0.01373251061886549,0.9957264065742493,-0.00006167851097416133,-0.09235186874866486],[-4206.62841796875,12.234010696411133,872.9420776367188,-0.09094538539648056,-0.013832910917699337,-0.9957597851753235,-0.0012104689376428724,0.9999043345451355,-0.013779930770397187,0.9958551526069641,-0.00004788467413163744,-0.09095342457294464],[-4193.5166015625,12.230306625366211,874.1346435546875,-0.09072122722864151,-0.013704685494303704,-0.9957820177078247,-0.0011841343948617578,0.999906063079834,-0.013653562404215336,0.9958755970001221,-0.00005952820720267482,-0.09072893857955933],[-4180.31884765625,12.227276802062989,875.35009765625,-0.0914105474948883,-0.013618643395602703,-0.9957201480865479,-0.0011810476426035166,0.9999072551727295,-0.01356748677790165,0.9958125948905945,-0.00006421846046578139,-0.09141815453767777],[-4167.041015625,12.237349510192871,876.8734130859375,-0.10938990861177445,-0.014364142902195454,-0.9938951134681702,0.00026514605269767344,0.9998950958251953,-0.014480039477348328,0.9939988851547241,-0.0018474975368008018,-0.10937462747097016],[-4153.2021484375,12.235347747802735,878.80419921875,-0.12935250997543336,-0.014085274189710617,-0.9914986491203308,0.0012034716783091426,0.9998961687088013,-0.014361577108502388,0.9915979504585266,-0.00305094663053751,-0.1293221265077591],[-4139.80615234375,12.229537963867188,880.5868530273438,-0.13126175105571748,-0.013853468000888825,-0.9912509322166443,0.0011818039929494262,0.9998994469642639,-0.014130831696093083,0.9913470149040222,-0.003026301972568035,-0.13123217225074769],[-4125.80908203125,12.222219467163086,882.4389038085938,-0.13118454813957215,-0.013494335114955902,-0.991266131401062,0.0011144444579258562,0.9999046921730042,-0.013759421184659005,0.9913573265075684,-0.0029097343795001508,-0.1311570107936859],[-4112.24267578125,12.219375610351563,884.2322387695313,-0.13119739294052125,-0.013422554358839989,-0.9912654161453247,0.0011360045755282045,0.9999056458473206,-0.013689904473721981,0.9913555979728699,-0.002922161715105176,-0.13116976618766786],[-4098.0654296875,12.229896545410157,886.1077270507813,-0.13118049502372743,-0.01334884762763977,-0.9912686347961426,0.0010972555028274656,0.9999067783355713,-0.013610378839075566,0.9913579225540161,-0.002873091259971261,-0.1311536282300949],[-4084.326171875,12.231719017028809,887.8059692382813,-0.12392739206552506,-0.01362033374607563,-0.9921978116035461,0.0009394078515470028,0.9999037384986877,-0.013843449763953686,0.9922908544540405,-0.0026476611383259298,-0.12390266358852387],[-4070.494384765625,12.226858139038086,889.4639892578125,-0.12081906199455261,-0.013580032624304295,-0.9925816655158997,0.0009656914044171572,0.9999043345451355,-0.013797763735055924,0.9926740527153015,-0.002625560387969017,-0.1207943931221962],[-4056.579833984375,12.223240852355957,891.1510009765625,-0.12057096511125565,-0.013473782688379288,-0.9926132559776306,0.0009340661345049739,0.9999058842658997,-0.013686232268810273,0.9927042722702026,-0.0025773285888135435,-0.12054703384637833],[-4042.586181640625,12.22116470336914,892.8478393554688,-0.12037146836519242,-0.013423516415059567,-0.9926381707191467,0.0009109474485740066,0.9999066591262817,-0.013632274232804776,0.9927285313606262,-0.0025451781693845989,-0.1203480064868927],[-4028.513427734375,12.21712589263916,894.5532836914063,-0.12038426846265793,-0.01332047302275896,-0.9926379919052124,0.0009208305855281651,0.9999080300331116,-0.013529706746339798,0.9927269220352173,-0.0025428154040127994,-0.12036093324422836],[-4014.36328125,12.218940734863282,896.2664184570313,-0.12033548951148987,-0.013241470791399479,-0.9926449656486511,0.0008764505037106574,0.9999092221260071,-0.013444622978568077,0.9927328824996948,-0.002487869467586279,-0.12031295895576477],[-3999.587890625,12.216165542602539,898.0559692382813,-0.12034618854522705,-0.013140209950506688,-0.9926450252532959,0.0008854424813762307,0.9999105930328369,-0.013343737460672856,0.9927315711975098,-0.002484797965735197,-0.1203237920999527],[-3985.294921875,12.220251083374024,899.7882690429688,-0.12025012075901032,-0.01287547592073679,-0.9926601052284241,0.0008346261456608772,0.9999142289161682,-0.013070672750473023,0.9927432537078857,-0.0024002501741051676,-0.12022905796766281],[-3971.05859375,12.209085464477539,901.5117797851563,-0.1203879565000534,-0.012209011241793633,-0.9926518201828003,0.0008443016558885574,0.9999227523803711,-0.012400834821164608,0.9927265644073486,-0.0023310089018195869,-0.1203683540225029],[-3956.37255859375,12.214029312133789,903.291259765625,-0.1203773245215416,-0.012177621014416218,-0.992653489112854,0.0008534254156984389,0.9999231100082398,-0.012370296753942967,0.9927278161048889,-0.002336259000003338,-0.12035767734050751],[-3942.242919921875,12.212618827819825,905.0029296875,-0.12041283398866654,-0.012332462705671788,-0.9926472902297974,0.0008478279924020171,0.9999212026596069,-0.012525677680969239,0.9927235245704651,-0.0023498465307056906,-0.12039288878440857],[-3928.041015625,12.20793342590332,906.7241821289063,-0.12032654881477356,-0.012324029579758644,-0.9926578402519226,0.0008255279390141368,0.9999213814735413,-0.012514274567365647,0.9927340149879456,-0.0023252663668245079,-0.12030690908432007],[-3913.757568359375,12.211617469787598,908.4525146484375,-0.12034986168146134,-0.012703449465334416,-0.9926502704620361,0.0008131767390295863,0.9999165534973145,-0.012895029969513417,0.9927312135696411,-0.0023591152857989074,-0.12032948434352875],[-3898.833984375,12.215002059936524,910.258544921875,-0.12026020884513855,-0.012771081179380417,-0.9926602840423584,0.0007431218400597572,0.9999158382415772,-0.012954456731677056,0.992742121219635,-0.002295573242008686,-0.12024059146642685],[-3884.931396484375,12.211831092834473,911.9392700195313,-0.12028475105762482,-0.012798411771655083,-0.992656946182251,0.0007558533689007163,0.9999154210090637,-0.012983586639165879,0.9927391409873962,-0.002312030643224716,-0.12026490271091461],[-3870.951416015625,12.212103843688965,913.6303100585938,-0.12015116959810257,-0.012774815782904625,-0.992673397064209,0.0006861821748316288,0.9999158978462219,-0.012951074168086052,0.9927553534507752,-0.002237241482362151,-0.12013229727745056],[-3855.197998046875,12.211878776550293,915.5352172851563,-0.12014034390449524,-0.01276013720780611,-0.9926748871803284,0.0006730143213644624,0.999916136264801,-0.01293467078357935,0.9927566647529602,-0.002222060225903988,-0.12012168020009995],[-3839.90625,12.210823059082032,917.3833618164063,-0.12009666115045548,-0.012741340324282647,-0.9926804304122925,0.0006659497739747167,0.9999163746833801,-0.01291478332132101,0.9927619695663452,-0.0022120976354926826,-0.12007813900709152],[-3825.09033203125,12.212265014648438,919.1737670898438,-0.12007040530443192,-0.012905302457511425,-0.9926815032958984,0.0006133945425972343,0.9999143481254578,-0.013073526322841645,0.9927651882171631,-0.002178648952394724,-0.12005220353603363],[-3810.18212890625,12.212128639221192,920.9743041992188,-0.12000348418951035,-0.012873290106654168,-0.9926900267601013,0.0005955293891020119,0.999914824962616,-0.01303897425532341,0.9927732944488525,-0.0021558983717113735,-0.11998559534549713],[-3795.184326171875,12.214188575744629,922.78564453125,-0.12006755918264389,-0.013040589168667794,-0.9926800727844238,0.0005859514931216836,0.9999126195907593,-0.013206474483013153,0.9927655458450317,-0.0021673315204679968,-0.12004943192005158],[-3780.09326171875,12.210225105285645,924.607666015625,-0.12002315372228623,-0.013057675212621689,-0.9926851987838745,0.000517527456395328,0.9999125599861145,-0.013215315528213978,0.9927709698677063,-0.002099885605275631,-0.12000589817762375],[-3764.914306640625,12.215570449829102,926.4402465820313,-0.1199839860200882,-0.013088027946650982,-0.9926895499229431,0.0005355004104785621,0.9999120831489563,-0.013247977942228318,0.9927756786346436,-0.0021211309358477594,-0.11996643245220185],[-3749.064453125,12.218631744384766,928.3547973632813,-0.11996779590845108,-0.013033605180680752,-0.992692232131958,0.0005200525629334152,0.9999128580093384,-0.01319125760346651,0.9927776455879211,-0.002098778262734413,-0.1199505627155304],[-3733.121826171875,12.231002807617188,930.2815551757813,-0.11997205018997193,-0.013040816411376,-0.9926916360855103,0.0005155640537850559,0.9999127984046936,-0.013197988271713257,0.9927771091461182,-0.002095185685902834,-0.11995486170053482],[-3717.68994140625,12.229461669921875,932.1448364257813,-0.11997022479772568,-0.012917136773467064,-0.9926934242248535,0.0004879094776697457,0.9999144673347473,-0.013070063665509224,0.9927773475646973,-0.002052363008260727,-0.11995366215705872],[-3702.79833984375,12.328886032104493,933.944091796875,-0.11997223645448685,-0.02051692269742489,-0.9925652146339417,0.0004836101725231856,0.9997851252555847,-0.020724616944789888,0.9927771091461182,-0.002966393018141389,-0.11993653327226639],[-3687.213134765625,12.457474708557129,935.82470703125,-0.1199992299079895,-0.02176675572991371,-0.9925353527069092,0.00044587490265257657,0.9997583031654358,-0.021979065611958505,0.9927738904953003,-0.0030800173990428449,-0.11996052414178848],[-3670.93994140625,12.601126670837403,937.7910766601563,-0.1200050562620163,-0.021751081570982934,-0.9925349950790405,0.0004635258810594678,0.9997586011886597,-0.021965429186820985,0.992773175239563,-0.0030960282310843469,-0.11996600776910782],[-3655.185791015625,12.737361907958985,939.6950073242188,-0.12003809213638306,-0.021768709644675256,-0.9925305843353272,0.0004602538829203695,0.999758243560791,-0.021982895210385324,0.992769181728363,-0.0030956007540225984,-0.11999905109405518],[-3638.129150390625,12.890315055847168,941.7576904296875,-0.12001274526119232,-0.021511629223823549,-0.9925392866134644,0.0004186670412309468,0.9997640252113342,-0.021718837320804597,0.9927722811698914,-0.0030220807529985906,-0.11997541785240174],[-3622.81787109375,13.002571105957032,943.607666015625,-0.12002688646316529,-0.01953917182981968,-0.9925783276557922,0.000409222993766889,0.9998052716255188,-0.01973091997206211,0.9927705526351929,-0.0027744267135858537,-0.11999551206827164],[-3606.804931640625,13.019036293029786,945.5439453125,-0.1201300099492073,-0.013311760500073433,-0.9926689267158508,0.0004046123067382723,0.9999093413352966,-0.013457820750772953,0.9927580952644348,-0.002018334111198783,-0.12011373788118363],[-3590.727294921875,13.007564544677735,947.4847412109375,-0.11997967213392258,-0.013373556546866894,-0.9926862716674805,0.00035817609750665724,0.9999086260795593,-0.013514147140085698,0.9927762746810913,-0.0019769794307649137,-0.11996392160654068],[-3574.577392578125,13.001883506774903,949.4336547851563,-0.1199120506644249,-0.013222378678619862,-0.9926964640617371,0.000354738935129717,0.9999106526374817,-0.013361319899559021,0.9927844405174255,-0.0019543312955647709,-0.11989665031433106],[-3560.2236328125,12.997057914733887,951.1646118164063,-0.11987362056970597,-0.013179355300962925,-0.9927016496658325,0.0003210287250112742,0.9999113082885742,-0.013313837349414826,0.992789089679718,-0.0019146637059748173,-0.1198587641119957],[-3543.296630859375,12.99664306640625,953.2059326171875,-0.11985304951667786,-0.013116784393787384,-0.9927049875259399,0.0002872633922379464,0.9999122023582459,-0.013246697373688221,0.9927915930747986,-0.0018728247378021479,-0.11983875930309296],[-3526.921142578125,13.000894546508789,955.182861328125,-0.11982312053442002,-0.013052310794591904,-0.9927094578742981,0.0002878085651900619,0.9999130964279175,-0.013181764632463456,0.9927952289581299,-0.0018651904538273812,-0.11980894953012467],[-3509.835693359375,12.999978065490723,957.2437744140625,-0.11983640491962433,-0.012764823623001576,-0.99271160364151,0.00027989756199531257,0.9999168515205383,-0.012891261838376522,0.992793619632721,-0.0018227000255137683,-0.11982286721467972],[-3493.309326171875,13.006973266601563,959.2385864257813,-0.11983691900968552,-0.012678834609687329,-0.9927126169204712,0.00027920419233851135,0.9999179840087891,-0.012804565019905568,0.9927935600280762,-0.0018116291612386704,-0.11982355266809464],[-3476.72021484375,13.023016929626465,961.2406005859375,-0.11991488933563233,-0.013748816214501858,-0.9926889538764954,0.0002998396521434188,0.9999035596847534,-0.013884958811104298,0.9927841424942017,-0.001962660811841488,-0.1198992058634758],[-3459.438720703125,13.152446746826172,963.3219604492188,-0.119966059923172,-0.02233090065419674,-0.9925268292427063,0.0002492065541446209,0.9997462630271912,-0.02252345345914364,0.992777943611145,-0.00294939405284822,-0.11993005871772766],[-3442.060791015625,13.307276725769043,965.4185180664063,-0.11981827765703201,-0.022193370386958123,-0.9925477504730225,0.0002375171025050804,0.9997494220733643,-0.02238307148218155,0.9927958250045776,-0.0029176482930779459,-0.11978298425674439],[-3424.60498046875,13.462098121643067,967.5231323242188,-0.11977502703666687,-0.022112682461738588,-0.992554783821106,0.00022716099920216948,0.9997512698173523,-0.022300422191619874,0.9928010106086731,-0.002896503545343876,-0.11974021792411804],[-3407.721923828125,13.600091934204102,969.5572509765625,-0.11982186138629914,-0.02187456749379635,-0.9925543665885925,0.00017748815298546106,0.9997567534446716,-0.022054724395275117,0.9927954077720642,-0.002818804932758212,-0.11978883296251297],[-3390.770263671875,13.759950637817383,971.6015014648438,-0.11975972354412079,-0.021900497376918794,-0.9925613403320313,0.00015832175267860293,0.9997562170028687,-0.02207835391163826,0.9928029179573059,-0.002801241585984826,-0.11972706019878388],[-3373.08251953125,13.87497615814209,973.7344970703125,-0.1197642982006073,-0.01786692440509796,-0.9926415681838989,0.00015540816821157932,0.9998376965522766,-0.018015200272202493,0.9928023219108582,-0.002311842283234,-0.11974208056926727],[-3355.976318359375,13.8716459274292,975.798095703125,-0.11977458745241165,-0.01324170920997858,-0.9927127957344055,0.0001407961390214041,0.999910831451416,-0.01335471123456955,0.9928011298179627,-0.0017393251182511449,-0.11976204067468643],[-3338.15771484375,13.879453659057618,977.9476928710938,-0.1197776347398758,-0.013294678181409836,-0.9927117228507996,0.0001383488270221278,0.9999101161956787,-0.013407773338258267,0.9928007125854492,-0.0017432919703423977,-0.1197650283575058],[-3320.9345703125,13.880056381225586,980.026123046875,-0.11989351361989975,-0.013489784672856331,-0.9926950931549072,0.0001442966313334182,0.9999074339866638,-0.013605221174657345,0.9927867650985718,-0.0017744203796610237,-0.11988046765327454],[-3303.644775390625,13.86888313293457,982.1103515625,-0.11983678489923477,-0.013233097270131112,-0.9927054047584534,0.00012531039828900248,0.9999109506607056,-0.013344276696443558,0.992793619632721,-0.0017235316336154938,-0.11982446163892746],[-3285.6220703125,13.867276191711426,984.2861328125,-0.11991631239652634,-0.013003779575228691,-0.9926988482475281,0.00016197949298657477,0.9999139308929443,-0.013117860071361065,0.9927839636802673,-0.0017338423058390618,-0.11990389227867127],[-3269.52685546875,13.783145904541016,986.2311401367188,-0.12004171311855316,-0.006102633196860552,-0.9927501082420349,0.00016112787125166506,0.9999809861183167,-0.006166566163301468,0.9927688241004944,-0.0009002048755064607,-0.12003844976425171],[-3250.013427734375,13.601076126098633,988.5896606445313,-0.12004879862070084,-0.0043276771903038029,-0.992758572101593,0.0001322293683188036,0.9999904036521912,-0.00437519233673811,0.9927679896354675,-0.0006565084331668913,-0.12004707753658295],[-3232.44091796875,13.438918113708496,990.7107543945313,-0.12000169605016709,-0.004236679524183273,-0.9927646517753601,0.00006723539991071448,0.9999908804893494,-0.004275644663721323,0.992773711681366,-0.0005798335769213736,-0.12000031769275665],[-3214.112060546875,13.27324104309082,992.9223022460938,-0.11988392472267151,-0.004297691863030195,-0.9927785992622376,0.000028959218980162406,0.9999906420707703,-0.004332409240305424,0.9927878975868225,-0.0005481363041326404,-0.11988267302513123],[-3199.117431640625,13.144261360168457,994.7304077148438,-0.11988278478384018,-0.004246745258569717,-0.9927789568901062,0.0000032500247471034528,0.9999908208847046,-0.0042779878713190559,0.9927880764007568,-0.0005160836153663695,-0.11988167464733124],[-3180.641357421875,12.97817325592041,996.9568481445313,-0.11983989179134369,-0.0044164713472127918,-0.9927834272384644,-0.00004410610563354567,0.9999901056289673,-0.004443206824362278,0.9927932024002075,-0.0004886856186203659,-0.1198389083147049],[-3162.772216796875,12.818377494812012,999.10986328125,-0.11968673020601273,-0.0043200599029660229,-0.9928023219108582,-0.00003926511271856725,0.9999905824661255,-0.004346604924649,0.9928116798400879,-0.00048124842578545213,-0.11968576908111572],[-3144.136962890625,12.656820297241211,1001.3521728515625,-0.1196117252111435,-0.004407539963722229,-0.9928109645843506,-0.00007245102460728958,0.9999901652336121,-0.004430682864040136,0.9928207397460938,-0.0004580314562190324,-0.11961086839437485],[-3125.421630859375,12.486374855041504,1003.6026000976563,-0.11958298832178116,-0.004413102753460407,-0.9928144216537476,-0.00014183568418957293,0.9999901652336121,-0.0044279154390096668,0.9928241968154907,-0.0003886868362314999,-0.11958243697881699],[-3107.326171875,12.345573425292969,1005.7807006835938,-0.11950366199016571,-0.004595274571329355,-0.9928231239318848,-0.0001741024461807683,0.99998939037323,-0.004607487004250288,0.9928337335586548,-0.00037775866803713143,-0.1195031926035881],[-3089.15625,12.17802906036377,1007.9647827148438,-0.11950942873954773,-0.004511234350502491,-0.9928228259086609,-0.00021425963495858014,0.9999897480010986,-0.004518008790910244,0.9928330183029175,-0.000327222776832059,-0.11950917541980744],[-3070.213134765625,12.01194953918457,1010.2405395507813,-0.1194150522351265,-0.004601496737450361,-0.9928337335586548,-0.00029101496329531074,0.99998939037323,-0.004599658772349358,0.9928444027900696,-0.0002603390021249652,-0.11941512674093247],[-3051.8994140625,11.8529634475708,1012.4410400390625,-0.11938203871250153,-0.0046139867044985298,-0.99283766746521,-0.00029728899244219065,0.9999893307685852,-0.004611475393176079,0.9928483366966248,-0.0002553676604293287,-0.11938213557004929],[-3033.514404296875,11.698236465454102,1014.6481323242188,-0.11932302266359329,-0.0045219664461910728,-0.9928451776504517,-0.0003374082734808326,0.9999897480010986,-0.004513955675065517,0.992855429649353,-0.00020362468785606325,-0.11932332813739777],[-3015.060791015625,11.53948974609375,1016.8638305664063,-0.11927862465381623,-0.004306287970393896,-0.9928514957427979,-0.00036130158696323633,0.999990701675415,-0.004293846897780895,0.992860734462738,-0.0001534453476779163,-0.11927907168865204],[-2996.538818359375,11.373544692993164,1019.0889282226563,-0.11927827447652817,-0.004095409065485001,-0.9928523898124695,-0.00038766374927945435,0.9999915957450867,-0.004078284837305546,0.9928607940673828,-0.00010155788186239079,-0.11927886307239533],[-2977.236572265625,11.206747055053711,1021.4080810546875,-0.11928451806306839,-0.004113643895834684,-0.9928516149520874,-0.0003832745715044439,0.9999915361404419,-0.00409717857837677,0.9928600192070007,-0.00010819519957294688,-0.11928508430719376],[-2958.582763671875,11.045613288879395,1023.6480712890625,-0.11926393210887909,-0.004118798300623894,-0.9928540587425232,-0.00040506190271116793,0.9999915361404419,-0.004099750891327858,0.9928625226020813,-0.00008678506128489971,-0.11926458775997162],[-2939.86669921875,10.887306213378907,1025.89501953125,-0.11922455579042435,-0.004173160996288061,-0.9928585290908814,-0.0004236664390191436,0.9999912977218628,-0.004152266774326563,0.9928672313690186,-0.00007441130583174527,-0.11922528594732285],[-2919.6416015625,10.710286140441895,1028.32275390625,-0.11921260505914688,-0.004217612091451883,-0.9928597807884216,-0.00044716562842950225,0.9999911189079285,-0.004194214474409819,0.9928686618804932,-0.000056030468840617689,-0.11921343207359314],[-2900.798095703125,10.539424896240235,1030.5830078125,-0.11918696761131287,-0.003980637528002262,-0.9928638339042664,-0.00048662169137969613,0.9999920725822449,-0.003950800746679306,0.9928717017173767,0.000012265124496479985,-0.11918796598911286],[-2881.177490234375,10.406336784362793,1032.936767578125,-0.11928082257509232,-0.006735571194440126,-0.9928377270698547,-0.000473011692520231,0.9999772310256958,-0.006727178581058979,0.9928604364395142,-0.0003327995946165174,-0.11928129941225052],[-2862.239990234375,10.379884719848633,1035.2056884765626,-0.1190568134188652,-0.012976602651178837,-0.992802619934082,-0.0005094193620607257,0.9999152421951294,-0.013008479960262776,0.9928873181343079,-0.0010429952526465059,-0.11905333399772644],[-2843.2412109375,10.390237808227539,1037.439208984375,-0.11654336005449295,-0.013559074141085148,-0.9930930733680725,-0.00047783172340132296,0.9999074339866638,-0.01359603926539421,0.9931854605674744,-0.0011099966941401363,-0.11653905361890793],[-2823.450439453125,10.3793306350708,1039.73095703125,-0.11556138843297959,-0.013335952535271645,-0.9932107925415039,-0.000464737560832873,0.9999104738235474,-0.013371837325394154,0.9933002591133118,-0.0010836856672540308,-0.1155572459101677],[-2803.607177734375,10.376195907592774,1042.036376953125,-0.11549266427755356,-0.013210647739470005,-0.9932205080986023,-0.0005175822880119085,0.9999122023582459,-0.013239468447864056,0.9933081865310669,-0.0010149881709367037,-0.11548936367034912],[-2784.448486328125,10.375255584716797,1044.2613525390626,-0.11549588292837143,-0.013250122778117657,-0.9932195544242859,-0.0005478710518218577,0.9999117255210877,-0.013275690376758576,0.9933078289031982,-0.000989131280221045,-0.11549293994903565],[-2764.503662109375,10.374967575073243,1046.5775146484376,-0.11541429162025452,-0.013109076768159867,-0.993230938911438,-0.0005868842708878219,0.9999136328697205,-0.013129081577062607,0.9933172464370728,-0.0009323720587417483,-0.11541201919317246],[-2745.249267578125,10.374963760375977,1048.812744140625,-0.11535043269395828,-0.013175115920603276,-0.9932374954223633,-0.0005808704299852252,0.9999127388000488,-0.013196202926337719,0.9933246970176697,-0.0009452453232370317,-0.11534801870584488],[-2725.22412109375,10.481867790222168,1051.136962890625,-0.11533278971910477,-0.02073386311531067,-0.9931104779243469,-0.0005852084723301232,0.9997833967208862,-0.02080521546304226,0.993326723575592,-0.0018183469073846937,-0.11531993746757508],[-2706.63330078125,10.641349792480469,1053.2923583984376,-0.11535126715898514,-0.022425375878810884,-0.9930716156959534,-0.0006458322168327868,0.9997466206550598,-0.02250109240412712,0.9933245778083801,-0.001954171806573868,-0.11533652245998383],[-2686.51171875,10.818925857543946,1055.627685546875,-0.11532723903656006,-0.02225504443049431,-0.9930782318115234,-0.0006673963507637382,0.9997504949569702,-0.022327067330479623,0.9933273196220398,-0.0019121421501040459,-0.11531331390142441],[-2667.096923828125,10.987717628479004,1057.8819580078126,-0.11537252366542816,-0.02176942117512226,-0.9930837154388428,-0.000675744900945574,0.9997612833976746,-0.021837295964360238,0.9933220744132996,-0.0018483527237549425,-0.11535969376564026],[-2646.900146484375,11.177769660949707,1060.22607421875,-0.11538007110357285,-0.022068841382861139,-0.9930762052536011,-0.0006950068636797369,0.9997547268867493,-0.0221365075558424,0.9933211803436279,-0.0018639169866219164,-0.1153671070933342],[-2628.9150390625,11.337248802185059,1062.315185546875,-0.1153477281332016,-0.02182769775390625,-0.9930853247642517,-0.0007078893249854445,0.999760091304779,-0.021892184391617776,0.9933249354362488,-0.001822219230234623,-0.11533550173044205],[-2607.898681640625,11.526960372924805,1064.7554931640626,-0.11534760892391205,-0.0217781700193882,-0.9930863976478577,-0.0007201724220067263,0.9997612237930298,-0.0218408964574337,0.9933249354362488,-0.0018041018629446626,-0.11533574759960175],[-2587.599853515625,11.71002197265625,1067.111572265625,-0.11530496180057526,-0.021741699427366258,-0.9930921792984009,-0.0007415983127430081,0.9997620582580566,-0.021801616996526719,0.9933298826217651,-0.0017773592844605446,-0.11529365181922913],[-2567.268798828125,11.89270305633545,1069.471435546875,-0.11530474573373795,-0.0212775357067585,-0.9931022524833679,-0.0007432756829075515,0.9997721314430237,-0.021334141492843629,0.9933298826217651,-0.001721779233776033,-0.11529429256916046],[-2548.418701171875,12.054214477539063,1071.658203125,-0.11532876640558243,-0.02105441316962242,-0.9931042194366455,-0.000782520161010325,0.9997769594192505,-0.021105006337165834,0.9933270812034607,-0.0016568900318816305,-0.11531951278448105],[-2528.03369140625,12.236228942871094,1074.02783203125,-0.11551674455404282,-0.021066244691610338,-0.9930821061134338,-0.000718716299161315,0.9997766017913818,-0.02112465165555477,0.9933052659034729,-0.001726506743580103,-0.11550607532262802],[-2509.130615234375,12.391571044921875,1076.2237548828126,-0.1155482679605484,-0.021190805360674859,-0.9930757880210877,-0.0007556948694400489,0.9997739791870117,-0.0212458074092865,0.9933015704154968,-0.001704453956335783,-0.11553816497325897],[-2489.4423828125,12.56057357788086,1078.5106201171876,-0.11543592065572739,-0.021185433492064477,-0.993088960647583,-0.0007914271554909647,0.999774158000946,-0.021236054599285127,0.9933146238327026,-0.0016654458595439792,-0.11542662233114243],[-2469.72509765625,12.737395286560059,1080.8004150390626,-0.11542405188083649,-0.020985735580325128,-0.9930946230888367,-0.0008009433513507247,0.9997784495353699,-0.021033884957432748,0.9933159947395325,-0.001632403815165162,-0.11541528254747391],[-2449.2177734375,12.913713455200196,1083.18115234375,-0.11539721488952637,-0.02103559859097004,-0.993096649646759,-0.0008073551580309868,0.9997773766517639,-0.021083295345306398,0.9933190941810608,-0.0016311716753989459,-0.11538850516080857],[-2429.439453125,13.068655967712403,1085.4765625,-0.11562775075435639,-0.02097327448427677,-0.9930711388587952,-0.0007972972234711051,0.999778687953949,-0.021022101864218713,0.9932922720909119,-0.0016389655647799373,-0.11561888456344605],[-2408.87451171875,13.25656795501709,1087.8687744140626,-0.1156582310795784,-0.02140411175787449,-0.993058443069458,-0.000841067114379257,0.9997695684432983,-0.02145080640912056,0.9932886958122253,-0.001645733485929668,-0.11564958095550537],[-2389.040771484375,13.428913116455079,1090.176025390625,-0.11560112982988358,-0.02146841399371624,-0.9930636882781982,-0.0008203986217267811,0.9997681379318237,-0.021517852321267129,0.9932953715324402,-0.0016727799084037543,-0.11559193581342697],[-2369.941650390625,13.60132884979248,1092.3966064453126,-0.11559303104877472,-0.02150077000260353,-0.9930639266967773,-0.0008520085830241442,0.9997674822807312,-0.021546734496951104,0.9932962656021118,-0.0016445532673969865,-0.11558447033166886],[-2349.283935546875,13.781744956970215,1094.7999267578126,-0.11557666212320328,-0.02156311459839344,-0.9930644631385803,-0.0008555178064852953,0.9997661113739014,-0.02160906232893467,0.9932981729507446,-0.0016479190671816469,-0.11556807905435562],[-2329.365478515625,13.962613105773926,1097.1168212890626,-0.11554020643234253,-0.021605249494314195,-0.9930678009986877,-0.0008719213074073195,0.9997652173042297,-0.021649515256285669,0.9933024048805237,-0.001635512337088585,-0.11553191393613816],[-2308.653564453125,14.152297973632813,1099.526123046875,-0.11554072052240372,-0.021644918248057367,-0.9930669069290161,-0.0008771080174483359,0.9997643828392029,-0.02168884687125683,0.9933023452758789,-0.0016349180368706585,-0.11553248018026352],[-2287.914794921875,14.339314460754395,1101.9383544921876,-0.11554208397865296,-0.02156328782439232,-0.993068516254425,-0.0008843470714055002,0.9997661709785461,-0.021605826914310457,0.9933021664619446,-0.0016181651735678316,-0.11553414165973664],[-2267.921630859375,14.520724296569825,1104.263427734375,-0.11551128327846527,-0.02160745859146118,-0.9930711388587952,-0.0008988602203316987,0.9997652173042297,-0.021648557856678964,0.9933057427406311,-0.0016080206260085106,-0.11550359427928925],[-2247.134521484375,14.703237533569336,1106.6783447265626,-0.11549609154462815,-0.021454310044646264,-0.9930762052536011,-0.0009416607790626586,0.9997686147689819,-0.021489374339580537,0.9933074712753296,-0.0015467979246750475,-0.11548957228660584],[-2230.162841796875,14.758171081542969,1108.6494140625,-0.11545383930206299,-0.014569967053830624,-0.9932059645652771,-0.0009625588427297771,0.9998936057090759,-0.01455618068575859,0.9933123588562012,-0.000724547659046948,-0.11545557528734207],[-2209.323486328125,14.755914688110352,1111.0697021484376,-0.11554532498121262,-0.012921580113470555,-0.993218183517456,-0.0009793544886633754,0.9999163746833801,-0.01289479061961174,0.9933017492294312,-0.000517220061738044,-0.11554831266403198],[-2189.221923828125,14.717432975769043,1113.40576171875,-0.11560633778572083,-0.011119178496301175,-0.9932328462600708,-0.0010033220751211048,0.9999381303787231,-0.011077462695538998,0.9932945966720581,-0.0002840925008058548,-0.11561034619808197],[-2169.072021484375,14.551380157470704,1115.748046875,-0.11566948145627976,-0.0046989805996418,-0.9932766556739807,-0.0009819603292271495,0.999988853931427,-0.004616382997483015,0.9932872653007507,0.0004413836868479848,-0.11567280441522598],[-2148.8896484375,14.366445541381836,1118.0963134765626,-0.1157069206237793,-0.0043922848999500278,-0.9932736754417419,-0.001001454540528357,0.9999902248382568,-0.004305325448513031,0.9932829141616821,0.000496562453918159,-0.11571019142866135],[-2127.857421875,14.04507064819336,1120.546142578125,-0.11587085574865341,0.004797212779521942,-0.993252694606781,-0.0009905124315991998,0.9999873042106628,0.004945290740579367,0.9932637810707092,0.0015568442177027464,-0.11586462706327439],[-2107.565185546875,13.680211067199707,1122.9085693359376,-0.11578361690044403,0.00464164512231946,-0.9932636022567749,-0.0010162839898839594,0.9999880194664002,0.0047915359027683739,0.993273913860321,0.0015642192447558046,-0.11577751487493515],[-2087.224365234375,13.366766929626465,1125.2886962890626,-0.11635298281908035,0.0016917682951316238,-0.9932065010070801,-0.0010808422230184079,0.9999977350234985,0.00182995549403131,0.9932073354721069,0.0012864202726632357,-0.11635088920593262],[-2066.058837890625,13.186681747436524,1127.7462158203126,-0.11593975871801377,-0.005086176097393036,-0.9932432174682617,-0.0010798802832141519,0.9999869465827942,-0.004994656424969435,0.9932556748390198,0.00049350451445207,-0.11594373732805252],[-2045.61572265625,13.020459175109864,1130.1295166015626,-0.11590180546045304,-0.005086710676550865,-0.9932476282119751,-0.0010764992330223322,0.9999869465827942,-0.004995608236640692,0.9932600855827332,0.0004902303917333484,-0.1159057691693306],[-2024.3365478515626,12.839595794677735,1132.6114501953126,-0.11590074002742768,-0.004872956778854132,-0.9932488203048706,-0.0010773284593597055,0.9999880194664002,-0.004780307412147522,0.9932602047920227,0.0005160141154192388,-0.11590459942817688],[-2003.799072265625,12.659632682800293,1135.007568359375,-0.11591295897960663,-0.004764181561768055,-0.993247926235199,-0.0010732936207205058,0.9999884963035584,-0.004671258851885796,0.9932587742805481,0.0005245872889645398,-0.11591673642396927],[-1985.5928955078126,12.491937637329102,1137.13134765625,-0.11599551886320114,-0.0044174944050610069,-0.9932399392127991,-0.0010795709677040578,0.9999901056289673,-0.004321438260376453,0.9932491779327393,0.0005710055120289326,-0.11599913984537125],[-1964.970458984375,12.313048362731934,1139.5384521484376,-0.11597777903079987,-0.004293418023735285,-0.9932425022125244,-0.0010748986387625337,0.9999906420707703,-0.00419707503169775,0.9932512044906616,0.0005808676360175014,-0.11598130315542221],[-1944.30810546875,12.151983261108399,1141.9498291015626,-0.11598524451255799,-0.005835775751620531,-0.9932337999343872,-0.0010646434966474772,0.9999828934669495,-0.005751105956733227,0.9932503700256348,0.0003903965116478503,-0.11598947644233704],[-1926.0135498046876,12.146623611450196,1144.0833740234376,-0.11601370573043823,-0.013292521238327027,-0.9931586384773254,-0.0011355581227689982,0.9999115467071533,-0.013250255025923252,0.9932469725608826,-0.00040942171472124755,-0.11601854115724564],[-1904.490234375,12.151485443115235,1146.5963134765626,-0.11602252721786499,-0.012844007462263108,-0.993163526058197,-0.0011503704590722919,0.9999174475669861,-0.01279696449637413,0.9932458996772766,-0.00034223010879941285,-0.11602772027254105],[-1882.9869384765626,12.15327262878418,1149.1077880859376,-0.11602937430143357,-0.012716970406472683,-0.9931643605232239,-0.001188497873954475,0.9999191164970398,-0.0126646114513278,0.9932450652122498,-0.0002890931209549308,-0.1160351037979126],[-1862.3851318359376,12.161771774291993,1151.5135498046876,-0.11600401997566223,-0.012685535475611687,-0.9931677579879761,-0.0012011214857921005,0.9999194741249085,-0.01263148058205843,0.9932480454444885,-0.0002723874058574438,-0.1160099133849144],[-1842.02197265625,12.147321701049805,1153.8919677734376,-0.11603828519582749,-0.011186739429831505,-0.9931817650794983,-0.0012350339675322176,0.9999374151229858,-0.011118536815047264,0.9932439923286438,-0.00006356278026942164,-0.11604484170675278],[-1821.336669921875,12.12824535369873,1156.30615234375,-0.11608989536762238,-0.009742632508277893,-0.9931909441947937,-0.0012313845800235868,0.9999525547027588,-0.009665029123425484,0.9932379722595215,0.00010098783241119236,-0.1160963848233223],[-1801.8736572265626,12.125082969665528,1158.5792236328126,-0.11604796350002289,-0.009518525563180447,-0.9931979775428772,-0.0012467597844079137,0.9999547004699707,-0.009437604807317257,0.9932428002357483,0.0001430645352229476,-0.11605457216501236],[-1782.1578369140626,12.265162467956543,1160.879150390625,-0.11601422727108002,-0.018473532050848008,-0.9930757284164429,-0.0012772957561537624,0.9998289942741394,-0.018449939787387849,0.9932467341423035,-0.0008720040204934776,-0.11601798236370087],[-1763.6168212890626,12.44621467590332,1163.0445556640626,-0.1160106286406517,-0.017818666994571687,-0.9930881261825562,-0.0012917733984068037,0.9998409152030945,-0.017788928002119066,0.9932471513748169,-0.0007808599038980901,-0.11601519584655762],[-1744.841552734375,12.601268768310547,1165.23583984375,-0.11601735651493073,-0.017684951424598695,-0.9930897355079651,-0.0013152459869161249,0.9998433589935303,-0.017651565372943879,0.99324631690979,-0.0007417307351715863,-0.11602243781089783],[-1727.218017578125,12.75460147857666,1167.2926025390626,-0.11594723910093308,-0.017616894096136094,-0.9930991530418396,-0.0013481533387675882,0.9998445510864258,-0.017579153180122377,0.9932544827461243,-0.0006994043360464275,-0.11595296859741211],[-1710.038818359375,12.907817840576172,1169.297119140625,-0.11598431318998337,-0.01761418953537941,-0.9930948615074158,-0.0013363409088924528,0.9998446106910706,-0.01757783629000187,0.9932501316070557,-0.0007116399356164038,-0.11598982661962509],[-1692.6800537109376,13.128089904785157,1171.3233642578126,-0.11597602814435959,-0.022760972380638124,-0.9929912090301514,-0.001342012663371861,0.9997400641441345,-0.022758929058909417,0.9932510852813721,-0.0013068835251033307,-0.11597643047571182],[-1676.422119140625,13.413985252380371,1173.2626953125,-0.11879934370517731,-0.02683326043188572,-0.9925556182861328,-0.001161969848908484,0.9996378421783447,-0.02688564732670784,0.9929175972938538,-0.0020406777039170267,-0.1187874972820282],[-1660.6373291015626,13.707015037536621,1175.5201416015626,-0.13879406452178956,-0.02743777073919773,-0.9899411201477051,0.00047856624587439,0.9996141195297241,-0.027772970497608186,0.990321159362793,-0.004328476265072823,-0.13872738182544709],[-1644.8154296875,13.997886657714844,1178.5159912109376,-0.18124094605445863,-0.02609899267554283,-0.9830923676490784,0.009723772294819355,0.9995513558387756,-0.02832859940826893,0.9833906292915344,-0.01469366904348135,-0.18090586364269257],[-1630.241455078125,14.238646507263184,1182.308837890625,-0.2413463145494461,-0.022040091454982759,-0.9701887369155884,0.023453587666153909,0.9993175864219666,-0.02853618748486042,0.9701555967330933,-0.029641510918736459,-0.24066470563411714],[-1615.8641357421876,14.454449653625489,1187.2510986328126,-0.30983966588974,-0.014804566279053688,-0.9506735801696777,0.02932637184858322,0.9992542266845703,-0.025119032710790635,0.9503364562988281,-0.03566267713904381,-0.30917444825172427],[-1604.3455810546876,14.694890022277832,1192.36181640625,-0.37921178340911868,-0.012543254531919957,-0.9252249002456665,0.031183941289782525,0.9991669058799744,-0.026326706632971765,0.9247843027114868,-0.0388355553150177,-0.3785047233104706],[-1592.2626953125,14.952549934387207,1199.1634521484376,-0.46370619535446169,-0.009791388176381588,-0.8859349489212036,0.03420954942703247,0.9989954233169556,-0.028946518898010255,0.8853283524513245,-0.04373011738061905,-0.4629054069519043],[-1580.8973388671876,15.283339500427246,1207.295654296875,-0.553613007068634,-0.005797406192868948,-0.8327538967132568,0.035348162055015567,0.9989109635353088,-0.030453529208898546,0.832023561000824,-0.04629578813910484,-0.5528051257133484],[-1571.1502685546876,15.613204956054688,1215.9678955078126,-0.6370564103126526,-0.005315124522894621,-0.7707988619804382,0.03171698749065399,0.9989485740661621,-0.03310208395123482,0.7701643705368042,-0.045535314828157428,-0.6362180113792419],[-1562.503662109375,15.723061561584473,1225.187744140625,-0.7157081365585327,0.007455102633684874,-0.6983597278594971,0.029775405302643777,0.9993595480918884,-0.019846752285957338,0.69776451587677,-0.03499842435121536,-0.7154717445373535],[-1554.98779296875,16.136476516723634,1235.4239501953126,-0.8002053499221802,0.02198265679180622,-0.5993230938911438,0.0512847825884819,0.9981756806373596,-0.0318622849881649,0.5975292921066284,-0.056232526898384097,-0.799872875213623],[-1549.158935546875,16.593921661376954,1245.8756103515626,-0.8694671392440796,0.03177020326256752,-0.49296805262565615,0.06784766912460327,0.9961526393890381,-0.05546677112579346,0.48930925130844118,-0.0816732719540596,-0.8682775497436523],[-1544.648681640625,17.143381118774415,1257.086547851562