{"DriveData":[[-4780.4111328125,12.161754608154297,955.2611694335938,0.17033407092094422,0.010332190431654454,0.985332190990448,0.0037709525786340238,0.9999308586120606,-0.011137155815958977,-0.985379159450531,0.0056126778945326809,0.17028333246707917],[-4780.42041015625,12.162271499633789,955.2597045898438,0.170334592461586,0.010422885417938233,0.9853311777114868,0.0037718743551522495,0.9999298453330994,-0.011229355819523335,-0.9853790402412415,0.005629293154925108,0.17028333246707917],[-4780.45458984375,12.162712097167969,955.25390625,0.17033545672893525,0.010501040145754815,0.9853301644325256,0.003772898344323039,0.9999289512634277,-0.011308851651847363,-0.9853789210319519,0.005643848795443773,0.1702837347984314],[-4780.533203125,12.163302421569825,955.240478515625,0.17033511400222779,0.010598705150187016,0.9853292107582092,0.0037740087136626245,0.999927818775177,-0.011408152990043164,-0.9853789806365967,0.0056618498638272289,0.17028282582759858],[-4780.720703125,12.165794372558594,955.2084350585938,0.17033593356609345,0.010917331092059613,0.9853255748748779,0.003777092322707176,0.9999240636825562,-0.011732037179172039,-0.9853788018226624,0.00572005333378911,0.17028175294399262],[-4781.0380859375,12.165814399719239,955.1541137695313,0.17033641040325166,0.010974546894431115,0.9853248596191406,0.003775449236854911,0.9999233484268189,-0.011789820156991482,-0.9853787422180176,0.005728279706090689,0.17028193175792695],[-4781.50927734375,12.167973518371582,955.0927124023438,0.16884060204029084,0.01111149787902832,0.9855807423591614,0.0037777982652187349,0.9999217987060547,-0.011920358054339886,-0.9856361150741577,0.005735965445637703,0.16878542304039002],[-4782.095703125,12.172183990478516,955.059326171875,0.16365158557891847,0.011355020105838776,0.9864528775215149,0.0038211261853575708,0.9999189376831055,-0.012143949046730996,-0.9865108132362366,0.005756737198680639,0.16359493136405946],[-4782.7412109375,12.181549072265625,955.0729370117188,0.15430696308612824,0.011851037852466107,0.9879518747329712,0.0039099836722016338,0.9999129176139832,-0.0126052126288414,-0.9880152344703674,0.005807947367429733,0.15424717962741853],[-4783.53125,12.199777603149414,955.1596069335938,0.13807667791843415,0.012791509740054608,0.990338921546936,0.004075736738741398,0.9999008178710938,-0.013483267277479172,-0.9904131293296814,0.005898085422813892,0.13801084458827973],[-4784.42626953125,12.210909843444825,955.3298950195313,0.11517627537250519,0.01350436918437481,0.9932532906532288,0.004352304618805647,0.9998911023139954,-0.014099305495619774,-0.9933355450630188,0.005946846213191748,0.11510495841503144],[-4785.330078125,12.213376998901368,955.590576171875,0.0865260511636734,0.013539600186049939,0.9961575865745544,0.004716196097433567,0.9998908638954163,-0.013999990187585354,-0.9962384104728699,0.005909438710659742,0.08645275235176087],[-4786.33251953125,12.198799133300782,955.929931640625,0.052884168922901157,0.011876583099365235,0.9985300302505493,0.005062479060143232,0.999913215637207,-0.012161153368651867,-0.9985878467559815,0.005698169581592083,0.05281945690512657],[-4787.35791015625,12.194694519042969,956.3434448242188,0.01583785004913807,0.011957156471908093,0.9998030662536621,0.005307319108396769,0.9999133944511414,-0.012042548507452011,-0.9998604655265808,0.00549700204282999,0.015773016959428788],[-4788.458984375,12.203874588012696,956.8380737304688,-0.02465980313718319,0.012008415535092354,0.9996237754821777,0.005692485254257917,0.9999133348464966,-0.011871465481817723,-0.999679684638977,0.005397595930844545,-0.02472602389752865],[-4789.6845703125,12.207862854003907,957.4471435546875,-0.07017891854047775,0.012708647176623345,0.9974534511566162,0.005869116634130478,0.9999067783355713,-0.012326965108513832,-0.9975171685218811,0.004989077337086201,-0.07024696469306946],[-4790.94384765625,12.205841064453125,958.1441040039063,-0.11761287599802017,0.013319567777216435,0.9929701685905457,0.006113157607614994,0.9999008178710938,-0.01268845796585083,-0.9930406808853149,0.004577857442200184,-0.11768263578414917],[-4792.283203125,12.210841178894043,958.9620361328125,-0.16824427247047425,0.013527562841773034,0.985652506351471,0.0059341550804674629,0.9999015927314758,-0.012710203416645527,-0.9857274889945984,0.0037105956580489876,-0.16830800473690034],[-4793.69580078125,12.214977264404297,959.9192504882813,-0.22219771146774293,0.013375145383179188,0.9749099016189575,0.005225201137363911,0.9999078512191773,-0.012527193874120713,-0.9749876260757446,0.002310586627572775,-0.22224712371826173],[-4795.17578125,12.217270851135254,961.036865234375,-0.27945616841316225,0.01320351380854845,0.9600676894187927,0.004372091963887215,0.9999125599861145,-0.012478861957788468,-0.9601485133171082,0.0007102095405571163,-0.2794894576072693],[-4796.7041015625,12.221672058105469,962.3347778320313,-0.34017086029052737,0.013129528611898423,0.9402719736099243,0.0035550775937736036,0.9999133348464966,-0.0126761794090271,-0.9403569102287293,-0.0009693268802948296,-0.34018805623054507],[-4798.26416015625,12.226120948791504,963.8312377929688,-0.4030683934688568,0.012646932154893875,0.9150824546813965,0.002585474867373705,0.9999162554740906,-0.012680551037192345,-0.9151661992073059,-0.0027452067006379368,-0.40306735038757326],[-4799.8310546875,12.222403526306153,965.5546264648438,-0.46791452169418337,0.01263018511235714,0.8836835026741028,0.0027154115960001947,0.9999136924743652,-0.012853601016104222,-0.8837695717811585,-0.00361482216976583,-0.46790844202041628],[-4801.38671875,12.225601196289063,967.5119018554688,-0.5339316129684448,0.012070449069142342,0.8454415202140808,0.002440729411318898,0.9999159574508667,-0.012734472751617432,-0.8455241322517395,-0.0047358437441289429,-0.533916175365448],[-4802.8984375,12.228294372558594,969.71923828125,-0.6001148223876953,0.011342072859406472,0.7998334765434265,0.0010192588670179248,0.999909520149231,-0.01341450959444046,-0.799913227558136,-0.007235008757561445,-0.6000720858573914],[-4804.32470703125,12.23443603515625,972.1947021484375,-0.666019082069397,0.009536408819258213,0.745873749256134,-0.0006182716460898519,0.9999108910560608,-0.013336492702364922,-0.7459344863891602,-0.009343510493636132,-0.6659538149833679],[-4805.6767578125,12.235063552856446,975.0590209960938,-0.7316020131111145,0.008432373404502869,0.6816798448562622,-0.001263895072042942,0.999904990196228,-0.01372527051717043,-0.6817308068275452,-0.010903007350862027,-0.7315218448638916],[-4806.79931640625,12.241079330444336,978.09912109375,-0.7919454574584961,0.006468924228101969,0.6105576157569885,-0.0024000187404453756,0.9999032020568848,-0.013707113452255726,-0.6105871200561523,-0.012320635840296746,-0.7918532490730286],[-4807.6953125,12.241729736328125,981.409423828125,-0.8471938967704773,0.004617928061634302,0.5312637686729431,-0.003333465661853552,0.9998963475227356,-0.014007244259119034,-0.531273365020752,-0.013637801632285118,-0.8470906615257263],[-4808.328125,12.242372512817383,985.1096801757813,-0.8980897665023804,0.0017726862570270897,0.4398086667060852,-0.004962617065757513,0.9998873472213745,-0.01416380051523447,-0.4397842586040497,-0.014902966096997261,-0.8979797959327698],[-4808.595703125,12.244885444641114,988.8909301757813,-0.9387491941452026,-0.000819717301055789,0.3446001410484314,-0.006077273283153772,0.9998810291290283,-0.014177056960761547,-0.3445475101470947,-0.015402930788695813,-0.9386425018310547],[-4808.47509765625,12.247530937194825,992.833984375,-0.9701026678085327,-0.003287763334810734,0.24267257750034333,-0.006925282999873161,0.999876081943512,-0.01413789577782154,-0.24259603023529054,-0.015395786613225937,-0.970005214214325],[-4807.9365234375,12.240053176879883,996.7890014648438,-0.9904981851577759,-0.0048549422062933449,0.13744015991687776,-0.006765186786651611,0.9998868703842163,-0.01343502663075924,-0.1373593807220459,-0.014237177558243275,-0.9904189705848694],[-4806.966796875,12.236459732055664,1000.6937866210938,-0.9995332956314087,-0.005458144936710596,0.030057059600949289,-0.005850628018379211,0.9998985528945923,-0.012985496781766415,-0.02998313494026661,-0.013155288994312287,-0.9994638562202454],[-4805.646484375,12.2431001663208,1004.2674560546875,-0.9973016381263733,-0.005909266881644726,-0.07317478954792023,-0.004968762863427401,0.9999027848243713,-0.013028218410909176,0.07324466109275818,-0.012629474513232708,-0.997234046459198],[-4803.85595703125,12.244139671325684,1007.9080200195313,-0.983255922794342,-0.008513026870787144,-0.1820310801267624,-0.006190318148583174,0.9998920559883118,-0.013324322178959847,0.18212486803531648,-0.011974388733506203,-0.9832025170326233],[-4801.6171875,12.247763633728028,1011.4533081054688,-0.9567183256149292,-0.011253708973526955,-0.2907978594303131,-0.007643334101885557,0.999879002571106,-0.013548344373703003,0.2909151613712311,-0.010739283636212349,-0.9566885828971863],[-4799.1298828125,12.249789237976075,1014.5964965820313,-0.9206295013427734,-0.013164566829800606,-0.39021530747413638,-0.008458082564175129,0.9998692870140076,-0.013777230866253376,0.39034566283226015,-0.009383252821862698,-0.9206205606460571],[-4796.11962890625,12.260117530822754,1017.9513549804688,-0.8760955333709717,-0.013551988638937474,-0.4819470942020416,-0.007119347341358662,0.9998595118522644,-0.01517356839030981,0.4820850193500519,-0.009862346574664116,-0.8760689496994019],[-4793.3037109375,12.251387596130371,1021.0872192382813,-0.8419267535209656,-0.013225209899246693,-0.539429783821106,-0.00617618951946497,0.9998703002929688,-0.014874217100441456,0.5395565032958984,-0.009191379882395268,-0.8418992161750794],[-4790.1591796875,12.275341033935547,1024.7000732421876,-0.8157103657722473,-0.013791453093290329,-0.5782960653305054,-0.005546984728425741,0.9998562932014465,-0.016020750626921655,0.5784339308738709,-0.009860493242740631,-0.8156696557998657],[-4786.94482421875,12.271286010742188,1028.8321533203126,-0.8071842789649963,-0.013446853496134282,-0.5901463627815247,-0.004751899745315313,0.9998561143875122,-0.01628284342586994,0.5902804136276245,-0.010338937863707543,-0.8071320652961731],[-4783.7001953125,12.266596794128418,1033.2197265625,-0.8060577511787415,-0.013127654790878296,-0.591691255569458,-0.004723066464066505,0.9998648166656494,-0.015749456360936166,0.5918180346488953,-0.009900374338030815,-0.8060107827186585],[-4780.478515625,12.263628959655762,1037.602294921875,-0.8059237599372864,-0.012854252010583878,-0.5918797850608826,-0.004714407958090305,0.9998719096183777,-0.01529559213668108,0.5920006036758423,-0.009536718018352986,-0.8058810830116272],[-4777.6748046875,12.26095962524414,1041.419677734375,-0.8059205412864685,-0.012619386427104473,-0.5918892621994019,-0.0047087217681109909,0.9998778104782105,-0.014906486496329308,0.5920050144195557,-0.009226401336491108,-0.8058814406394959],[-4774.2724609375,12.259061813354493,1046.052490234375,-0.8059221506118774,-0.012396118603646756,-0.5918917059898377,-0.004710912238806486,0.9998834133148193,-0.01452638115733862,0.5920027494430542,-0.008918782696127892,-0.8058865666389465],[-4770.77734375,12.256414413452149,1050.8109130859376,-0.8059175610542297,-0.012176030315458775,-0.5919025540351868,-0.004715527407824993,0.9998887777328491,-0.014148189686238766,0.5920089483261108,-0.008611141704022885,-0.805885374546051],[-4767.24462890625,12.249885559082032,1055.6217041015626,-0.8058599233627319,-0.011495890095829964,-0.5919946432113648,-0.0047209602780640129,0.999904453754425,-0.012990589253604412,0.59208744764328,-0.007673811633139849,-0.8058372139930725],[-4763.75927734375,12.242698669433594,1060.3668212890626,-0.805882453918457,-0.01163393259048462,-0.5919612646102905,-0.004719457123428583,0.9999014139175415,-0.013226300477981568,0.5920567512512207,-0.007865107618272305,-0.8058578968048096],[-4760.56591796875,12.246118545532227,1064.7105712890626,-0.8058860898017883,-0.0116383982822299,-0.5919561982154846,-0.0047127241268754009,0.9999011754989624,-0.013243090361356736,0.5920518636703491,-0.007882695645093918,-0.8058612942695618],[-4756.9140625,12.24605655670166,1069.6826171875,-0.8058907389640808,-0.011650610715150833,-0.5919496417045593,-0.004710500128567219,0.9999008774757385,-0.0132668511942029,0.5920455455780029,-0.00790325365960598,-0.8058657646179199],[-4753.3154296875,12.246319770812989,1074.5804443359376,-0.8058909773826599,-0.011662701144814492,-0.5919490456581116,-0.00471265846863389,0.9999006390571594,-0.013284342363476754,0.5920451879501343,-0.007916077971458435,-0.8058658838272095],[-4749.63427734375,12.245222091674805,1079.5899658203126,-0.8058933615684509,-0.011584310792386532,-0.5919473171234131,-0.004709484521299601,0.9999023675918579,-0.013156300410628319,0.5920419692993164,-0.007814808748662472,-0.8058692812919617],[-4745.72509765625,12.246905326843262,1084.9114990234376,-0.8058972954750061,-0.011500702239573002,-0.5919436812400818,-0.004709581844508648,0.999904215335846,-0.013015023432672024,0.5920366644859314,-0.00770096480846405,-0.805874228477478],[-4741.87548828125,12.247352600097657,1090.1524658203126,-0.8058974742889404,-0.011436570435762406,-0.5919446349143982,-0.004712709691375494,0.9999056458473206,-0.012902439571917057,0.5920363664627075,-0.007608380634337664,-0.8058753609657288],[-4737.787109375,12.248079299926758,1095.717529296875,-0.8058974742889404,-0.011379263363778592,-0.5919457674026489,-0.004714647773653269,0.9999068975448608,-0.012802999466657639,0.5920363664627075,-0.00752708874642849,-0.8058760762214661],[-4734.0751953125,12.2485990524292,1100.76953125,-0.8059014678001404,-0.01128834206610918,-0.5919420719146729,-0.004713557194918394,0.9999088644981384,-0.012650986202061177,0.592030942440033,-0.007405295502394438,-0.8058812022209168],[-4729.49365234375,12.250798225402832,1107.0064697265626,-0.8059028387069702,-0.011242134496569634,-0.5919410586357117,-0.00471605034545064,0.9999098777770996,-0.012569567188620568,0.5920289754867554,-0.007338226307183504,-0.8058832287788391],[-4725.29248046875,12.25179672241211,1112.7244873046876,-0.8059018850326538,-0.01125545334070921,-0.5919420719146729,-0.004716202151030302,0.9999095797538757,-0.012591839767992497,0.5920302867889404,-0.007356069050729275,-0.8058821558952332],[-4721.1630859375,12.253508567810059,1118.34619140625,-0.8059065341949463,-0.011262111365795136,-0.5919356346130371,-0.004715757444500923,0.9999094605445862,-0.012603789567947388,0.5920239686965942,-0.007366051431745291,-0.8058866858482361],[-4716.60546875,12.255387306213379,1124.5517578125,-0.8059115409851074,-0.011190545745193959,-0.5919302105903626,-0.004708338528871536,0.9999108910560608,-0.012493100948631764,0.5920172333717346,-0.0072813257575035099,-0.8058924078941345],[-4712.1181640625,12.248800277709961,1130.648193359375,-0.8057734966278076,-0.011560343205928803,-0.5921109914779663,-0.0045753708109259609,0.9999011158943176,-0.013295628130435944,0.5922061800956726,-0.008004137314856053,-0.8057467341423035],[-4707.3505859375,12.260146141052246,1136.680908203125,-0.7952436804771423,-0.011634129099547863,-0.606178343296051,-0.004473730456084013,0.9999012351036072,-0.01332161482423544,0.6062734723091126,-0.007882051169872284,-0.7952172160148621],[-4702.14306640625,12.270377159118653,1142.4510498046876,-0.769235372543335,-0.0136032085865736,-0.6388206481933594,-0.005311297718435526,0.9998749494552612,-0.014895995147526265,0.6389434337615967,-0.008065559901297093,-0.76921147108078],[-4696.626953125,12.281314849853516,1147.5997314453126,-0.7276129722595215,-0.018130356445908548,-0.6857482194900513,-0.010250519029796124,0.9998264312744141,-0.015557893551886082,0.6859112977981567,-0.004290849901735783,-0.7276725172996521],[-4690.369140625,12.239259719848633,1152.4805908203126,-0.6716728210449219,-0.01873900182545185,-0.7406108975410461,-0.01559767872095108,0.9998161792755127,-0.011151631362736225,0.7406836748123169,0.004061562940478325,-0.6718416213989258],[-4683.376953125,12.27160358428955,1157.0302734375,-0.6088659763336182,-0.02118797041475773,-0.7929900884628296,-0.017179565504193307,0.9997609853744507,-0.013522053137421608,0.7930870652198792,0.005390107166022062,-0.60908442735672],[-4676.453125,12.285064697265625,1161.4835205078126,-0.5765361785888672,-0.0202940721064806,-0.8168195486068726,-0.014621816575527192,0.9997876882553101,-0.014519432559609414,0.8169407844543457,0.0035724069457501175,-0.5767105221748352],[-4669.7587890625,12.270035743713379,1166.0107421875,-0.5704376101493836,-0.017059214413166047,-0.8211637735366821,-0.008766480721533299,0.999853789806366,-0.014681590721011162,0.8212941288948059,-0.0011762154754251242,-0.5705037713050842],[-4662.4130859375,12.261683464050293,1170.9559326171876,-0.5638729333877564,-0.016280647367239,-0.8257010579109192,-0.007819626480340958,0.9998661279678345,-0.014374684542417527,0.8258245587348938,-0.0016488208202645183,-0.5639247298240662],[-4654.7509765625,12.27116584777832,1175.5465087890626,-0.5361925363540649,-0.01665378361940384,-0.8439313769340515,-0.007752781733870506,0.9998603463172913,-0.014805082231760025,0.8440600633621216,-0.001395559054799378,-0.5362467765808106],[-4647.3095703125,12.267730712890625,1179.289794921875,-0.49113383889198305,-0.016850074753165246,-0.8709211349487305,-0.008754219859838486,0.9998579025268555,-0.014407947659492493,0.8710401654243469,0.0005480048130266368,-0.49121153354644778],[-4638.91259765625,12.234941482543946,1182.697509765625,-0.4266089200973511,-0.01593870297074318,-0.9042957425117493,-0.013281533494591713,0.9998472929000855,-0.011357179842889309,0.9043386578559876,0.007165360264480114,-0.42675545811653139],[-4630.8349609375,12.262831687927246,1184.9989013671876,-0.34432485699653628,-0.0196443572640419,-0.9386450052261353,-0.0238592978566885,0.9996412396430969,-0.012168562971055508,0.9385473728179932,0.018205473199486734,-0.34467002749443056],[-4622.16357421875,12.270020484924317,1186.4759521484376,-0.24971157312393189,-0.018763761967420579,-0.9681384563446045,-0.028509827330708505,0.9995212554931641,-0.012018472887575627,0.9679004549980164,0.024600306525826455,-0.25012698769569399],[-4613.31689453125,12.290520668029786,1187.530029296875,-0.1818440556526184,-0.01704098843038082,-0.9831796884536743,-0.025878388434648515,0.9995864629745483,-0.012539018876850605,0.9829868078231812,0.02316296100616455,-0.18220984935760499],[-4605.4990234375,12.27080249786377,1188.485107421875,-0.15650638937950135,-0.014687209390103817,-0.9875677227973938,-0.015220892615616322,0.9998065829277039,-0.012457070872187615,0.9875596761703491,0.013082051649689675,-0.15669965744018556],[-4596.72412109375,12.242827415466309,1189.7381591796876,-0.15260344743728639,-0.012460975907742978,-0.9882089495658875,-0.003677468514069915,0.9999207258224487,-0.012040766887366772,0.9882806539535523,0.0017966446466743947,-0.15263718366622926],[-4587.92041015625,12.243672370910645,1191.0838623046876,-0.15209510922431947,-0.01277059968560934,-0.9882833361625671,-0.0029454869218170645,0.9999179244041443,-0.012467636726796627,0.9883614778518677,0.0010147091234102846,-0.15212024748325349],[-4579.00634765625,12.24671459197998,1192.4554443359376,-0.1521882265806198,-0.012776050716638565,-0.9882689714431763,-0.002951884875074029,0.9999178647994995,-0.012472068890929222,0.9883471131324768,0.0010191540932282806,-0.1522134393453598],[-4569.9814453125,12.246606826782227,1193.844482421875,-0.15218813717365266,-0.012671954929828644,-0.9882702827453613,-0.002957099350169301,0.9999191761016846,-0.012365943752229214,0.9883471131324768,0.0010404635686427355,-0.15221330523490907],[-4560.84375,12.247762680053711,1195.25146484375,-0.15218321979045869,-0.012655643746256829,-0.9882712960243225,-0.002962305676192045,0.9999193549156189,-0.012348644435405732,0.9883478879928589,0.0010483050718903542,-0.15220843255519868],[-4551.236328125,12.252367973327637,1196.731201171875,-0.15217994153499604,-0.012497705407440663,-0.9882737994194031,-0.0029669615905731918,0.9999213218688965,-0.012188130989670754,0.9883483648300171,0.001077381195500493,-0.15220504999160767],[-4541.87158203125,12.249533653259278,1198.1722412109376,-0.15218152105808259,-0.012447122484445572,-0.9882741570472717,-0.002968179527670145,0.9999219179153442,-0.012136762961745263,0.988348126411438,0.0010863844072446228,-0.15220658481121064],[-4532.39892578125,12.250666618347168,1199.6304931640626,-0.1521839052438736,-0.012430458329617978,-0.9882740378379822,-0.0029674600809812547,0.9999221563339233,-0.012120009399950505,0.9883477687835693,0.0010881933849304915,-0.15220893919467927],[-4523.19189453125,12.251504898071289,1201.0262451171876,-0.15094196796417237,-0.012848468497395516,-0.9884591102600098,-0.0031038981396704914,0.9999167323112488,-0.01252342201769352,0.9885377287864685,0.001177766709588468,-0.15096928179264069],[-4512.3798828125,12.256959915161133,1202.276123046875,-0.12700887024402619,-0.013748344965279103,-0.9918062686920166,-0.003266545245423913,0.9999043345451355,-0.01344229094684124,0.9918962121009827,0.001532489899545908,-0.12704162299633027],[-4502.953125,12.260614395141602,1202.7572021484376,-0.0819510668516159,-0.01437821052968502,-0.9965326189994812,-0.007310011889785528,0.9998776912689209,-0.013825326226651669,0.9966095685958862,0.0061516654677689079,-0.08204615116119385],[-4492.70068359375,12.24852466583252,1202.4881591796876,-0.014250905252993107,-0.012170656584203244,-0.9998244047164917,-0.015185898169875145,0.9998131990432739,-0.011954070068895817,0.9997830986976624,0.015012875199317932,-0.014433066360652447],[-4482.87060546875,12.275264739990235,1201.2979736328126,0.06887425482273102,-0.010503195226192475,-0.9975700378417969,-0.024851247668266298,0.9996162056922913,-0.012240518815815449,0.9973157644271851,0.0256339181214571,0.0685868039727211],[-4473.5791015625,12.301578521728516,1199.138671875,0.16186672449111939,-0.007911277934908867,-0.9867809414863586,-0.03127244487404823,0.9994245171546936,-0.013142423704266549,0.986316978931427,0.03298637270927429,0.161526158452034],[-4463.1572265625,12.298308372497559,1195.357421875,0.277018666267395,-0.0034314480144530536,-0.9608584046363831,-0.03118680790066719,0.9994346499443054,-0.012560473755002022,0.9603582620620728,0.03344559296965599,0.27675506472587588],[-4455.2119140625,12.303712844848633,1191.4796142578126,0.3643825948238373,-0.001036470290273428,-0.9312487840652466,-0.030299073085188867,0.9994567632675171,-0.012967921793460846,0.9307563304901123,0.03294125944375992,0.3641532361507416],[-4446.07958984375,12.321598052978516,1186.289306640625,0.4437350332736969,-0.0009914247784763575,-0.8961575031280518,-0.029322190210223199,0.9994478821754456,-0.015624665655195713,0.8956781625747681,0.03321051225066185,0.44346097111701968],[-4437.0625,12.314562797546387,1180.6131591796876,0.4968219995498657,0.0008304466027766466,-0.8678520917892456,-0.027188681066036226,0.9995235800743103,-0.014608346857130528,0.8674264550209045,0.030853500589728357,0.49660786986351015],[-4429.025390625,12.327055931091309,1174.795654296875,0.5503692030906677,0.0010115740587934852,-0.8349207639694214,-0.026517966762185098,0.999515950679779,-0.016269313171505929,0.8345001935958862,0.03109453059732914,0.5501296520233154],[-4420.69384765625,12.33499526977539,1167.3751220703126,0.6251146793365479,0.0025951354764401914,-0.7805286049842835,-0.02562517113983631,0.9995236396789551,-0.01719958893954754,0.7801121473312378,0.030752893537282945,0.6248834133148193],[-4414.39697265625,12.312714576721192,1161.1312255859376,0.6675080060958862,0.004631505813449621,-0.7445882558822632,-0.02464357763528824,0.9995702505111694,-0.01587490737438202,0.744194746017456,0.02894594706594944,0.6673352718353272],[-4407.18798828125,12.289554595947266,1153.923095703125,0.6889987587928772,0.0018894759705290199,-0.7247600555419922,-0.017883220687508584,0.999736487865448,-0.014394472353160382,0.7245418429374695,0.022878818213939668,0.6888509392738342],[-4399.60400390625,12.250121116638184,1146.54833984375,0.6912860870361328,-0.004737935494631529,-0.7225656509399414,-0.007008483167737722,0.9998875260353088,-0.01326145138591528,0.722547173500061,0.014231545850634575,0.691175103187561],[-4392.32373046875,12.241456985473633,1139.55859375,0.6917473673820496,-0.0055995117872953419,-0.7221178412437439,-0.00532680656760931,0.99990314245224,-0.012856313958764077,0.722119927406311,0.012739904224872589,0.6916505694389343],[-4384.10400390625,12.24289321899414,1131.7642822265626,0.6887681484222412,-0.006477976683527231,-0.7249526977539063,-0.0045690652914345268,0.9999014139175415,-0.013275851495563984,0.7249672412872315,0.012456339783966542,0.6886706948280335],[-4376.64697265625,12.245948791503907,1124.796875,0.6854127645492554,-0.0068759797140955929,-0.7281222343444824,-0.00458000460639596,0.999894917011261,-0.013753803446888924,0.7281403541564941,0.012761835940182209,0.6853092908859253],[-4367.94140625,12.236038208007813,1116.6087646484376,0.6851943731307983,-0.006867656949907541,-0.7283278703689575,-0.0044529917649924759,0.9998973608016968,-0.013617653399705887,0.7283466458320618,0.012573977001011372,0.6850934624671936],[-4360.6640625,12.229818344116211,1109.7655029296876,0.6852245330810547,-0.0069582778960466389,-0.7282986640930176,-0.004411676432937384,0.9998963475227356,-0.013703919015824795,0.7283185124397278,0.012603279203176499,0.6851228475570679],[-4353.01611328125,12.232433319091797,1102.5670166015626,0.6852453351020813,-0.007123623974621296,-0.7282774448394775,-0.004394718911498785,0.9998935461044312,-0.013915474526584149,0.7282990217208862,0.012736089527606964,0.6851410865783691],[-4344.544921875,12.322697639465332,1094.4405517578126,0.6869440674781799,-0.019010577350854875,-0.7264615893363953,0.003904002718627453,0.9997398853302002,-0.02247028797864914,0.7266998291015625,0.012599722482264042,0.6868395805358887],[-4336.46923828125,12.542182922363282,1086.6561279296876,0.6851710081100464,-0.033257827162742618,-0.7276225686073303,0.01081759575754404,0.9993115067481995,-0.03548958897590637,0.7283018827438355,0.016445310786366464,0.6850590705871582],[-4328.95556640625,12.710941314697266,1079.4923095703126,0.6828365325927734,-0.03443098068237305,-0.7297593951225281,0.022407345473766328,0.9994059205055237,-0.02618667297065258,0.7302274703979492,0.0015292464522644878,0.6832023859024048],[-4321.65087890625,12.766154289245606,1072.6854248046876,0.6839157342910767,-0.024577464908361436,-0.7291468977928162,0.0184085201472044,0.9996955394744873,-0.016430305317044259,0.7293287515640259,-0.0021855710074305536,0.6841599345207214],[-4313.65087890625,12.78335189819336,1065.2410888671876,0.6839664578437805,-0.01917584054172039,-0.7292613983154297,0.01045839674770832,0.9998095035552979,-0.016481051221489908,0.7294384837150574,0.003645581193268299,0.6840366721153259],[-4305.8916015625,12.789258003234864,1057.98095703125,0.6840038299560547,-0.01762624830007553,-0.7292654514312744,0.008167772553861142,0.999830424785614,-0.0165049247443676,0.7294327020645142,0.005332957953214645,0.6840317845344544],[-4297.75244140625,12.79541015625,1050.35302734375,0.6838877201080322,-0.01769757829606533,-0.7293725609779358,0.008198549970984459,0.9998290538787842,-0.01657268963754177,0.7295411825180054,0.005354061722755432,0.683915913105011],[-4289.3515625,12.807363510131836,1042.814208984375,0.6728571653366089,-0.017944572493433954,-0.739554762840271,0.00807743240147829,0.9998243451118469,-0.016910798847675325,0.7397283315658569,0.005404848139733076,0.672883927822113],[-4280.46142578125,12.827165603637696,1035.6309814453126,0.6433081030845642,-0.01867854595184326,-0.7653794884681702,0.0084383524954319,0.9998146295547485,-0.017307259142398835,0.7655608654022217,0.004675358533859253,0.6433464884757996],[-4270.6455078125,12.790823936462403,1028.7208251953126,0.597050130367279,-0.018983645364642144,-0.8019792437553406,0.012330860830843449,0.9998190402984619,-0.014486744068562985,0.8021091222763062,-0.0012397818500176073,0.597176194190979],[-4261.134765625,12.800067901611329,1022.8178100585938,0.5531027317047119,-0.01941731385886669,-0.8328867554664612,0.014070963487029076,0.9998034834861755,-0.013964454643428326,0.8329942226409912,-0.003995740786194801,0.553267240524292],[-4250.42041015625,12.791915893554688,1016.2337646484375,0.535219132900238,-0.01604602299630642,-0.8445608019828796,0.01045503281056881,0.9998688101768494,-0.012371143326163292,0.844648540019989,-0.0022086382377892734,0.5353167057037354],[-4241.2294921875,12.726802825927735,1010.4749145507813,0.5344400405883789,-0.010445318184792996,-0.8451418876647949,0.005935789551585913,0.999945342540741,-0.008604973554611206,0.8451855778694153,-0.0004177418304607272,0.5344728231430054],[-4230.69580078125,12.641973495483399,1004.0940551757813,0.5224602818489075,-0.00971314124763012,-0.8526082634925842,0.005325659178197384,0.9999527931213379,-0.008128277957439423,0.8526470065116882,-0.0002939986588899046,0.5224873423576355],[-4219.72412109375,12.534957885742188,998.1602783203125,0.4900898039340973,-0.008944444358348847,-0.871626079082489,0.00539389019832015,0.9999593496322632,-0.007228546775877476,0.871655285358429,-0.0011588182533159853,0.4901181161403656],[-4208.900390625,12.422016143798829,992.7316284179688,0.4631066918373108,-0.007057617884129286,-0.8862744569778442,0.004963735584169626,0.9999732375144959,-0.005369318649172783,0.8862886428833008,-0.0019126646220684052,0.46312934160232546],[-4199.20068359375,11.820882797241211,987.8380737304688,0.4554815888404846,0.029870547354221345,-0.8897439241409302,0.005177948623895645,0.9993311166763306,0.03620033338665962,0.890230119228363,-0.021095633506774904,0.45502227544784548],[-4188.18701171875,11.038281440734864,982.3103637695313,0.45157819986343386,0.04927218705415726,-0.8908700346946716,0.012845437973737717,0.9980115294456482,0.06170926243066788,0.8921390771865845,-0.03931017220020294,0.4500473439693451],[-4176.76171875,10.953296661376954,976.7195434570313,0.4318627715110779,-0.025670358911156656,-0.9015739560127258,0.04701489210128784,0.9988766312599182,-0.005920248571783304,0.9007131457328796,-0.03983066603541374,0.4325845241546631],[-4165.13134765625,10.608931541442871,971.1598510742188,0.4118019938468933,-0.05614561587572098,-0.9095420837402344,0.08231010288000107,0.9963120222091675,-0.024235369637608529,0.9075484275817871,-0.06488432735204697,0.4149046242237091],[-4154.53857421875,10.000181198120118,966.3074951171875,0.4086036682128906,-0.014260968193411827,-0.9126005172729492,0.1039373055100441,0.9941005706787109,0.031001877039670945,0.9067745804786682,-0.10752072185277939,0.4076753556728363],[-4143.861328125,9.52092456817627,961.580078125,0.4067777991294861,-0.011213758960366249,-0.9134582877159119,0.10260238498449326,0.9941586852073669,0.033486057072877887,0.9077469706535339,-0.1073443815112114,0.4055522382259369],[-4132.16650390625,9.340712547302246,956.5768432617188,0.40093693137168887,-0.02002647891640663,-0.9158867597579956,0.0870208591222763,0.9960728883743286,0.016314290463924409,0.9119632244110107,-0.08624225109815598,0.4011051058769226],[-4121.8125,9.858720779418946,952.4513549804688,0.39782294631004336,-0.06703363358974457,-0.9150100350379944,0.025889026001095773,0.9977502822875977,-0.06183929368853569,0.9170968532562256,0.0009123712661676109,0.39866340160369875],[-4109.76708984375,10.550973892211914,948.0975952148438,0.38223233819007876,-0.07347722351551056,-0.9211403727531433,-0.04411115124821663,0.9942464232444763,-0.0976128950715065,0.9230127930641174,0.07794336974620819,0.37679195404052737],[-4096.9052734375,11.153733253479004,943.917236328125,0.3370673358440399,-0.058870743960142139,-0.9396381378173828,-0.07400208711624146,0.9932985305786133,-0.08877876400947571,0.9385676980018616,0.09945960342884064,0.33045193552970889],[-4083.732421875,11.790738105773926,940.3892822265625,0.27091437578201296,-0.04328591376543045,-0.9616297483444214,-0.06436607241630554,0.9959380626678467,-0.06296372413635254,0.9604490399360657,0.07895410805940628,0.2670277953147888],[-4070.867919921875,12.153462409973145,937.546630859375,0.22624070942401887,-0.024189401417970659,-0.9737710356712341,-0.050983790308237079,0.9980272650718689,-0.03663724660873413,0.9727362394332886,0.05793537572026253,0.22456111013889314],[-4058.012939453125,12.272730827331543,934.7057495117188,0.21607770025730134,-0.013836692087352276,-0.9762781262397766,-0.04360157623887062,0.9987653493881226,-0.0238056518137455,0.9754021167755127,0.04771113768219948,0.21520762145519257],[-4047.103515625,12.28266429901123,932.2142944335938,0.21225014328956605,-0.008547698147594929,-0.9771779775619507,-0.02567528560757637,0.9995677471160889,-0.014320407062768937,0.9768779873847961,0.028128832578659059,0.21193893253803254],[-4034.0849609375,12.233280181884766,929.5310668945313,0.1937708705663681,-0.015308844856917858,-0.9809273481369019,0.00922965258359909,0.9998624324798584,-0.013781143352389336,0.9810034036636353,-0.0063832346349954609,0.19388552010059358],[-4020.8330078125,12.224090576171875,927.57958984375,0.15265071392059327,-0.01924852281808853,-0.9880927205085754,0.027604466304183008,0.9995032548904419,-0.01520618423819542,0.987894594669342,-0.02495453879237175,0.153106227517128],[-4006.33056640625,12.19558334350586,926.530029296875,0.09108190983533859,-0.015851477161049844,-0.9957172274589539,0.028310595080256463,0.9995104074478149,-0.013322190381586552,0.9954409003257752,-0.02697593718767166,0.09148608148097992],[-3993.2822265625,12.186556816101075,926.5278930664063,0.026338519528508188,-0.013114172965288163,-0.9995670318603516,0.027844974771142007,0.9995355606079102,-0.01238004770129919,0.999265193939209,-0.02750684693455696,0.02669145166873932],[-3979.165771484375,12.199191093444825,927.2467651367188,-0.029039541259407998,-0.011766388081014157,-0.9995090365409851,0.02661062777042389,0.9995672106742859,-0.012540213763713837,0.9992240071296692,-0.02696172334253788,-0.028713863343000413],[-3965.552490234375,12.210748672485352,928.211669921875,-0.05851374939084053,-0.011739850044250489,-0.9982175827026367,0.023034146055579187,0.9996487498283386,-0.013106903061270714,0.9980208277702332,-0.023760024458169938,-0.058222778141498569],[-3951.371826171875,12.213798522949219,929.5942993164063,-0.08478821069002152,-0.01116582378745079,-0.9963364601135254,0.01994955539703369,0.9997177720069885,-0.012901424430310727,0.9961992502212524,-0.020970357581973077,-0.08454152196645737],[-3938.196533203125,12.218777656555176,930.8251342773438,-0.08785305172204972,-0.01200078520923853,-0.9960611462593079,0.010913602076470852,0.9998558163642883,-0.013009089045226574,0.9960736632347107,-0.012013503350317479,-0.08770941197872162],[-3923.8837890625,12.218191146850586,932.1063842773438,-0.08794333785772324,-0.012216138653457165,-0.9960505962371826,0.007415879983454943,0.999889075756073,-0.012917978689074517,0.9960978627204895,-0.008522641845047474,-0.08784298598766327],[-3910.0205078125,12.215240478515625,933.3290405273438,-0.0877908393740654,-0.012191095389425755,-0.996064305305481,0.007223219145089388,0.9998910427093506,-0.012874569743871689,0.9961127638816834,-0.008325059898197651,-0.0876932144165039],[-3896.079345703125,12.209044456481934,934.55224609375,-0.08758819103240967,-0.012184752151370049,-0.9960822463035584,0.007054758723825216,0.99989253282547,-0.012851706705987454,0.9961317777633667,-0.008152777329087258,-0.08749282360076904],[-3881.531982421875,12.235161781311036,935.5925903320313,-0.07296871393918991,-0.013635586015880108,-0.9972410202026367,0.003721429267898202,0.9998958706855774,-0.013944185338914395,0.9973272681236267,-0.004728651139885187,-0.072910375893116],[-3868.533447265625,12.265368461608887,936.0093383789063,-0.040117908269166949,-0.01478587556630373,-0.999085545539856,-0.00681225024163723,0.9998713135719299,-0.014523961581289769,0.9991717338562012,0.006223349831998348,-0.04021346941590309],[-3853.780029296875,12.269577980041504,935.9376831054688,-0.0059528532437980179,-0.01392474863678217,-0.9998853206634522,-0.01176444161683321,0.9998348355293274,-0.013854004442691803,0.9999130964279175,0.011680621653795243,-0.00611568707972765],[-3838.850341796875,12.257495880126954,935.8958740234375,-0.00027833497733809054,-0.013275316916406155,-0.9999118447303772,-0.010604960843920708,0.9998556971549988,-0.013271619565784932,0.999943733215332,0.010600332170724869,-0.00041907900595106184],[-3824.385986328125,12.238964080810547,935.8921508789063,-0.000061323145928327,-0.012546686455607415,-0.9999212622642517,-0.01024771947413683,0.9998688101768494,-0.012545399367809296,0.9999474883079529,0.01024614367634058,-0.0001898900227388367],[-3809.931884765625,12.235381126403809,935.8934936523438,-0.000026625195459928365,-0.012078043073415757,-0.9999270439147949,-0.009913668967783451,0.9998779296875,-0.01207718625664711,0.9999508857727051,0.009912624955177307,-0.000146359670907259],[-3794.87060546875,12.237788200378418,935.8951416015625,-0.00007279509009094909,-0.011952471919357777,-0.9999285936355591,-0.009893625043332577,0.9998796582221985,-0.01195116713643074,0.9999510645866394,0.009892048314213753,-0.00019103959493804723],[-3780.183837890625,12.241090774536133,935.8952026367188,-0.00008511232590535656,-0.012074938043951989,-0.9999271035194397,-0.009923936799168587,0.9998778700828552,-0.012073499150574208,0.9999507665634155,0.009922184981405735,-0.0002049328468274325],[-3764.677978515625,12.250448226928711,935.9100952148438,-0.0008898931555449963,-0.011899545788764954,-0.9999287724494934,-0.009729243814945221,0.9998819828033447,-0.011890329420566559,0.9999522566795349,0.0097179701551795,-0.0010055616730824113],[-3750.6513671875,12.240219116210938,936.1511840820313,-0.015485153533518315,-0.012577146291732788,-0.999800980091095,-0.004677372053265572,0.999910831451416,-0.012506084516644478,0.999869167804718,0.004482782445847988,-0.015542601235210896],[-3733.414306640625,12.228452682495118,937.1174926757813,-0.05494851991534233,-0.012686225585639477,-0.9984086155891419,0.010448812507092953,0.9998572468757629,-0.013279694132506848,0.9984345436096191,-0.011161883361637593,-0.0548081211745739],[-3719.546630859375,12.218855857849121,938.403564453125,-0.08279792219400406,-0.011542849242687226,-0.9964994788169861,0.014553642831742764,0.9998123049736023,-0.012790466658771038,0.9964600801467896,-0.015561721287667752,-0.08261438459157944],[-3703.00927734375,12.311192512512207,939.9457397460938,-0.08959592133760452,-0.0191531740128994,-0.9957939982414246,0.012109196744859219,0.9997202157974243,-0.020318208262324334,0.9959045648574829,-0.013878694735467434,-0.08933892846107483],[-3687.355224609375,12.436300277709961,941.3614501953125,-0.08985297381877899,-0.02009080909192562,-0.9957523941993713,0.011166496202349663,0.9997133612632752,-0.02117834985256195,0.9958924651145935,-0.013022002764046193,-0.08960287272930145],[-3672.005126953125,12.568812370300293,942.734619140625,-0.0894051343202591,-0.019838549196720125,-0.9957977533340454,0.010905536822974682,0.9997221827507019,-0.020895857363939287,0.9959356188774109,-0.012727905996143818,-0.08916394412517548],[-3655.01904296875,12.721564292907715,944.2179565429688,-0.08768779039382935,-0.019682813435792924,-0.9959535598754883,0.01075703278183937,0.9997277855873108,-0.020704494789242746,0.9960899353027344,-0.012529036030173302,-0.08745218813419342],[-3637.65673828125,12.864471435546875,945.7423095703125,-0.08755692839622498,-0.019474564120173456,-0.9959691166877747,0.010571676306426525,0.9997344017028809,-0.02047755755484104,0.9961034059524536,-0.01232201512902975,-0.08732780069112778],[-3623.358642578125,12.961038589477539,946.9950561523438,-0.08750464022159577,-0.017616888508200647,-0.9960083365440369,0.010465603321790696,0.9997721910476685,-0.018602920696139337,0.996109127998352,-0.012051669880747795,-0.08730033040046692],[-3604.610107421875,12.978286743164063,948.64111328125,-0.08749222010374069,-0.011008590459823609,-0.99610435962677,0.010433909483253956,0.9998739361763,-0.0119667062535882,0.9961105585098267,-0.011440256610512734,-0.08736632764339447],[-3586.906982421875,12.982377052307129,950.2086791992188,-0.08826857060194016,-0.011189541779458523,-0.9960338473320007,0.010484215803444386,0.99987107