{"DriveData":[[-12725.2509765625,7.917167663574219,475.9803161621094,-0.17139096558094026,-0.013308563269674778,-0.9851132035255432,0.005376340821385384,0.9998812079429627,-0.014443455263972283,0.9851884245872498,-0.007771782111376524,-0.1712990552186966],[-12725.6318359375,7.916795253753662,475.91375732421877,-0.1713915318250656,-0.01329431775957346,-0.9851133227348328,0.005376391112804413,0.9998814463615418,-0.014429009519517422,0.9851883053779602,-0.007769364397972822,-0.1712997406721115],[-12725.9970703125,7.916749477386475,475.8502197265625,-0.17139241099357606,-0.013296268880367279,-0.9851131439208984,0.005376848857849836,0.999881386756897,-0.014431077055633068,0.9851881861686707,-0.00777018116787076,-0.17130059003829957],[-12726.349609375,7.916810989379883,475.7889404296875,-0.1713934987783432,-0.01329763326793909,-0.9851129055023193,0.005377484485507011,0.999881386756897,-0.014432581141591072,0.9851879477500916,-0.007771080359816551,-0.17130166292190553],[-12726.5771484375,7.91712760925293,475.7489013671875,-0.17139436304569245,-0.013299494050443173,-0.985112726688385,0.0053809029050171379,0.9998813271522522,-0.014435071498155594,0.985187828540802,-0.00777488574385643,-0.1713024526834488],[-12726.7333984375,7.9171061515808109,475.7218017578125,-0.17139381170272828,-0.013300329446792603,-0.9851128458976746,0.005380682181566954,0.9998813271522522,-0.014435876160860062,0.9851878881454468,-0.0077747986651957039,-0.17130190134048463],[-12726.744140625,7.917028903961182,475.719970703125,-0.17139467597007752,-0.013300725258886814,-0.9851126670837402,0.005381135269999504,0.9998813271522522,-0.01443636417388916,0.9851877689361572,-0.007775340229272842,-0.17130276560783387],[-12726.6181640625,7.916988849639893,475.7419738769531,-0.17139503359794618,-0.01330056693404913,-0.9851126074790955,0.00538174482062459,0.9998813271522522,-0.014436312019824982,0.9851877093315125,-0.007775936741381884,-0.17130310833454133],[-12726.353515625,7.916786193847656,475.7881164550781,-0.17139817774295808,-0.013300941325724125,-0.9851120710372925,0.005382293835282326,0.9998813271522522,-0.01443681214004755,0.9851871132850647,-0.007776605896651745,-0.17130625247955323],[-12725.9306640625,7.916683197021484,475.8616638183594,-0.17139822244644166,-0.013300123624503613,-0.9851120710372925,0.0053831180557608608,0.9998813271522522,-0.014436125755310059,0.9851871132850647,-0.007777301128953695,-0.1713062822818756],[-12725.3798828125,7.916640758514404,475.9573974609375,-0.17140008509159089,-0.013300618156790734,-0.9851117134094238,0.005383292678743601,0.9998812675476074,-0.014436673372983933,0.9851868152618408,-0.007777591701596975,-0.17130814492702485],[-12724.6875,7.916573524475098,476.0778503417969,-0.1714027374982834,-0.013301964849233628,-0.9851112365722656,0.005383426323533058,0.9998812675476074,-0.014438084326684475,0.9851863384246826,-0.007778001017868519,-0.17131078243255616],[-12723.8564453125,7.916357040405273,476.2226867675781,-0.17140421271324159,-0.013306548818945885,-0.9851109385490418,0.00538338627666235,0.9998812079429627,-0.014442741870880127,0.9851861000061035,-0.007778779603540897,-0.17131222784519196],[-12722.8349609375,7.91701602935791,476.4000549316406,-0.1714094579219818,-0.013307332061231137,-0.9851099848747253,0.005383945535868406,0.9998812079429627,-0.014443675987422467,0.9851851463317871,-0.007779560983181,-0.171317458152771],[-12721.685546875,7.91706657409668,476.5997314453125,-0.17141222953796388,-0.013308392837643624,-0.9851095080375671,0.005384950432926416,0.9998811483383179,-0.01444495003670454,0.9851846694946289,-0.007780807092785835,-0.17132019996643067],[-12720.24609375,7.9172163009643559,476.8501892089844,-0.1714155226945877,-0.013312052935361863,-0.9851088523864746,0.0053855618461966518,0.9998810887336731,-0.014448797330260277,0.9851840734481812,-0.0077821132726967339,-0.17132344841957093],[-12718.951171875,7.9173736572265629,477.0753479003906,-0.1714169979095459,-0.013314290903508664,-0.9851086139678955,0.005386213306337595,0.9998810887336731,-0.014451194554567337,0.985183835029602,-0.007783185224980116,-0.17132490873336793],[-12717.220703125,7.917840957641602,477.376220703125,-0.17141956090927125,-0.013316267170011998,-0.9851081371307373,0.005386842880398035,0.9998810291290283,-0.01445333007723093,0.9851834177970886,-0.007784206420183182,-0.17132742702960969],[-12715.2568359375,7.917393207550049,477.7174987792969,-0.17142397165298463,-0.01333004329353571,-0.9851071834564209,0.005387757904827595,0.999880850315094,-0.014467507600784302,0.9851826429367065,-0.007787596434354782,-0.1713317185640335],[-12713.0458984375,7.918654441833496,478.1019592285156,-0.17142707109451295,-0.013388472609221936,-0.9851058125495911,0.005388640332967043,0.9998799562454224,-0.014526991173624993,0.9851820468902588,-0.0077987005934119228,-0.17133434116840363],[-12710.578125,7.919593334197998,478.5315856933594,-0.1714315414428711,-0.013416675850749016,-0.9851046800613403,0.005388456862419844,0.9998795390129089,-0.014555621892213822,0.9851812720298767,-0.007803486660122871,-0.17133860290050507],[-12707.8408203125,7.919654846191406,479.00762939453127,-0.17143473029136659,-0.013419931754469872,-0.9851040840148926,0.005389003083109856,0.9998794794082642,-0.014559047296643258,0.9851807355880737,-0.0078046550042927269,-0.17134174704551698],[-12704.8359375,7.920560359954834,479.53076171875,-0.17143787443637849,-0.013431699946522713,-0.9851033687591553,0.005393484141677618,0.9998793005943298,-0.014571797102689743,0.985180139541626,-0.007811297196894884,-0.17134474217891694],[-12701.4296875,7.924295425415039,480.12420654296877,-0.17144615948200227,-0.013520728796720505,-0.9851006865501404,0.0054153213277459148,0.9998778104782105,-0.014666026458144188,0.9851785898208618,-0.007849070243537426,-0.17135198414325715],[-12697.7431640625,7.930010795593262,480.76580810546877,-0.17145538330078126,-0.013566114008426667,-0.9850984811782837,0.005418086890131235,0.9998770952224731,-0.014712647534906865,0.9851769804954529,-0.007859911769628525,-0.1713608056306839],[-12694.392578125,7.932610034942627,481.34918212890627,-0.17145086824893952,-0.013605100102722645,-0.9850987195968628,0.005422061309218407,0.9998764395713806,-0.014752873219549656,0.985177755355835,-0.007870659232139588,-0.1713559329509735],[-12690.3955078125,7.936901569366455,482.045166015625,-0.1714569628238678,-0.013622994534671307,-0.9850974082946777,0.005424206145107746,0.9998762011528015,-0.014771458692848683,0.985176682472229,-0.00787604134529829,-0.17136184871196748],[-12686.294921875,7.93256950378418,482.75927734375,-0.17137372493743897,-0.013311557471752167,-0.985116183757782,0.005415603518486023,0.9998809099197388,-0.014453182928264141,0.9851912260055542,-0.0078118946403265,-0.17128121852874757],[-12682.4140625,7.931783676147461,483.4342041015625,-0.17137424647808076,-0.013212078250944615,-0.9851174354553223,0.0054163942113518719,0.9998823404312134,-0.014352354221045971,0.9851911067962647,-0.007795408368110657,-0.17128251492977143],[-12678.0791015625,7.936954021453857,484.18768310546877,-0.171388179063797,-0.013138298876583577,-0.9851159453392029,0.005437075160443783,0.999883234500885,-0.014281176961958409,0.9851886034011841,-0.007803774904459715,-0.17129673063755036],[-12673.8798828125,7.939122676849365,484.9183044433594,-0.17139045894145966,-0.013153206557035447,-0.9851153492927551,0.00544416019693017,0.9998829364776611,-0.01429755799472332,0.9851881265640259,-0.00781359151005745,-0.1712987869977951],[-12669.306640625,7.942798137664795,485.7139892578125,-0.17139282822608949,-0.01316529419273138,-0.9851148128509522,0.0054495749063789848,0.9998827576637268,-0.014310787431895733,0.9851877093315125,-0.007821223698556424,-0.1713009923696518],[-12664.6943359375,7.944561004638672,486.5164794921875,-0.1713952273130417,-0.013185049407184124,-0.9851140975952148,0.005452741868793964,0.9998824596405029,-0.014331408776342869,0.9851872324943543,-0.007827908731997013,-0.1713031828403473],[-12659.6884765625,7.947022914886475,487.3871765136719,-0.17139868438243867,-0.013200372457504273,-0.9851133227348328,0.005456395447254181,0.999882161617279,-0.014347624965012074,0.9851866364479065,-0.007834332063794136,-0.17130646109580995],[-12654.466796875,7.949652671813965,488.2957763671875,-0.17139744758605958,-0.013223178684711457,-0.9851132035255432,0.005457059945911169,0.9998818635940552,-0.014370878227055073,0.9851868748664856,-0.007838954217731953,-0.17130504548549653],[-12649.240234375,7.952836513519287,489.2049255371094,-0.171400785446167,-0.013230484910309315,-0.9851125478744507,0.005458883009850979,0.9998817443847656,-0.014378638938069344,0.9851862788200378,-0.007842124439775944,-0.17130827903747559],[-12643.6162109375,7.954079627990723,490.1832580566406,-0.17140282690525056,-0.013251295313239098,-0.9851118922233582,0.005458725616335869,0.9998814463615418,-0.014399750158190728,0.9851859211921692,-0.007845613174140454,-0.171310156583786],[-12638.0234375,7.957681655883789,491.1563720703125,-0.17140354216098786,-0.01327004935592413,-0.9851115345954895,0.005459239706397057,0.9998811483383179,-0.01441887952387333,0.9851858019828796,-0.007849407382309437,-0.17131072282791139],[-12632.2646484375,7.957949161529541,492.158447265625,-0.17140614986419679,-0.013291572220623494,-0.9851107597351074,0.0054593211971223358,0.999880850315094,-0.01444076094776392,0.9851853251457214,-0.007853271439671517,-0.17131316661834718],[-12626.1181640625,7.960289478302002,493.2276611328125,-0.17140741646289826,-0.013309718109667302,-0.985110342502594,0.005459637846797705,0.9998805522918701,-0.014459243975579739,0.9851850867271423,-0.007856767624616623,-0.1713142842054367],[-12620.162109375,7.955231666564941,494.26416015625,-0.17136354744434358,-0.012494242750108242,-0.98512864112854,0.005450103897601366,0.9998922348022461,-0.013629535213112831,0.9851927757263184,-0.007704658899456263,-0.1712770015001297],[-12614.0556640625,7.955602645874023,495.3260498046875,-0.17136402428150178,-0.012468181550502777,-0.9851288795471191,0.005449587479233742,0.9998926520347595,-0.013602997176349163,0.9851927161216736,-0.007699610199779272,-0.17127767205238343],[-12608.171875,7.960240840911865,496.3484802246094,-0.17137698829174043,-0.012441796250641346,-0.9851269721984863,0.00546231959015131,0.9998928904533386,-0.013578534126281739,0.9851903915405273,-0.007708126679062843,-0.17129068076610566],[-12602.1611328125,7.962701797485352,497.39398193359377,-0.17137840390205384,-0.012453662231564522,-0.9851265549659729,0.0054656448774039749,0.9998927116394043,-0.013591166585683823,0.9851900935173035,-0.00771358422935009,-0.17129194736480714],[-12596.0068359375,7.963727951049805,498.4643859863281,-0.17138227820396424,-0.01246942114084959,-0.985125720500946,0.00546598294749856,0.9998924732208252,-0.013607251457870007,0.9851894378662109,-0.00771672185510397,-0.17129568755626679],[-12589.70703125,7.965385913848877,499.55987548828127,-0.17138512432575227,-0.012481112964451313,-0.9851250648498535,0.0054677557200193409,0.9998922944068909,-0.01361944992095232,0.9851889610290527,-0.007720594294369221,-0.17129842936992646],[-12583.263671875,7.96651554107666,500.68072509765627,-0.1713891476392746,-0.01250099204480648,-0.9851241111755371,0.005469499621540308,0.999891996383667,-0.013639962300658226,0.9851882457733154,-0.007725877687335014,-0.17130227386951447],[-12576.4169921875,7.968295097351074,501.87164306640627,-0.17139239609241486,-0.012510016560554505,-0.9851233959197998,0.0054686348885297779,0.9998918771743774,-0.01364899706095457,0.9851876497268677,-0.007726614363491535,-0.17130544781684876],[-12569.9365234375,7.969655990600586,502.9989318847656,-0.17139796912670136,-0.012453331612050534,-0.9851231575012207,0.00546946981921792,0.9998926520347595,-0.013591651804745198,0.9851866960525513,-0.007717682980000973,-0.17131146788597108],[-12562.5185546875,7.971141815185547,504.2895202636719,-0.17140235006809236,-0.012367567978799343,-0.9851234555244446,0.0054707713425159458,0.999893844127655,-0.01350486371666193,0.9851859211921692,-0.00770415086299181,-0.1713164895772934],[-12555.4775390625,7.971409797668457,505.5141906738281,-0.1714072823524475,-0.01228516548871994,-0.9851236343383789,0.005471470300108194,0.9998949766159058,-0.013421385549008847,0.9851850867271423,-0.007690598256886005,-0.1713220626115799],[-12548.2978515625,7.979708671569824,506.78570556640627,-0.1726975440979004,-0.012218157760798931,-0.98489910364151,0.005524288397282362,0.9998953342437744,-0.013372852467000485,0.9849594235420227,-0.007750325370579958,-0.17261196672916413],[-12541.00390625,7.9828691482543949,508.37237548828127,-0.19233350455760957,-0.012902895919978619,-0.9812448024749756,0.005359266884624958,0.999884843826294,-0.014198471792042256,0.9813149571418762,-0.007989594712853432,-0.19224220514297486],[-12533.3671875,7.996654510498047,510.5197448730469,-0.23169498145580293,-0.01363691221922636,-0.9726929068565369,0.004920043982565403,0.9998725056648254,-0.015189915895462036,0.9727760553359985,-0.008305119350552559,-0.23159834742546082],[-12525.8994140625,7.997570514678955,512.5859375,-0.24740470945835114,-0.013363800011575222,-0.9688200950622559,0.004520101472735405,0.9998780488967896,-0.014946496114134789,0.9689016938209534,-0.00807699840515852,-0.24731414020061494],[-12518.2890625,7.990008354187012,514.5677490234375,-0.24952980875968934,-0.013159694150090218,-0.9682776927947998,0.004382168408483267,0.9998821020126343,-0.014718528836965561,0.9683572053909302,-0.007915867492556572,-0.2494427114725113],[-12510.2509765625,7.987916946411133,516.6632690429688,-0.25096142292022707,-0.012801236473023892,-0.9679124355316162,0.004339547827839851,0.9998876452445984,-0.014349290169775486,0.9679873585700989,-0.007801420520991087,-0.25087764859199526],[-12502.7314453125,7.9922966957092289,518.8934326171875,-0.26809951663017275,-0.012552290223538876,-0.9633094668388367,0.00418547447770834,0.9998905062675476,-0.014193817973136902,0.9633821249008179,-0.007837262935936451,-0.26801761984825137],[-12494.630859375,7.998330593109131,521.8736572265625,-0.3105882704257965,-0.012466239742934704,-0.950462818145752,0.005301164463162422,0.9998757243156433,-0.014846631325781346,0.9505297541618347,-0.009649748913943768,-0.3104836046695709],[-12486.685546875,7.98741340637207,525.61669921875,-0.37581831216812136,-0.009544562548398972,-0.9266442060470581,0.01150642242282629,0.9998217821121216,-0.014964951202273369,0.9266219139099121,-0.016286462545394899,-0.37564152479171755],[-12479.30078125,7.936102867126465,530.0119018554688,-0.45096397399902346,-0.002101991092786193,-0.8925396800041199,0.018268777057528497,0.9997659921646118,-0.011584986001253128,0.8923551440238953,-0.021530019119381906,-0.45082002878189089],[-12472.408203125,7.930992126464844,535.2841796875,-0.539259672164917,0.003775692544877529,-0.8421310782432556,0.02590816468000412,0.9995909929275513,-0.012108661234378815,0.8417409062385559,-0.028347782790660859,-0.5391369462013245],[-12466.1416015625,7.9311203956604,541.4017944335938,-0.6277825236320496,0.007965762168169022,-0.7783480286598206,0.028334839269518853,0.9995187520980835,-0.012624414637684822,0.7778728604316711,-0.029979752376675607,-0.6277061104774475],[-12460.181640625,7.951977729797363,547.9102783203125,-0.6875275373458862,0.00854669138789177,-0.7261080145835877,0.027190810069441797,0.9995324611663818,-0.013981027528643608,0.7256490588188171,-0.029355807229876519,-0.6874384880065918],[-12454.2353515625,7.973663330078125,554.990478515625,-0.7316327691078186,0.007638788782060146,-0.6816561818122864,0.024865930899977685,0.9995708465576172,-0.015487602911889553,0.6812453269958496,-0.028281252831220628,-0.731508731842041],[-12449.1015625,7.940882205963135,562.292724609375,-0.7802923917770386,0.011095973663032055,-0.6253165006637573,0.023947326466441156,0.9996394515037537,-0.012144158594310284,0.6249562501907349,-0.024450652301311494,-0.7802767753601074],[-12444.7783203125,7.9100823402404789,569.9844360351563,-0.8328879475593567,0.014834276400506497,-0.5532428026199341,0.024208199232816697,0.9996604323387146,-0.00964039284735918,0.5529119372367859,-0.021422380581498147,-0.8329642415046692],[-12441.5048828125,7.934191703796387,578.0979614257813,-0.888422429561615,0.018109863623976709,-0.45866942405700686,0.026347003877162935,0.9995859265327454,-0.011565853841602803,0.45827004313468935,-0.022359928116202356,-0.8885316848754883],[-12439.2958984375,7.938838958740234,586.618408203125,-0.9370368123054504,0.02207743376493454,-0.348532110452652,0.02806348167359829,0.9995324611663818,-0.012134900316596032,0.34810125827789309,-0.021151872351765634,-0.9372183084487915],[-12437.8115234375,7.936638832092285,595.3615112304688,-0.9669406414031982,0.02310408651828766,-0.2539527416229248,0.0269575584679842,0.9995680451393127,-0.011703955940902233,0.25357264280319216,-0.018162976950407029,-0.9671458005905151],[-12436.814453125,7.91579532623291,604.5977783203125,-0.9845710396766663,0.02427975833415985,-0.17329256236553193,0.026428066194057466,0.9995996952056885,-0.010100084356963635,0.1729779690504074,-0.014524038881063462,-0.9848185777664185],[-12436.77734375,7.9366655349731449,613.6353149414063,-0.9964591264724731,0.02514442428946495,-0.08023081719875336,0.026195790618658067,0.9995838403701782,-0.012078582309186459,0.07989372313022614,-0.014137523248791695,-0.9967031478881836],[-12437.8828125,7.943383693695068,623.0380859375,-0.9991356134414673,0.026210252195596696,0.0322653129696846,0.025817643851041795,0.9995881915092468,-0.012525265105068684,-0.03258031606674194,-0.01168142445385456,-0.9994008541107178],[-12440.2236328125,7.934997081756592,632.270751953125,-0.9874109029769898,0.029104061424732209,0.1554757058620453,0.02753213606774807,0.9995458126068115,-0.012254716828465462,-0.1557617485523224,-0.00781986303627491,-0.9877637028694153],[-12443.16796875,7.936707496643066,640.27294921875,-0.9664708375930786,0.029640618711709977,0.25505998730659487,0.02730754017829895,0.9995465874671936,-0.012684224173426628,-0.25532031059265139,-0.005293871741741896,-0.9668420553207398],[-12446.44921875,7.946618556976318,648.1981811523438,-0.9463975429534912,0.029284698888659478,0.3216738998889923,0.02630254440009594,0.9995613098144531,-0.013613754883408547,-0.3219314515590668,-0.004423182457685471,-0.946752667427063],[-12450.21484375,7.95845890045166,657.1509399414063,-0.934475839138031,0.01996920257806778,0.3554661273956299,0.01658669486641884,0.9997835159301758,-0.012561014853417874,-0.3556399941444397,-0.005841956939548254,-0.9346047639846802],[-12453.705078125,7.973062038421631,665.8974609375,-0.9328259229660034,0.00890536792576313,0.36021730303764346,0.004434224218130112,0.9999025464057922,-0.013236845843493939,-0.36030009388923647,-0.010750388726592064,-0.9327744841575623],[-12457.130859375,7.971366882324219,674.7884521484375,-0.9331343770027161,0.007537643890827894,0.35944870114326479,0.0028876459691673519,0.9999051094055176,-0.013471648097038269,-0.3595161437988281,-0.011532898060977459,-0.9330676198005676],[-12460.17578125,8.087518692016602,684.356689453125,-0.9451375603675842,0.011113236658275128,0.3264835476875305,0.003895140253007412,0.9997335076332092,-0.02275407873094082,-0.32664939761161806,-0.020234035328030587,-0.9449289441108704],[-12462.44140625,8.204200744628907,693.1663818359375,-0.9575704336166382,0.02510274574160576,0.28710395097732546,0.0161398034542799,0.9993069171905518,-0.03354307636618614,-0.28774699568748476,-0.027486059814691545,-0.9573119878768921],[-12463.87109375,8.122621536254883,701.4410400390625,-0.9712851047515869,0.02320753037929535,0.23678410053253175,0.018112022429704667,0.9995557069778442,-0.023672543466091157,-0.23722827434539796,-0.01870414800941944,-0.9712738394737244],[-12464.759765625,7.878881454467773,710.2877807617188,-0.9846673607826233,0.015029392205178738,0.1737939417362213,0.013576970435678959,0.9998623132705689,-0.009543047286570073,-0.17391343414783479,-0.0070371320471167568,-0.9847357869148254],[-12465.1640625,7.960887432098389,719.9677734375,-0.9958730936050415,-0.013883122242987156,0.08968831598758698,-0.014927146956324578,0.9998282790184021,-0.010980316437780857,-0.08952047675848007,-0.01227379310876131,-0.9959093332290649],[-12465.310546875,7.994791507720947,729.11962890625,-0.9986223578453064,-0.01682416908442974,0.04970197007060051,-0.017476050183176996,0.99976646900177,-0.01271045207977295,-0.04947652295231819,-0.013561535626649857,-0.9986832141876221],[-12465.6015625,7.984683036804199,738.804931640625,-0.9990856647491455,-0.0091392882168293,0.0417647510766983,-0.009693169966340065,0.9998674988746643,-0.01307873148471117,-0.04163968563079834,-0.013471606187522412,-0.9990418553352356],[-12466.16796875,7.9826459884643559,748.994873046875,-0.9985734224319458,-0.0012541882460936905,0.05338119715452194,-0.0019869403913617136,0.9999045133590698,-0.013675928115844727,-0.05335894599556923,-0.01376248337328434,-0.9984805583953857],[-12467.314453125,7.9821577072143559,759.2838134765625,-0.9957091808319092,0.00894193910062313,0.09210483729839325,0.007651015650480986,0.9998676180839539,-0.014359384775161744,-0.09222104400396347,-0.013593075796961785,-0.9956457614898682],[-12469.0205078125,7.975921630859375,769.2254028320313,-0.9903551340103149,0.013158319517970086,0.1379258632659912,0.011253002099692822,0.9998303055763245,-0.014584780670702458,-0.13809436559677125,-0.012892032973468304,-0.9903351664543152],[-12470.765625,7.971965312957764,779.6130981445313,-0.9881048798561096,0.011504534631967545,0.15335048735141755,0.009484599344432354,0.9998584389686585,-0.01389710046350956,-0.1534886658191681,-0.012277324683964253,-0.9880741238594055],[-12472.36328125,7.9658122062683109,789.7116088867188,-0.9879016280174255,0.010918796062469483,0.15469682216644288,0.008908537216484547,0.9998667240142822,-0.01368213165551424,-0.1548255980014801,-0.01213847752660513,-0.9878672361373901],[-12474.025390625,7.962092399597168,800.3026733398438,-0.9879069924354553,0.010677819140255452,0.15467940270900727,0.008707389235496521,0.9998721480369568,-0.013410726562142372,-0.1548028290271759,-0.011901697143912316,-0.9878736734390259],[-12475.6416015625,7.956587791442871,810.6015625,-0.9878977537155151,0.010359237901866436,0.15476003289222718,0.008379501290619374,0.9998745918273926,-0.013439175672829152,-0.1548798382282257,-0.011979719623923302,-0.9878606796264648],[-12477.3310546875,7.953159332275391,821.380859375,-0.9878857731819153,0.010158555582165718,0.15485011041164399,0.008224345743656159,0.9998800158500671,-0.013126389123499394,-0.1549648642539978,-0.011693831533193589,-0.9878507852554321],[-12478.9560546875,7.9555535316467289,831.7030639648438,-0.9878863096237183,0.010125274769961834,0.15484851598739625,0.008222773671150208,0.999882698059082,-0.012921800836920739,-0.15496118366718293,-0.01149198692291975,-0.9878537058830261],[-12480.556640625,7.962469100952148,841.9497680664063,-0.9878880977630615,0.010118003934621811,0.1548377275466919,0.008216184563934803,0.9998828172683716,-0.012917702086269856,-0.15495027601718903,-0.01148906908929348,-0.9878554344177246],[-12482.4150390625,7.971792221069336,852.621826171875,-0.9860471487045288,0.01030768919736147,0.16614678502082826,0.008177467621862889,0.9998754262924194,-0.013500329107046128,-0.16626523435115815,-0.011953301727771759,-0.9860086441040039],[-12484.7041015625,7.973419666290283,863.3405151367188,-0.9812309145927429,0.010343557223677636,0.19255872070789338,0.007847475819289685,0.9998750686645508,-0.013720899820327759,-0.1926765888929367,-0.01195227075368166,-0.9811895489692688],[-12486.84375,7.970150947570801,873.7421875,-0.9802539944648743,0.009978508576750756,0.1974906176328659,0.0074920654296875,0.9998830556869507,-0.013333364389836789,-0.1976005584001541,-0.011590470559895039,-0.9802141189575195],[-12489.0478515625,7.966761589050293,884.6483154296875,-0.9802313446998596,0.009858832694590092,0.19760896265506745,0.007429294753819704,0.9998874664306641,-0.013032280839979649,-0.19771520793437959,-0.01130655501037836,-0.9801942706108093],[-12491.1943359375,7.96685791015625,895.25732421875,-0.9801763892173767,0.009805585257709027,0.19788405299186707,0.007341724820435047,0.999886155128479,-0.013180871494114399,-0.1979907751083374,-0.011466768570244313,-0.9801368117332459],[-12493.4443359375,7.967377662658691,906.3961181640625,-0.9801763296127319,0.009800519794225693,0.19788450002670289,0.007337988819926977,0.9998862743377686,-0.013173757120966912,-0.19799110293388368,-0.011460530571639538,-0.9801368117332459],[-12495.62109375,8.037473678588868,917.2257690429688,-0.9802603125572205,0.010815807618200779,0.1974150836467743,0.007316360250115395,0.9998030662536621,-0.018447119742631913,-0.19757571816444398,-0.01663861982524395,-0.9801464080810547],[-12497.904296875,8.189141273498536,928.5712890625,-0.980290949344635,0.013180901296436787,0.19711895287036897,0.007250181399285793,0.9994999170303345,-0.03077848255634308,-0.19742606580257417,-0.028742721304297448,-0.9798963069915772],[-12499.8740234375,8.366612434387207,938.3549194335938,-0.9802803993225098,0.013238786719739437,0.19716770946979524,0.007263799663633108,0.9994931221008301,-0.0309965331107378,-0.19747813045978547,-0.028953107073903085,-0.97987961769104],[-12502.126953125,8.564531326293946,949.5225219726563,-0.9802808165550232,0.013309367932379246,0.1971607506275177,0.007261873222887516,0.9994816184043884,-0.03136422112584114,-0.19747598469257356,-0.029313988983631135,-0.9798693656921387],[-12504.4853515625,8.77877426147461,961.2372436523438,-0.9802814722061157,0.013312780298292637,0.19715729355812074,0.007260769139975309,0.9994809031486511,-0.031387489289045337,-0.19747281074523927,-0.029337061569094659,-0.9798693060874939],[-12506.77734375,8.98190975189209,972.6283569335938,-0.9802822470664978,0.013316627591848374,0.19715332984924317,0.007258675992488861,0.9994799494743347,-0.03141794353723526,-0.19746917486190797,-0.02936737798154354,-0.9798691272735596],[-12509.0908203125,9.19117546081543,984.12451171875,-0.9803025722503662,0.013276959769427777,0.1970546692609787,0.0072233122773468498,0.9994805455207825,-0.031407687813043597,-0.1973693072795868,-0.029365651309490205,-0.9798892736434937],[-12511.421875,9.401277542114258,995.7242431640625,-0.9802835583686829,0.013377433642745018,0.19714246690273286,0.007249768357723951,0.9994688630104065,-0.03177143633365631,-0.1974627822637558,-0.029715782031416894,-0.9798598885536194],[-12513.7763671875,9.608511924743653,1007.4249877929688,-0.9802834987640381,0.013342274352908135,0.19714510440826417,0.007246397901326418,0.9994739890098572,-0.031609874218702319,-0.19746315479278565,-0.02955804578959942,-0.9798645973205566],[-12516.244140625,9.826873779296875,1019.6781616210938,-0.9802836775779724,0.013319565914571286,0.19714581966400147,0.0072442591190338139,0.9994773268699646,-0.031505487859249118,-0.19746240973472596,-0.029456138610839845,-0.9798678159713745],[-12518.6416015625,10.040410041809082,1031.5760498046876,-0.9802848100662231,0.013386541046202183,0.1971358209848404,0.007231493480503559,0.9994646310806274,-0.03190922364592552,-0.1974574327468872,-0.029854537919163705,-0.9798567295074463],[-12521.1474609375,10.260138511657715,1044.0152587890626,-0.9802846908569336,0.013309487141668797,0.1971416026353836,0.007223805412650108,0.9994758367538452,-0.0315566323697567,-0.19745828211307527,-0.029510371387004854,-0.9798670411109924],[-12523.63671875,10.481525421142579,1056.3939208984376,-0.9802649021148682,0.013287532143294812,0.19724124670028687,0.007210301235318184,0.9994778037071228,-0.03149740770459175,-0.1975567787885666,-0.029453635215759279,-0.9798488616943359],[-12525.87890625,10.687599182128907,1068.2130126953126,-0.9819086194038391,0.012972130440175534,0.188910573720932,0.007259069476276636,0.9994960427284241,-0.030902717262506486,-0.1892162412405014,-0.028972329571843149,-0.9815079569816589],[-12527.611328125,10.90223217010498,1079.9561767578126,-0.9873668551445007,0.00986024271696806,0.1581438034772873,0.005053198430687189,0.9995137453079224,-0.030770013108849527,-0.15837030112743379,-0.029582157731056215,-0.9869365692138672],[-12529.19140625,11.03122615814209,1092.100830078125,-0.9900851845741272,0.00856076367199421,0.14020700752735139,0.005189672112464905,0.999688982963562,-0.024391673505306245,-0.14037221670150758,-0.023422207683324815,-0.98982173204422],[-12530.779296875,11.124751091003418,1103.6993408203126,-0.9904908537864685,0.008053071796894074,0.13734248280525208,0.005252485629171133,0.9997710585594177,-0.020741498097777368,-0.1374780833721161,-0.019822875037789346,-0.9903064370155335],[-12532.0791015625,11.184684753417969,1115.17578125,-0.992673397064209,0.006896976847201586,0.12063173949718476,0.004772159270942211,0.9998285174369812,-0.017894119024276735,-0.12073446065187454,-0.017187342047691346,-0.9925360083580017],[-12532.7548828125,11.197490692138672,1127.152099609375,-0.9972517490386963,-0.00015512255777139217,0.07408756762742996,-0.0009358031093142927,0.9999443888664246,-0.010502670891582966,-0.07408181577920914,-0.010543137788772583,-0.9971964359283447],[-12532.5771484375,11.203676223754883,1136.319580078125,-0.9997762441635132,-0.00961365457624197,0.018842555582523347,-0.009822704829275608,0.9998908638954163,-0.011033602990210057,-0.01873442530632019,-0.011216218583285809,-0.9997615814208984],[-12531.5205078125,11.140900611877442,1147.008056640625,-0.9982035160064697,-0.01786981150507927,-0.05718767270445824,-0.017594991251826288,0.9998311400413513,-0.005305538885295391,0.05727282166481018,-0.004289790987968445,-0.9983493685722351],[-12529.38671875,11.054930686950684,1157.3828125,-0.9883701205253601,-0.024933336302638055,-0.15000960230827332,-0.025184374302625657,0.9996827840805054,-0.00022629168233834207,0.14996765553951264,0.0035542380064725878,-0.9886845350265503],[-12525.94921875,10.946534156799317,1167.6470947265626,-0.9657638669013977,-0.031071284785866739,-0.25755539536476138,-0.03216834366321564,0.9994824528694153,0.00004589473974192515,0.2574206590652466,0.008329453878104687,-0.9662635326385498],[-12521.5107421875,10.797430992126465,1176.9197998046876,-0.9309093952178955,-0.03033771552145481,-0.3639880418777466,-0.03372958302497864,0.9994266033172607,0.002964015118777752,0.3636894226074219,0.015036394819617272,-0.9313989281654358],[-12515.8310546875,10.634420394897461,1185.7877197265626,-0.8796126842498779,-0.028104782104492189,-0.4748595952987671,-0.03530578315258026,0.9993569850921631,0.006251753307878971,0.4743785560131073,0.02226441167294979,-0.880039393901825],[-12509.40234375,10.460806846618653,1193.5235595703126,-0.8170801401138306,-0.030338987708091737,-0.575725257396698,-0.04159011319279671,0.9991143941879273,0.006375153083354235,0.5750219821929932,0.0291534885764122,-0.8176183700561523],[-12501.8310546875,10.246984481811524,1200.6739501953126,-0.7385046482086182,-0.029791967943310739,-0.6735898852348328,-0.046625908464193347,0.9988883137702942,0.006939833052456379,0.6726343035697937,0.03653183951973915,-0.7390727400779724],[-12493.4091796875,10.124235153198243,1206.77783203125,-0.646804928779602,-0.032591551542282107,-0.7619587779045105,-0.05611336603760719,0.9984122514724731,0.004927561618387699,0.7605884075164795,0.0459432452917099,-0.6476067900657654],[-12484.2470703125,9.98155403137207,1211.7681884765626,-0.5472890734672546,-0.030274560675024987,-0.8363959193229675,-0.05815775692462921,0.9983055591583252,0.0019199546659365297,0.8349205851554871,0.04969368129968643,-0.5481224060058594],[-12474.904296875,9.890851020812989,1215.487548828125,-0.44454455375671389,-0.027795124799013139,-0.8953254222869873,-0.05923810973763466,0.9982426166534424,-0.0015774155035614968,0.8937958478927612,0.05233615264296532,-0.4454098641872406],[-12464.80859375,9.836982727050782,1218.1199951171876,-0.3285304307937622,-0.026668796315789224,-0.9441167712211609,-0.059296827763319018,0.9982117414474487,-0.0075629339553415779,0.9426301717758179,0.05349847674369812,-0.32952430844306948],[-12455.203125,9.806586265563965,1219.4664306640626,-0.22024789452552796,-0.021318143233656884,-0.975210964679718,-0.05914205685257912,0.9982137084007263,-0.008463962934911251,0.9736493825912476,0.0558118112385273,-0.22111526131629945],[-12445.021484375,9.79936408996582,1220.1314697265626,-0.1299179345369339,-0.018256332725286485,-0.9913566708564758,-0.0582251101732254,0.9982455968856812,-0.010752756148576737,0.9898136854171753,0.056324876844882968,-0.13075298070907594],[-12434.2587890625,9.791004180908204,1220.556640625,-0.08009637147188187,-0.016168730333447458,-0.9966560006141663,-0.04515765979886055,0.9989007115364075,-0.012576045468449593,0.9957637190818787,0.04399935528635979,-0.08073846250772476],[-12423.74609375,9.769768714904786,1221.090576171875,-0.07000668346881867,-0.015644999220967294,-0.9974238276481628,-0.02380792610347271,0.999618411064148,-0.014008402824401856,0.9972623586654663,0.022765912115573884,-0.07035244256258011],[-12413.10546875,9.757246971130371,1221.8544921875,-0.07491406053304672,-0.014335393905639649,-0.9970869421958923,-0.013474435545504094,0.9998199343681336,-0.013362312689423561,0.997098982334137,0.012434158474206925,-0.07509373128414154],[-12401.9501953125,9.765432357788086,1223.1837158203126,-0.10577389597892761,-0.015374413691461087,-0.9942713379859924,-0.00881967693567276,0.999855637550354,-0.014522496610879898,0.9943510890007019,0.0072330511175096039,-0.10589423030614853],[-12391.1787109375,9.72864818572998,1225.1375732421876,-0.1529904305934906,-0.014088509604334832,-0.9881272315979004,-0.0029130196198821069,0.9999004602432251,-0.013805350288748742,0.9882233738899231,0.0007663477445021272,-0.15301623940467835],[-12379.6611328125,9.685762405395508,1228.1358642578126,-0.22388598322868348,-0.010051270946860314,-0.9745635390281677,0.007404297590255737,0.9999004006385803,-0.012013571336865425,0.9745872020721436,-0.009905628859996796,-0.2237892597913742],[-12369.1572265625,9.690603256225586,1231.836669921875,-0.294819176197052,-0.008436847478151322,-0.9555158019065857,0.01298367977142334,0.999833345413208,-0.012834197841584683,0.9554648399353027,-0.016189878806471826,-0.2946604788303375],[-12358.2919921875,9.690594673156739,1235.940673828125,-0.33092227578163149,-0.009472185745835305,-0.9436104893684387,0.009361597709357739,0.9998674392700195,-0.013319999910891056,0.9436115622520447,-0.013241586275398732,-0.3307897448539734],[-12347.7451171875,9.693963050842286,1239.8131103515626,-0.3370782732963562,-0.012190625071525574,-0.9413977265357971,0.002866532653570175,0.9998982548713684,-0.013974572531878949,0.9414722919464111,-0.0074090720154345039,-0.3370090126991272],[-12337.16796875,9.71281623840332,1243.986083984375,-0.35736390948295596,-0.013198448345065117,-0.9338719844818115,0.0026720724999904634,0.9998816251754761,-0.015153883956372738,0.9339613914489746,-0.007910825312137604,-0.35728633403778078],[-12326.1953125,9.717952728271485,1248.6871337890626,-0.3805391490459442,-0.01299202162772417,-0.9246735572814941,0.002261223504319787,0.9998852610588074,-0.014979355968534947,0.9247620701789856,-0.007791124749928713,-0.380466103553772],[-12315.5078125,9.718365669250489,1253.15185546875,-0.3836488425731659,-0.013271586038172245,-0.9233837127685547,0.0020718546584248544,0.9998818635940552,-0.01523189339786768,0.9234767556190491,-0.007756815291941166,-0.38357600569725039],[-12304.296875,9.729840278625489,1257.8143310546876,-0.383846253156662,-0.01325201615691185,-0.9233019351959229,0.002111413050442934,0.9998818039894104,-0.015228938311338425,0.9233946204185486,-0.007795042358338833,-0.38377290964126589],[-12293.056640625,9.759202003479004,1262.7763671875,-0.39870572090148928,-0.014257666654884816,-0.9169681072235107,0.0019540213979780676,0.9998636841773987,-0.016396211460232736,0.917076826095581,-0.008329038508236409,-0.3986234962940216],[-12282.7666015625,9.78669548034668,1267.9407958984376,-0.4332416355609894,-0.013319029472768307,-0.9011793732643127,0.005174403544515371,0.9998375773429871,-0.017264746129512788,0.9012629389762878,-0.01214287243783474,-0.4331023693084717],[-12271.7607421875,9.794427871704102,1273.9512939453126,-0.4646412432193756,-0.011524882167577744,-0.885424017906189,0.006391989998519421,0.9998456239700317,-0.016368525102734567,0.8854759335517883,-0.013265113346278668,-0.46449583768844607],[-12261.0576171875,9.809548377990723,1279.679443359375,-0.46908971667289736,-0.011867684312164784,-0.8830707669258118,0.006163070444017649,0.9998413920402527,-0.01671081781387329,0.8831290006637573,-0.013281299732625485,-0.46894216537475588],[-12249.830078125,9.827753067016602,1285.6492919921876,-0.46959710121154787,-0.011761032976210118,-0.8828024864196777,0.006141035817563534,0.9998435974121094,-0.01658695563673973,0.882859468460083,-0.013210508041083813,-0.4694514274597168],[-12239.3623046875,9.839822769165039,1291.27099609375,-0.47222134470939639,-0.010881544090807438,-0.8814128637313843,0.006218818947672844,0.9998577833175659,-0.015675578266382219,0.881458044052124,-0.012883689254522324,-0.47208651900291445],[-12228.150390625,9.879281044006348,1297.786376953125,-0.4947998821735382,-0.01213033962994814,-0.8689222931861877,0.006327287293970585,0.9998257756233215,-0.017560794949531556,0.8689839243888855,-0.014187000691890717,-0.4946369230747223],[-12217.4658203125,9.903106689453125,1304.4642333984376,-0.5184450745582581,-0.011443894356489182,-0.855034351348877,0.006157045252621174,0.9998345375061035,-0.017115207388997079,0.8550887703895569,-0.014137779362499714,-0.518288791179657],[-12206.2607421875,9.921019554138184,1311.3446044921876,-0.5214657187461853,-0.011490410193800927,-0.8531948328018189,0.005613640416413546,0.9998415112495422,-0.016896387562155725,0.8532537817955017,-0.013600416481494904,-0.5213185548782349],[-12195.3720703125,9.944494247436524,1318.0054931640626,-0.5217681527137756,-0.011416330933570862,-0.8530109524726868,0.005578719545155764,0.999843418598175,-0.016793854534626008,0.8530690670013428,-0.013521207496523857,-0.5216227769851685],[-12183.96875,9.97330093383789,1324.975830078125,-0.5217313170433044,-0.011345941573381424,-0.8530343770980835,0.005527418572455645,0.9998456239700317,-0.016679299995303155,0.8530919551849365,-0.013417191803455353,-0.5215880870819092],[-12172.4755859375,10.00475788116455,1332.003662109375,-0.5216971039772034,-0.011204215697944165,-0.8530572056770325,0.005515080876648426,0.9998485445976257,-0.016505014151334764,0.8531129360198975,-0.013315297663211823,-0.5215563178062439],[-12160.88671875,10.0296630859375,1339.0867919921876,-0.5216376185417175,-0.011066134087741375,-0.8530954122543335,0.0055025070905685429,0.9998514652252197,-0.016334403306245805,0.8531494140625,-0.01321480330079794,-0.5214992165565491],[-12149.64453125,10.05085563659668,1345.959228515625,-0.521511435508728,-0.01093870960175991,-0.8531741499900818,0.005421399138867855,0.9998551607131958,-0.016133220866322519,0.8532270789146423,-0.013039056211709977,-0.5213766098022461],[-12138.3203125,10.07838249206543,1352.8790283203126,-0.5215186476707459,-0.010888103395700455,-0.8531703948974609,0.005432458594441414,0.9998559355735779,-0.01608080044388771,0.8532226085662842,-0.013021250255405903,-0.5213843584060669],[-12126.91796875,10.112960815429688,1359.848388671875,-0.5213999152183533,-0.010858874768018723,-0.853243350982666,0.005403358023613691,0.9998569488525391,-0.016026649624109269,0.8532953262329102,-0.012966672889888287,-0.5212666392326355],[-12114.990234375,10.143697738647461,1367.1368408203126,-0.5214130282402039,-0.010811659507453442,-0.8532359004020691,0.005381706636399031,0.9998582005500794,-0.015958325937390329,0.8532874584197998,-0.012912744656205178,-0.5212808847427368],[-12103.423828125,10.171815872192383,1374.201904296875,-0.5213980674743652,-0.010770943947136402,-0.8532456159591675,0.005401154048740864,0.9998586177825928,-0.01592222973704338,0.8532965183258057,-0.012910330668091774,-0.5212661623954773],[-12091.7841796875,10.195995330810547,1381.3140869140626,-0.5212998390197754,-0.010733630508184433,-0.8533060550689697,0.005328844767063856,0.9998604655265808,-0.015832604840397836,0.8533569574356079,-0.01280067