{"DriveData":[[-2947.592529296875,17.785400390625,1391.6513671875,0.5688570141792297,-0.021038174629211427,-0.8221673369407654,-0.005670524202287197,0.9995486736297607,-0.029500560835003854,0.8224169015884399,0.021443720906972886,0.5684809684753418],[-2937.27294921875,17.998313903808595,1384.515625,0.5688565969467163,-0.02104080282151699,-0.8221675157546997,-0.005669941194355488,0.999548614025116,-0.029503339901566507,0.8224171996116638,0.021444810554385186,0.5684804916381836],[-2927.792724609375,18.19576072692871,1377.9598388671876,0.5688576102256775,-0.021019304171204568,-0.8221673965454102,-0.005671577528119087,0.9995493292808533,-0.029478367418050767,0.8224164843559265,0.021431978791952134,0.568481981754303],[-2917.6015625,18.410165786743165,1370.9119873046876,0.568854570388794,-0.02104407176375389,-0.8221688270568848,-0.005663425195962191,0.9995486736297607,-0.02950274758040905,0.8224186301231384,0.021439064294099809,0.5684786438941956],[-2908.153564453125,18.6103515625,1364.3790283203126,0.5688660144805908,-0.021075164899230005,-0.8221601247787476,-0.005656759720295668,0.9995477199554443,-0.029536304995417596,0.8224107623100281,0.02145296335220337,0.5684894919395447],[-2898.268310546875,18.807796478271486,1357.5408935546876,0.5691100358963013,-0.02148185856640339,-0.8219807147979736,-0.005674538668245077,0.9995322823524475,-0.030050884932279588,0.8222417831420898,0.021766621619462968,0.5687219500541687],[-2888.311279296875,19.010950088500978,1350.651123046875,0.5690435171127319,-0.021674204617738725,-0.8220217227935791,-0.005709895398467779,0.9995243549346924,-0.030307075008749963,0.8222875595092773,0.021939702332019807,0.5686490535736084],[-2879.052001953125,19.201828002929689,1344.2431640625,0.5689531564712524,-0.02199881710112095,-0.822075605392456,-0.005710074678063393,0.9995123744010925,-0.030698945745825769,0.8223500847816467,0.022160375490784646,0.5685501098632813],[-2867.76904296875,19.43262481689453,1336.439453125,0.5688854455947876,-0.02218734659254551,-0.8221173882484436,-0.0056946962140500549,0.9995057582855225,-0.030915306881070138,0.8223970532417297,0.022268977016210557,0.568477988243103],[-2858.749267578125,19.61903953552246,1330.1993408203126,0.5688448548316956,-0.02237023413181305,-0.8221405148506165,-0.0057357423938810829,0.9994978308677673,-0.031164681538939477,0.8224248290061951,0.022443456575274469,0.5684309005737305],[-2848.873046875,19.81916618347168,1323.3682861328126,0.5689058303833008,-0.022490810602903367,-0.8220950961112976,-0.0057195937260985378,0.9994935989379883,-0.031302135437726977,0.8223828077316284,0.022510016337037088,0.5684890747070313],[-2838.52294921875,20.032546997070314,1316.211669921875,0.5689190030097961,-0.02255232445895672,-0.8220843076705933,-0.005766427610069513,0.999489963054657,-0.03140973672270775,0.8223733305931091,0.02261008508503437,0.5684987902641296],[-2828.095703125,20.247390747070314,1308.9996337890626,0.5688580870628357,-0.022684067487716676,-0.8221228122711182,-0.0058092172257602219,0.9994838237762451,-0.03159744292497635,0.8224151730537415,0.022750351577997209,0.5684326887130737],[-2817.18505859375,20.479211807250978,1301.4560546875,0.5687869191169739,-0.022742778062820436,-0.8221704363822937,-0.005792987998574972,0.9994820356369019,-0.0316552072763443,0.8224645256996155,0.022767890244722368,0.5683605670928955],[-2807.41845703125,20.673460006713868,1294.700439453125,0.5687587261199951,-0.02275962382555008,-0.822189450263977,-0.0058085061609745029,0.9994810223579407,-0.03168546035885811,0.8224838972091675,0.022797074168920518,0.5683313608169556],[-2797.99853515625,20.868968963623048,1288.1890869140626,0.5687267780303955,-0.0227799154818058,-0.822210967540741,-0.005821194965392351,0.9994798898696899,-0.03171781450510025,0.8225058913230896,0.022825023159384729,0.5682983994483948],[-2785.95751953125,21.10655975341797,1280.021484375,0.5624377727508545,-0.02189713343977928,-0.8265495896339417,-0.005672994069755077,0.9995235204696655,-0.030339868739247323,0.8268201351165772,0.021753299981355668,0.5620455741882324],[-2774.809326171875,21.09267234802246,1272.947998046875,0.5417819023132324,-0.008920913562178612,-0.8404717445373535,-0.0026050740852952005,0.9999210238456726,-0.012292609550058842,0.8405150771141052,0.008849404752254486,0.5417159199714661],[-2764.24609375,21.067167282104493,1266.7825927734376,0.5144980549812317,-0.011726528406143189,-0.8574113249778748,0.004290960729122162,0.9999291896820068,-0.011100864969193936,0.8574808239936829,0.002032255055382848,0.5145119428634644],[-2752.769287109375,21.069223403930665,1260.0927734375,0.5076199173927307,-0.01234541554003954,-0.8614926934242249,0.004091217648237944,0.9999206066131592,-0.011918443255126477,0.8615714311599731,0.0025254853535443546,0.5076301097869873],[-2739.91845703125,21.057479858398439,1252.5362548828126,0.507189154624939,-0.012357240542769432,-0.8617461919784546,0.004047376103699207,0.9999203085899353,-0.011956503614783287,0.8618252277374268,0.002576398430392146,0.5071987509727478],[-2728.76904296875,21.04209327697754,1245.9737548828126,0.5072481632232666,-0.012317237444221974,-0.8617120385169983,0.003965164069086313,0.9999206066131592,-0.011958680115640164,0.8617908954620361,0.002649188507348299,0.5072567462921143],[-2717.1005859375,20.730993270874025,1239.0142822265626,0.5102301239967346,0.00576395820826292,-0.8600186109542847,0.007492067292332649,0.9999098181724548,0.011146406643092633,0.860005259513855,-0.012130549177527428,0.5101409554481506],[-2705.38134765625,19.968046188354493,1231.90185546875,0.5102607607841492,0.03186613321304321,-0.8594291806221008,0.02130475454032421,0.9985382556915283,0.04967312514781952,0.85975581407547,-0.04365617409348488,0.5088359713554382],[-2692.709716796875,19.11850929260254,1224.1959228515626,0.5098360180854797,0.006642984692007303,-0.860245943069458,0.053488846868276599,0.9977906346321106,0.03940599784255028,0.8586071133613586,-0.06610415875911713,0.5083543062210083],[-2681.164794921875,18.39242935180664,1217.3231201171876,0.5103545188903809,0.0023195610847324135,-0.8599609732627869,0.061856552958488467,0.9973071217536926,0.039399564266204837,0.8577365875244141,-0.07330197095870972,0.5088367462158203],[-2668.046630859375,17.59099578857422,1209.569580078125,0.5104301571846008,0.002347876550629735,-0.8599160313606262,0.06184205412864685,0.997306764125824,0.03943129628896713,0.8576925992965698,-0.0733058974146843,0.5089102387428284],[-2656.192626953125,16.868640899658204,1202.5623779296876,0.510508120059967,0.0022983599919825794,-0.8598698377609253,0.061816420406103137,0.9973108768463135,0.039366383105516437,0.8576480746269226,-0.07325093448162079,0.5089932680130005],[-2643.743896484375,16.092798233032228,1195.202392578125,0.5106258392333984,0.002546401461586356,-0.8597992658615112,0.06180272623896599,0.9973002076148987,0.039657626301050189,0.8575789332389832,-0.07338814437389374,0.5090898871421814],[-2631.7568359375,15.348347663879395,1188.1160888671876,0.510631263256073,0.002755670575425029,-0.8597953915596008,0.06179577857255936,0.997291088104248,0.03989677503705025,0.8575762510299683,-0.07350426912307739,0.5090777277946472],[-2618.326416015625,14.531562805175782,1180.1749267578126,0.5106478929519653,0.002740392927080393,-0.8597855567932129,0.06180691719055176,0.9972907900810242,0.03988731652498245,0.8575655221939087,-0.07350906729698181,0.5090950727462769],[-2605.77099609375,13.763286590576172,1172.74609375,0.5107408165931702,0.0026160695124417545,-0.8597307801246643,0.0618043877184391,0.9972963929176331,0.0397508405148983,0.8575103878974915,-0.07343751192092896,0.5091982483863831],[-2593.120849609375,13.172159194946289,1165.240234375,0.511082649230957,-0.010494384914636612,-0.8594675064086914,0.06184951961040497,0.9977824091911316,0.024595582857728006,0.8573034405708313,-0.06572803109884262,0.510598361492157],[-2579.383056640625,12.759742736816407,1157.0584716796876,0.5100090503692627,-0.025517120957374574,-0.8597904443740845,0.06237957626581192,0.9980251789093018,0.007382520474493504,0.8579041361808777,-0.057398516684770587,0.5105936527252197],[-2567.4765625,12.439512252807618,1149.9935302734376,0.5103287696838379,-0.024909071624279023,-0.859618604183197,0.06239661946892738,0.9980183839797974,0.008123459294438362,0.8577128052711487,-0.05778292566537857,0.5108717083930969],[-2554.41455078125,12.106201171875,1142.3756103515626,0.5044876933097839,-0.025140197947621347,-0.8630527853965759,0.06277360022068024,0.9979986548423767,0.0076225027441978458,0.8611339330673218,-0.058022391051054,0.5050562024116516],[-2540.476318359375,11.777278900146485,1134.82421875,0.47963714599609377,-0.028135035187005998,-0.8770157694816589,0.06856302171945572,0.9976316690444946,0.005492458585649729,0.8747841715812683,-0.06276524066925049,0.4804302453994751],[-2526.6318359375,11.460532188415528,1128.103271484375,0.4434053599834442,-0.030791550874710084,-0.8957921266555786,0.07913161814212799,0.9968520998954773,0.004903772845864296,0.8928213119506836,-0.07305984199047089,0.4444461464881897],[-2512.921630859375,11.274114608764649,1122.376708984375,0.3954963982105255,-0.0348673090338707,-0.9178054928779602,0.0863000825047493,0.9962689876556397,-0.0006601011264137924,0.9144040942192078,-0.07894562184810639,0.397029846906662],[-2499.42041015625,11.524185180664063,1117.8795166015626,0.33110302686691286,-0.05507509037852287,-0.9419859647750855,0.08206173777580261,0.996193528175354,-0.029400182887911798,0.9400194883346558,-0.06756651401519776,0.3343622386455536],[-2487.367919921875,11.868252754211426,1114.6324462890626,0.274384081363678,-0.0629940778017044,-0.9595546722412109,0.06886083632707596,0.9965774416923523,-0.04573388397693634,0.9591515064239502,-0.05352708697319031,0.2777827978134155],[-2471.610595703125,12.378310203552246,1111.11328125,0.21952486038208009,-0.042527664452791217,-0.9746795296669006,0.03574356809258461,0.9987293481826782,-0.035526569932699206,0.9749519228935242,-0.027039559558033944,0.22076600790023805],[-2455.791015625,12.798280715942383,1107.90185546875,0.20424887537956239,-0.03393545001745224,-0.9783306121826172,0.0029251358937472107,0.9994156360626221,-0.03405613824725151,0.9789146184921265,0.004094178322702646,0.20422878861427308],[-2440.4375,13.019956588745118,1104.8983154296876,0.1923539787530899,-0.027398524805903436,-0.9809430241584778,-0.0030115079134702684,0.9995889663696289,-0.028509849682450296,0.9813209772109985,0.008438101038336754,0.19219240546226502],[-2424.890380859375,13.149520874023438,1102.378662109375,0.1613997220993042,-0.027208909392356874,-0.9865139722824097,0.00945719238370657,0.9996166229248047,-0.02602303773164749,0.9868438243865967,-0.005129541736096144,0.1615951657295227],[-2409.152099609375,13.280287742614746,1100.5811767578126,0.12004080414772034,-0.02764456532895565,-0.9923840165138245,0.02024565078318119,0.9994724988937378,-0.02539307251572609,0.992562472820282,-0.017043255269527437,0.120537169277668],[-2393.33642578125,13.411046981811524,1099.0804443359376,0.10180680453777313,-0.025898464024066926,-0.99446702003479,0.017781823873519899,0.9995487332344055,-0.024210423231124879,0.9946452379226685,-0.015218650922179222,0.10222138464450836],[-2376.860595703125,13.54810619354248,1097.466064453125,0.09936933219432831,-0.024940740317106248,-0.994737982749939,0.013460357673466206,0.9996280670166016,-0.02371872402727604,0.9949595928192139,-0.01103261485695839,0.09966808557510376],[-2361.489990234375,13.694412231445313,1096.2076416015626,0.08466226607561112,-0.025037840008735658,-0.9960950613021851,0.013326342217624188,0.9996232986450195,-0.02399386465549469,0.9963206052780151,-0.01124292891472578,0.08496402949094773],[-2346.60888671875,13.824433326721192,1095.5291748046876,0.05293722078204155,-0.02502562291920185,-0.9982842206954956,0.013573311269283295,0.9996116161346436,-0.024339132010936738,0.9985055923461914,-0.012261576019227505,0.05325634032487869],[-2329.75927734375,13.961722373962403,1095.6358642578126,0.0016337608685716987,-0.023971224203705789,-0.9997113347053528,0.017571236938238145,0.9995589852333069,-0.0239388570189476,0.9998442530632019,-0.017527054995298387,0.002054244512692094],[-2313.48974609375,14.073826789855957,1096.567138671875,-0.04622146487236023,-0.019547022879123689,-0.9987399578094482,0.019187120720744134,0.999606728553772,-0.02045196108520031,0.998746931552887,-0.020108263939619066,-0.045828234404325488],[-2297.218994140625,14.2284517288208,1097.891845703125,-0.07266110181808472,-0.01972239278256893,-0.9971616864204407,0.01796388439834118,0.9996163845062256,-0.021079935133457185,0.9971948862075806,-0.01944458857178688,-0.0722789391875267],[-2283.42431640625,14.348015785217286,1098.979248046875,-0.07566173374652863,-0.02069716900587082,-0.9969187378883362,0.014084063470363617,0.9996626377105713,-0.021823054179549218,0.9970340728759766,-0.015691837295889856,-0.07534471154212952],[-2267.05419921875,14.494989395141602,1100.24169921875,-0.07582802325487137,-0.020929528400301935,-0.9969012141227722,0.010664332658052445,0.9997054934501648,-0.021799571812152864,0.9970638751983643,-0.012284304946660996,-0.07558248937129975],[-2249.338623046875,14.647010803222657,1101.584228515625,-0.07573375105857849,-0.02096310630440712,-0.9969077110290527,0.010363425128161908,0.9997084140777588,-0.021809296682476999,0.9970742464065552,-0.011983077973127365,-0.07549441605806351],[-2233.43310546875,14.723567008972168,1102.7880859375,-0.07578080892562866,-0.015740113332867624,-0.9970002770423889,0.010245118290185929,0.9998103380203247,-0.01656319573521614,0.9970718622207642,-0.011469557881355286,-0.07560517638921738],[-2220.0205078125,14.733620643615723,1103.8436279296876,-0.07794234901666641,-0.012539410963654518,-0.996878981590271,0.010280368849635125,0.9998576045036316,-0.01338066253811121,0.9969048500061035,-0.011291204951703549,-0.07780234515666962],[-2202.728515625,14.742642402648926,1105.53564453125,-0.09492790699005127,-0.012770258821547032,-0.9954022169113159,0.01008777879178524,0.9998540282249451,-0.013789406977593899,0.9954330325126648,-0.011350397020578385,-0.09478522837162018],[-2186.6689453125,14.693450927734375,1107.2093505859376,-0.10115420073270798,-0.009632864035665989,-0.9948241114616394,0.00933751743286848,0.9998998641967773,-0.010631456039845944,0.9948269128799439,-0.01036460418254137,-0.1010541245341301],[-2169.90087890625,14.559154510498047,1108.921875,-0.10142282396554947,-0.00426588486880064,-0.9948342442512512,0.009177356027066708,0.999944269657135,-0.00522342324256897,0.9948011040687561,-0.009659722447395325,-0.10137802362442017],[-2153.06396484375,14.398447036743164,1110.6353759765626,-0.10133115947246552,-0.004163628444075584,-0.9948440194129944,0.00904070120304823,0.999946117401123,-0.005105834454298019,0.9948116540908814,-0.00951146800071001,-0.10128805786371231],[-2138.09521484375,14.228351593017579,1112.1583251953126,-0.10129861533641815,-0.001238305470906198,-0.9948552846908569,0.009012938477098942,0.9999570250511169,-0.0021623752545565368,0.9948152303695679,-0.009185614995658398,-0.10128310322761536],[-2119.775146484375,13.907899856567383,1114.02294921875,-0.10120771825313568,0.004972699098289013,-0.9948529005050659,0.00887440238147974,0.9999522566795349,0.004095382988452911,0.9948257207870483,-0.008414240553975106,-0.10124701261520386],[-2103.34228515625,13.62055492401123,1115.82666015625,-0.10823043435811997,0.004801005125045776,-0.9941142201423645,0.009002459235489369,0.9999520778656006,0.0038490896113216879,0.9940850734710693,-0.008532884530723095,-0.10826846212148667],[-2088.837158203125,13.412210464477539,1117.6021728515626,-0.11753935366868973,0.0012181262718513609,-0.9930675029754639,0.009035545401275158,0.9999591708183289,0.00015713373431935906,0.9930270910263062,-0.008954436518251896,-0.11754556000232697],[-2070.965087890625,13.2383394241333,1119.7421875,-0.11854366958141327,-0.003983389586210251,-0.9929408431053162,0.008771173655986786,0.9999487400054932,-0.005058662500232458,0.9929100871086121,-0.009308929555118084,-0.1185026541352272],[-2053.662841796875,13.084814071655274,1121.8062744140626,-0.11852213740348816,-0.003959288354963064,-0.992943525314331,0.008747338317334652,0.9999490976333618,-0.005031343549489975,0.9929128885269165,-0.009281938895583153,-0.11848147213459015],[-2038.96044921875,12.95602798461914,1123.560546875,-0.11853591352701187,-0.003781094215810299,-0.9929425716400147,0.008745234459638596,0.9999499917030335,-0.0048517705872654919,0.9929112792015076,-0.009258624166250229,-0.11849691718816757],[-2021.512939453125,12.802103042602539,1125.6424560546876,-0.11849533766508103,-0.0037683264818042518,-0.9929474592208862,0.008702995255589486,0.9999504685401917,-0.004833492450416088,0.992916464805603,-0.009214363060891629,-0.11845666915178299],[-2003.986328125,12.654186248779297,1127.7327880859376,-0.11842065304517746,-0.003734685480594635,-0.9929565191268921,0.008713684976100922,0.9999505281448364,-0.0048001911491155628,0.9929252862930298,-0.00922075193375349,-0.11838224530220032],[-1989.0950927734376,12.51944637298584,1129.5064697265626,-0.11829313635826111,-0.003617526264861226,-0.9929721355438232,0.008666289038956166,0.9999515414237976,-0.0046753715723752979,0.9929409027099609,-0.009158448316156865,-0.11825604736804962],[-1971.4254150390626,12.360352516174317,1131.6099853515626,-0.11825602501630783,-0.0034908486995846035,-0.9929770231246948,0.008613202720880509,0.9999526143074036,-0.004541138652712107,0.9929457902908325,-0.009089729748666287,-0.11822035163640976],[-1953.6805419921876,12.209157943725586,1133.721923828125,-0.11822578310966492,-0.0035840817727148535,-0.9929802417755127,0.008594498038291932,0.9999523162841797,-0.004632521420717239,0.9929495453834534,-0.00908185075968504,-0.11818934231996536],[-1935.192138671875,12.13202953338623,1135.9217529296876,-0.11823581904172898,-0.010589356534183026,-0.9929291009902954,0.00853706430643797,0.9998953342437744,-0.011680224910378456,0.9929488301277161,-0.009857720695436,-0.118133045732975],[-1917.3206787109376,12.125129699707032,1138.048583984375,-0.11781831085681915,-0.013512403704226017,-0.9929432272911072,0.007477805018424988,0.9998670220375061,-0.014493908733129502,0.9930070042610169,-0.009132684208452702,-0.11770159751176834],[-1897.99560546875,12.132513046264649,1140.339111328125,-0.11772088706493378,-0.013272483833134175,-0.9929580092430115,0.00746586499735713,0.9998705983161926,-0.01425000187009573,0.9930186867713928,-0.009090813808143139,-0.11760656535625458],[-1880.6781005859376,12.131444931030274,1142.3887939453126,-0.11767402291297913,-0.013056010007858277,-0.9929664731025696,0.007447972893714905,0.9998738169670105,-0.014029473066329956,0.9930243492126465,-0.009046492166817189,-0.117561936378479],[-1865.3897705078126,12.133337020874024,1144.1990966796876,-0.11765603721141815,-0.012919177301228047,-0.99297034740448,0.007421125192195177,0.9998760223388672,-0.0138883450999856,0.9930266737937927,-0.009003004990518093,-0.11754557490348816],[-1847.263427734375,12.141526222229004,1146.345703125,-0.11762458086013794,-0.012881859205663205,-0.992974579334259,0.007444561924785376,0.9998763203620911,-0.013853254728019238,0.9930302500724793,-0.009021744132041932,-0.11751413345336914],[-1828.373779296875,12.135506629943848,1148.5797119140626,-0.11752036958932877,-0.01263460237532854,-0.9929900765419006,0.007434547413140535,0.9998798370361328,-0.01360214501619339,0.9930426478385925,-0.008980960585176945,-0.11741232126951218],[-1812.23095703125,12.133806228637696,1150.487060546875,-0.11747020483016968,-0.012499433942139149,-0.9929977655410767,0.0073929717764258389,0.9998820424079895,-0.013460668735206128,0.993048906326294,-0.008922431617975235,-0.11736394464969635],[-1794.637939453125,12.164679527282715,1152.5654296875,-0.11742312461137772,-0.014758092351257801,-0.9929723143577576,0.007346655707806349,0.9998493194580078,-0.01572907529771328,0.9930548071861267,-0.009141982533037663,-0.11729700118303299],[-1775.59033203125,12.324755668640137,1154.8123779296876,-0.11728274822235108,-0.02152370847761631,-0.992865264415741,0.007225281558930874,0.9997201561927795,-0.02252580039203167,0.9930722713470459,-0.009815619327127934,-0.11709441244602204],[-1757.187255859375,12.48740005493164,1156.982666015625,-0.11729926615953446,-0.021442759782075883,-0.9928650856018066,0.007120626978576183,0.9997230172157288,-0.0224321149289608,0.9930710792541504,-0.009701092727482319,-0.11711408942937851],[-1740.2532958984376,12.647480010986329,1159.0238037109376,-0.1198040172457695,-0.021256498992443086,-0.9925699830055237,0.007124078460037708,0.9997265934944153,-0.02226964384317398,0.9927719831466675,-0.00973913911730051,-0.11961983144283295],[-1723.437255859375,12.806831359863282,1161.3372802734376,-0.1346905380487442,-0.021390147507190706,-0.9906567931175232,0.00682990113273263,0.9997231960296631,-0.022514507174491884,0.9908641576766968,-0.009798578917980194,-0.13450714945793153],[-1704.046630859375,12.986257553100586,1164.5751953125,-0.16185925900936128,-0.020776106044650079,-0.986595094203949,0.006529876962304115,0.9997339248657227,-0.022124068811535836,0.986792266368866,-0.010023330338299275,-0.16168053448200227],[-1687.15380859375,13.216585159301758,1167.5738525390626,-0.1717384159564972,-0.02577250264585018,-0.9848054051399231,0.006253387778997421,0.9996090531349182,-0.02725043334066868,0.9851227402687073,-0.01083831675350666,-0.17151011526584626],[-1670.03076171875,13.499082565307618,1170.570556640625,-0.17237742245197297,-0.025666967034339906,-0.9846965074539185,0.006221960298717022,0.9996121525764465,-0.02714494988322258,0.9850113391876221,-0.010805918835103512,-0.1721508651971817],[-1652.7550048828126,13.817906379699707,1173.797119140625,-0.18332257866859437,-0.025966137647628785,-0.9827098250389099,0.006002096924930811,0.9996029138565064,-0.0275321826338768,0.9830344915390015,-0.01094559021294117,-0.18309392035007478],[-1636.6685791015626,14.127025604248047,1177.3656005859376,-0.211956188082695,-0.02614453062415123,-0.9769293665885925,0.006356839090585709,0.9995840787887573,-0.028130002319812776,0.9772585034370422,-0.012172510847449303,-0.21170184016227723],[-1620.635498046875,14.412543296813965,1181.8360595703126,-0.2624169886112213,-0.024273399263620378,-0.9646492004394531,0.013726349920034409,0.9994885325431824,-0.02888408489525318,0.9648569226264954,-0.02082078717648983,-0.2619495689868927],[-1605.9671630859376,14.657700538635254,1187.111572265625,-0.32696911692619326,-0.01771562732756138,-0.9448689818382263,0.02519158087670803,0.9993056058883667,-0.027453746646642686,0.944699227809906,-0.0327792689204216,-0.32629579305648806],[-1592.141845703125,14.90457534790039,1193.3621826171876,-0.3978034555912018,-0.011507394723594189,-0.9173985123634338,0.03485557436943054,0.999009907245636,-0.027645206078886987,0.9168083071708679,-0.04297381266951561,-0.3970085084438324],[-1579.3118896484376,15.282072067260743,1200.714111328125,-0.47782236337661745,-0.00591249018907547,-0.8784365653991699,0.04311421513557434,0.9986144304275513,-0.03017318993806839,0.8773978352546692,-0.052290529012680057,-0.47690537571907046],[-1567.5548095703126,15.62491226196289,1209.070556640625,-0.5561379194259644,-0.0030647912062704565,-0.8310843706130981,0.04122151434421539,0.998660683631897,-0.03126702457666397,0.8300670981407166,-0.051647335290908816,-0.5552667379379273],[-1556.9276123046876,15.888997077941895,1218.245849609375,-0.631894052028656,0.001613076077774167,-0.775053083896637,0.038217898458242419,0.9988462328910828,-0.029079874977469446,0.7741119265556336,-0.04799630120396614,-0.6312265992164612],[-1548.4991455078126,16.105581283569337,1226.8583984375,-0.7015436291694641,0.008532767184078694,-0.712575376033783,0.03723585233092308,0.9990012645721436,-0.024696798995137216,0.7116529941558838,-0.04385923594236374,-0.701160728931427],[-1540.3095703125,16.47828483581543,1237.215087890625,-0.7798046469688416,0.010684006847441197,-0.6259317994117737,0.03894202038645744,0.998745858669281,-0.031467583030462268,0.6248105764389038,-0.0489136166870594,-0.7792426943778992],[-1533.6204833984376,16.893526077270509,1248.08349609375,-0.8480468988418579,0.01658877171576023,-0.5296614766120911,0.04302579537034035,0.9983654022216797,-0.037620700895786288,0.5281715989112854,-0.05469322204589844,-0.8473743796348572],[-1527.967041015625,17.41217803955078,1260.57470703125,-0.9073752164840698,0.027198025956749917,-0.4194406569004059,0.050485383719205859,0.9977321028709412,-0.04451843723654747,0.41727858781814577,-0.06157054752111435,-0.9066904783248901],[-1524.6204833984376,17.739500045776368,1271.012451171875,-0.9444124102592468,0.038137178868055347,-0.3265435993671417,0.05465342849493027,0.9976404905319214,-0.0415509007871151,0.3241884708404541,-0.057087913155555728,-0.9442684054374695],[-1521.984619140625,17.69681739807129,1282.6624755859376,-0.9700135588645935,0.08560173213481903,-0.22747743129730225,0.0909370630979538,0.995771050453186,-0.013058267533779145,0.22539761662483216,-0.03335282579064369,-0.9736958146095276],[-1520.36181640625,17.776958465576173,1292.7578125,-0.9815919995307922,0.13985051214694978,-0.13007284700870515,0.14198249578475953,0.9898428320884705,-0.007217939477413893,0.1277422457933426,-0.025553138926625253,-0.9914781451225281],[-1519.21875,17.68804359436035,1304.1881103515626,-0.9753649830818176,0.22022846341133119,-0.012748267501592636,0.22032707929611207,0.9754015207290649,-0.006913927849382162,0.010912035591900349,-0.00955239124596119,-0.9998948574066162],[-1518.98193359375,17.483150482177736,1314.922119140625,-0.9595696330070496,0.26574668288230898,0.09276240319013596,0.26521873474121096,0.9640164971351624,-0.01820056326687336,-0.09426122903823853,0.007137622218579054,-0.9955219030380249],[-1519.5274658203126,17.565092086791993,1324.119873046875,-0.9428803324699402,0.2816595733165741,0.17788904905319215,0.27860498428344729,0.9594670534133911,-0.04245292395353317,-0.18263594806194306,0.009532746858894825,-0.983134388923645],[-1520.7952880859376,17.876605987548829,1332.9365234375,-0.925899088382721,0.28043222427368166,0.2531179189682007,0.2736670672893524,0.9598039984703064,-0.06231045722961426,-0.26041746139526369,0.011576846241950989,-0.9654266834259033],[-1522.685302734375,18.28306770324707,1341.3729248046876,-0.9072179794311523,0.2780151069164276,0.31569474935531618,0.26946577429771426,0.9603617191314697,-0.07136920839548111,-0.32302287220954897,0.020321503281593324,-0.9461729526519775],[-1524.9835205078126,18.91292381286621,1349.0028076171876,-0.8862003684043884,0.2821241617202759,0.3674980700016022,0.2649312913417816,0.9593162536621094,-0.09758982807397843,-0.3800792992115021,0.010877595283091069,-0.9248899221420288],[-1528.3056640625,19.891921997070314,1357.41552734375,-0.8599926233291626,0.2913997769355774,0.41892585158348086,0.25814470648765566,0.9565650224685669,-0.135442316532135,-0.4401976764202118,-0.008335904218256474,-0.8978621959686279],[-1532.201171875,20.77791976928711,1365.4580078125,-0.8324113488197327,0.31170305609703066,0.45818400382995608,0.2735636830329895,0.9501790404319763,-0.14940768480300904,-0.48192766308784487,0.0009738472872413695,-0.8762104511260986],[-1536.5018310546876,21.70110321044922,1373.3983154296876,-0.8118116855621338,0.3184521198272705,0.4894384741783142,0.2901628911495209,0.9473880529403687,-0.13513465225696565,-0.506722092628479,0.032312989234924319,-0.8615037202835083],[-1540.2525634765626,22.652667999267579,1380.1900634765626,-0.8066511750221252,0.3042621910572052,0.5066936016082764,0.28588172793388369,0.9512098431587219,-0.11606685072183609,-0.5172867178916931,0.05122899264097214,-0.854277491569519],[-1544.1578369140626,23.807844161987306,1387.36376953125,-0.8150793313980103,0.2914935052394867,0.5006767511367798,0.24588580429553986,0.9565619826316834,-0.15661834180355073,-0.5245816111564636,-0.004547065123915672,-0.8513480424880981],[-1548.3907470703126,24.152721405029298,1394.652099609375,-0.8336412310600281,0.22580960392951966,0.504036009311676,0.1987236887216568,0.9741164445877075,-0.10773155838251114,-0.5153165459632874,0.010354412719607354,-0.8569373488426209],[-1553.815673828125,24.128442764282228,1402.8680419921876,-0.8449430465698242,0.0909283310174942,0.5270704627037048,0.09944028407335282,0.9949682950973511,-0.01223637256771326,-0.5255310535430908,0.042072996497154239,-0.8497334718704224],[-1558.86376953125,23.978559494018556,1409.9241943359376,-0.8460313081741333,0.0073361266404390339,0.5330827236175537,0.006745349150151014,0.9999725818634033,-0.0030560900922864677,-0.5330905318260193,0.0010102810338139535,-0.8460575938224793],[-1563.68603515625,24.520538330078126,1416.89111328125,-0.8465114235877991,-0.04049880802631378,0.5308279395103455,-0.06603489071130753,0.9973896145820618,-0.029211342334747316,-0.52825927734375,-0.059780899435281757,-0.8469760417938232],[-1568.538330078125,24.886003494262697,1424.380126953125,-0.8440410494804382,-0.04573119059205055,0.534325122833252,-0.07971198856830597,0.9959878325462341,-0.040672775357961658,-0.5303213000297546,-0.07692161202430725,-0.8442999720573425],[-1573.5313720703126,25.123823165893556,1432.721435546875,-0.8494345545768738,-0.029114849865436555,0.526890218257904,-0.06007331609725952,0.9973209500312805,-0.04173829406499863,-0.5242634415626526,-0.0671059861779213,-0.8489078879356384],[-1577.7965087890626,25.384883880615236,1440.7271728515626,-0.8658408522605896,-0.013199145905673504,0.5001453757286072,-0.041421838104724887,0.9981111884117127,-0.04536781832575798,-0.49860191345214846,-0.059998251497745517,-0.8647521734237671],[-1581.107666015625,25.634496688842775,1448.0667724609376,-0.8899497985839844,-0.010923024266958237,0.45592761039733889,-0.03652007877826691,0.998209536075592,-0.047370608896017078,-0.45459386706352236,-0.05880797654390335,-0.8887553215026856],[-1584.27197265625,25.87924575805664,1456.671142578125,-0.9182189702987671,-0.011950471438467503,0.39589279890060427,-0.03278188779950142,0.9984082579612732,-0.04589500650763512,-0.3947141468524933,-0.05511977896094322,-0.9171491265296936],[-1587.133056640625,26.02263069152832,1464.7901611328126,-0.9304969310760498,-0.0066846814006567,0.36623865365982058,-0.02238309383392334,0.9990026950836182,-0.03863433375954628,-0.3656151294708252,-0.04414668306708336,-0.9297186136245728],[-1590.6781005859376,26.18642234802246,1474.3243408203126,-0.9325106143951416,0.005925405770540237,0.36109402775764468,-0.006707746535539627,0.9994087219238281,-0.033722370862960818,-0.3610803484916687,-0.03386859595775604,-0.9319194555282593],[-1594.0936279296876,26.322113037109376,1483.2205810546876,-0.9327947497367859,0.007324580568820238,0.36033356189727785,-0.004374385811388493,0.9994897246360779,-0.03164081275463104,-0.36038145422935488,-0.031090624630451204,-0.9322867393493652],[-1597.7091064453126,26.438568115234376,1492.5379638671876,-0.9324754476547241,0.0054022627882659439,0.3611929416656494,-0.004414858762174845,0.9996430277824402,-0.02634902484714985,-0.3612063527107239,-0.026164434850215913,-0.9321187734603882],[-1601.3228759765626,26.521089553833009,1501.146484375,-0.9261071085929871,0.006952650845050812,0.3771965503692627,-0.0024473806843161585,0.9996984004974365,-0.024435775354504586,-0.3772526979446411,-0.023553289473056794,-0.9258108139038086],[-1605.65283203125,26.520862579345704,1510.3673095703126,-0.9133186340332031,0.008281881920993328,0.4071614742279053,0.0011867978610098363,0.9998430609703064,-0.017675193026661874,-0.4072439670562744,-0.015659864991903306,-0.913185179233551],[-1610.1307373046876,26.552804946899415,1519.57763671875,-0.9056210517883301,0.007085276301950216,0.4240286648273468,0.0012347062584012747,0.999900221824646,-0.014070730656385422,-0.4240860641002655,-0.012219198979437352,-0.9055394530296326],[-1614.3575439453126,26.545082092285158,1528.526123046875,-0.9048071503639221,0.00703922426328063,0.42576342821121218,0.001178498612716794,0.9999009370803833,-0.014027068391442299,-0.425819993019104,-0.012190029956400395,-0.9047257900238037],[-1618.6029052734376,26.54798126220703,1537.54443359375,-0.9047829508781433,0.0070503950119018559,0.4258146286010742,0.0011788471601903439,0.9999005794525147,-0.014050934463739396,-0.425871342420578,-0.012211075983941555,-0.9047013521194458],[-1622.9595947265626,26.556354522705079,1546.596923828125,-0.9023377299308777,0.007197148632258177,0.43096962571144106,0.0012264905963093043,0.9998993873596191,-0.014130267314612866,-0.43102797865867617,-0.012221693061292172,-0.9022557735443115],[-1627.7037353515626,26.559005737304689,1555.553955078125,-0.8910595178604126,0.007858304306864739,0.4538184106349945,0.0014932476915419102,0.999895453453064,-0.01438220776617527,-0.4538840055465698,-0.012137739919126034,-0.8909780979156494],[-1632.0931396484376,26.55897331237793,1563.8536376953126,-0.8875176906585693,0.007639529649168253,0.4607103168964386,0.00136578269302845,0.9999017715454102,-0.013949379324913025,-0.4607716202735901,-0.011751091107726097,-0.8874409198760986],[-1637.3807373046876,26.5588321685791,1573.9537353515626,-0.8864521980285645,0.0077214110642671589,0.4627557694911957,0.0014818370109423996,0.9999030232429504,-0.013845499604940415,-0.46281781792640688,-0.01158764399588108,-0.8863776922225952],[-1642.220947265625,26.55970573425293,1582.607177734375,-0.8779804110527039,0.008301881141960621,0.4786245822906494,0.00167632638476789,0.9998968243598938,-0.014268473722040654,-0.4786936640739441,-0.011725109070539475,-0.8779036998748779],[-1647.3348388671876,26.558116912841798,1591.6297607421876,-0.8735618591308594,0.008258442394435406,0.48664307594299319,0.0013982985401526094,0.9998944997787476,-0.014458379708230496,-0.48671114444732668,-0.011949816718697548,-0.8734812140464783],[-1652.814208984375,26.548660278320314,1601.4410400390626,-0.8733004331588745,0.008011684753000737,0.4871162176132202,0.0013541821390390397,0.9999008178710938,-0.014017768204212189,-0.487180233001709,-0.011582078412175179,-0.873224675655365],[-1657.541015625,26.546411514282228,1609.906982421875,-0.8732075691223145,0.007881618104875088,0.487284779548645,0.0012959162704646588,0.9999032616615295,-0.013850733637809754,-0.4873467683792114,-0.011463085189461708,-0.8731333017349243],[-1663.091796875,26.542781829833986,1619.8587646484376,-0.8732650279998779,0.007759388070553541,0.48718371987342837,0.0013148403959348798,0.9999070763587952,-0.013568727299571038,-0.48724374175071719,-0.011208525858819485,-0.8731940984725952],[-1668.4964599609376,26.537227630615236,1629.540771484375,-0.8732690215110779,0.007718635257333517,0.48717716336250307,0.0012910577934235335,0.9999076724052429,-0.013527895323932171,-0.4872365891933441,-0.011184518225491047,-0.873198390007019],[-1673.3681640625,26.545333862304689,1638.2314453125,-0.8726385235786438,0.00761736836284399,0.48830732703208926,0.0012726170243695379,0.9999104142189026,-0.013323887251317501,-0.4883650541305542,-0.011005508713424206,-0.8725700378417969],[-1679.2357177734376,26.5481014251709,1647.9779052734376,-0.8618321418762207,0.008549465797841549,0.5071215629577637,0.0017571451608091593,0.9999022483825684,-0.01387096755206585,-0.5071905851364136,-0.011063359677791596,-0.8617629408836365],[-1686.287841796875,26.55913734436035,1658.244140625,-0.8346678614616394,0.014940288849174977,0.5505509376525879,0.00817807950079441,0.999858021736145,-0.014734671451151371,-0.5506929159164429,-0.007796107325702906,-0.8346714973449707],[-1692.4415283203126,26.559402465820314,1666.711669921875,-0.8198540806770325,0.014257960952818394,0.5723949074745178,0.007608258165419102,0.9998729228973389,-0.014008661732077599,-0.5725219249725342,-0.007130130659788847,-0.8198583722114563],[-1699.0904541015626,26.545259475708009,1676.09033203125,-0.8173601627349854,0.013576529920101166,0.575967013835907,0.006928632035851479,0.9998816251754761,-0.013736437074840069,-0.5760853290557861,-0.007236953359097242,-0.8173575401306152],[-1704.802734375,26.539405822753908,1684.182373046875,-0.81719970703125,0.013224289752542973,0.5762028694152832,0.006706381682306528,0.999887228012085,-0.013436838984489441,-0.5763155817985535,-0.007116344757378101,-0.817196249961853],[-1711.951416015625,26.531930923461915,1694.3192138671876,-0.8172810673713684,0.01276395097374916,0.5760977864265442,0.006577882915735245,0.9998961687088013,-0.012821860611438752,-0.5762016773223877,-0.006689560133963823,-0.8172801733016968],[-1718.447509765625,26.529043197631837,1703.533203125,-0.8172659873962402,0.012461034581065178,0.5761258602142334,0.006497490219771862,0.9999018907546997,-0.012409848161041737,-0.5762239694595337,-0.006398774683475494,-0.8172667622566223],[-1725.0869140625,26.52784538269043,1712.948974609375,-0.8172553181648254,0.012288084253668785,0.5761447548866272,0.006448324769735336,0.9999050498008728,-0.012179212644696236,-0.5762397050857544,-0.006238357629626989,-0.8172569274902344],[-1732.4521484375,26.524396896362306,1723.3944091796876,-0.8172538876533508,0.012165890075266362,0.5761493444442749,0.006425316911190748,0.999907374382019,-0.011999748647212983,-0.5762419700622559,-0.006104899104684591,-0.8172563314437866],[-1739.7109375,26.522554397583009,1733.69140625,-0.8173349499702454,0.012031369842588902,0.5760371685028076,0.006363016553223133,0.9999094605445862,-0.011856118217110634,-0.5761277079582214,-0.006025085691362619,-0.8173375129699707],[-1748.0535888671876,26.558996200561525,1745.5302734375,-0.8173287510871887,0.01337321288883686,0.5760164260864258,0.0063277049921453,0.9998786449432373,-0.014235315844416619,-0.5761368870735169,-0.00799007061868906,-0.8173141479492188],[-1755.9964599609376,26.780874252319337,1756.8070068359376,-0.8173177242279053,0.022575685754418374,0.5757448673248291,0.006272023543715477,0.9995214939117432,-0.030288847163319589,-0.5761531591415405,-0.021144526079297067,-0.8170682191848755],[-1764.4635009765626,27.280969619750978,1768.82861328125,-0.8172484040260315,0.032662998884916309,0.5753591656684876,0.006246697623282671,0.9988359212875366,-0.047830767929553989,-0.5762516856193543,-0.03549552708864212,-0.8165010809898377],[-1772.8236083984376,28.01312255859375,1780.697265625,-0.8172783851623535,0.04232123866677284,0.5746868848800659,0.006170294247567654,0.9978849291801453,-0.0647115483880043,-0.5762100219726563,-0.049341361969709399,-0.8158109188079834],[-1781.376220703125,29.015525817871095,1792.8406982421876,-0.8172689080238342,0.0522594228386879,0.5738819241523743,0.006090706679970026,0.9966071248054504,-0.08208024501800537,-0.5762242674827576,-0.0635862797498703,-0.8148143291473389],[-1790.113037109375,30.302101135253908,1805.2474365234376,-0.8173760771751404,0.062313511967659,0.572724461555481,0.006046935450285673,0.9950063228607178,-0.09962856769561768,-0.5760726928710938,-0.07797078043222428,-0.8136711716651917],[-1799.3687744140626,31.95893096923828,1818.3946533203126,-0.817264974117279,0.07297289371490479,0.5716230273246765,0.0056987241841852669,0.9929247498512268,-0.11860828101634979,-0.5762338638305664,-0.09367687255144119,-0.8118985295295715],[-1807.7410888671876,33.7060432434082,1830.2947998046876,-0.8172476291656494,0.08242565393447876,0.5703615546226502,0.00568589149042964,0.9908236265182495,-0.13504153490066529,-0.5762585997581482,-0.1071193665266037,-0.8102169036865234],[-1816.63818359375,35.62118911743164,1842.9434814453126,-0.8173078298568726,0.08279458433389664,0.5702218413352966,0.005647988058626652,0.9907262921333313,-0.1357552856206894,-0.5761735439300537,-0.10773325711488724,-0.810196042060852],[-1825.701171875,37.553524017333987,1855.81982421875,-0.8172467947006226,0.08280708640813828,0.5703074932098389,0.005643376149237156,0.9907251596450806,-0.13576366007328034,-0.5762602090835571,-0.10773395746946335,-0.8101342916488648],[-1835.665771484375,39.6793327331543,1869.9739990234376,-0.8172022104263306,0.08280109614133835,0.5703722834587097,0.005654354114085436,0.9907306432723999,-0.13572333753108979,-0.5763233304023743,-0.10768832266330719,-0.8100954294204712],[-1842.407470703125,41.120643615722659,1879.5478515625,-0.8171988725662231,0.08278647065162659,0.5703791975975037,0.00565818278118968,0.9907349944114685,-0.13569147884845735,-0.5763280391693115,-0.