{"DriveData":[[-4961.88037109375,12.7710542678833,607.1450805664063,0.1304272711277008,0.018711432814598085,0.991281270980835,-0.05013152211904526,0.9986674189567566,-0.012254827655851841,-0.9901896715164185,-0.048096075654029849,0.13119150698184968],[-4965.8212890625,12.766757011413575,606.6260986328125,0.13042955100536347,0.018567267805337907,0.9912837147712708,-0.05013248696923256,0.9986691474914551,-0.012109349481761456,-0.9901893138885498,-0.04811610281467438,0.13118679821491242],[-4969.73486328125,12.767223358154297,606.11083984375,0.13048727810382844,0.018586155027151109,0.9912757277488709,-0.05012260377407074,0.998669445514679,-0.01212686114013195,-0.9901822209358215,-0.04810292273759842,0.13124525547027589],[-4973.96484375,12.775318145751954,605.6288452148438,0.12502987682819367,0.018769608810544015,0.9919754266738892,-0.050102125853300098,0.9986648559570313,-0.01258124504238367,-0.9908871054649353,-0.04812704771757126,0.12580333650112153],[-4978.24365234375,12.77541446685791,605.1349487304688,0.12197797745466232,0.018878014758229257,0.9923532605171204,-0.05005751550197601,0.9986637234687805,-0.012845098040997982,-0.9912697076797485,-0.04810791835188866,0.12275996804237366],[-4982.55126953125,12.774736404418946,604.6099853515625,0.1216748058795929,0.018889613449573518,0.9923902750015259,-0.050057828426361087,0.9986633658409119,-0.01287153735756874,-0.9913069605827332,-0.04811076074838638,0.12245774269104004],[-4987.41552734375,12.77559757232666,604.013916015625,0.12163432687520981,0.018906904384493829,0.9923948645591736,-0.05006701126694679,0.9986626505851746,-0.012889781035482884,-0.9913114309310913,-0.04811840504407883,0.12241827696561814],[-4992.3076171875,12.774107933044434,603.4133911132813,0.12163592129945755,0.018922369927167894,0.9923943877220154,-0.05007079243659973,0.9986622929573059,-0.012904798611998558,-0.9913110733032227,-0.04812028631567955,0.12242066860198975],[-4997.59912109375,12.772403717041016,602.7638549804688,0.12163900583982468,0.01895011216402054,0.9923934936523438,-0.05007318779826164,0.9986618161201477,-0.01293226983398199,-0.9913105368614197,-0.048119235783815387,0.1224251240491867],[-5002.89013671875,12.773444175720215,602.1142578125,0.12164025008678436,0.01896798424422741,0.9923930168151856,-0.05007470026612282,0.9986615180969238,-0.012950007803738118,-0.9913103580474854,-0.04811853915452957,0.12242725491523743],[-5008.5791015625,12.773810386657715,601.4158325195313,0.12164201587438584,0.018981661647558214,0.9923925399780273,-0.05007581040263176,0.9986612796783447,-0.012963547371327877,-0.9913100600242615,-0.048117950558662418,0.12242969870567322],[-5014.455078125,12.773371696472168,600.6944580078125,0.12164108455181122,0.018993861973285676,0.9923924207687378,-0.05007755011320114,0.9986610412597656,-0.012975655496120453,-0.9913100600242615,-0.04811820760369301,0.12242937833070755],[-5020.28125,12.771563529968262,599.9793701171875,0.12163925170898438,0.01901143603026867,0.9923923015594482,-0.05008115991950035,0.9986606240272522,-0.012992983683943749,-0.9913101196289063,-0.04811969771981239,0.12242844700813294],[-5025.9951171875,12.767814636230469,599.2777709960938,0.1216316819190979,0.0185474194586277,0.9924020171165466,-0.05009230226278305,0.9986660480499268,-0.01252503227442503,-0.9913104772567749,-0.048188261687755588,0.12239851802587509],[-5032.10693359375,12.765068054199219,598.527587890625,0.1216314285993576,0.01840551383793354,0.9924046993255615,-0.05009640008211136,0.9986676573753357,-0.012381738051772118,-0.9913102984428406,-0.04820989444851875,0.12239141762256623],[-5037.92724609375,12.763476371765137,597.813720703125,0.12168465554714203,0.018196754157543184,0.9924020171165466,-0.05009109154343605,0.9986705183982849,-0.01216970942914486,-0.9913040399551392,-0.0482296347618103,0.12243437021970749],[-5043.8251953125,12.761425018310547,597.0895385742188,0.12168911844491959,0.018218429759144784,0.9924010634422302,-0.050095636397600177,0.9986700415611267,-0.012190742418169976,-0.9913032650947571,-0.04823147878050804,0.12243993580341339],[-5049.625,12.760784149169922,596.37744140625,0.12168990075588227,0.018235767260193826,0.9924006462097168,-0.05009600147604942,0.9986698031425476,-0.012208106927573681,-0.9913031458854675,-0.048229701817035678,0.12244156748056412],[-5056.037109375,12.759493827819825,595.5902709960938,0.12169801443815232,0.018250854685902597,0.9923993349075317,-0.05009767413139343,0.9986695051193237,-0.012222685851156712,-0.9913020730018616,-0.04822942242026329,0.12245042622089386],[-5062.60205078125,12.756210327148438,594.7838134765625,0.1216980591416359,0.01828918606042862,0.9923986792564392,-0.05010358616709709,0.9986687898635864,-0.012260525487363339,-0.9913017749786377,-0.048230648040771487,0.12245240807533264],[-5069.07177734375,12.757444381713868,593.9892578125,0.12169981002807617,0.018299831077456476,0.9923982620239258,-0.05010393261909485,0.9986686110496521,-0.012271109968423844,-0.9913015365600586,-0.04822966083884239,0.1224546730518341],[-5075.68896484375,12.755036354064942,593.1766967773438,0.12170019745826721,0.018320631235837938,0.9923977851867676,-0.050106316804885867,0.9986682534217835,-0.012291728518903256,-0.9913013577461243,-0.04822949320077896,0.12245609611272812],[-5082.4541015625,12.755255699157715,592.3460693359375,0.12169977277517319,0.018332364037632943,0.992397665977478,-0.05010710656642914,0.9986680746078491,-0.012303457595407963,-0.991301417350769,-0.04822884500026703,0.12245626002550125],[-5089.3671875,12.752135276794434,591.4968872070313,0.12169881165027619,0.01835436001420021,0.9923973679542542,-0.050111573189496997,0.9986675977706909,-0.012325087562203408,-0.9913012981414795,-0.048230648040771487,0.12245642393827439],[-5096.4287109375,12.750458717346192,590.6297607421875,0.1216987669467926,0.01837102882564068,0.9923970699310303,-0.05011450871825218,0.9986672401428223,-0.012341502122581005,-0.9913011193275452,-0.048231545835733417,0.12245722860097885],[-5103.634765625,12.746973037719727,589.7454223632813,0.12183414399623871,0.01894085481762886,0.9923697113990784,-0.0501302070915699,0.9986593127250671,-0.01290636882185936,-0.9912837147712708,-0.04817526414990425,0.12262030690908432],[-5111.271484375,12.744853973388672,588.8067626953125,0.1218331977725029,0.018953975290060045,0.9923695921897888,-0.050135329365730289,0.9986588954925537,-0.012918984517455101,-0.9912835955619812,-0.048178814351558688,0.12262006849050522],[-5118.767578125,12.744918823242188,587.8849487304688,0.12183352559804917,0.01896984688937664,0.9923692345619202,-0.05013944208621979,0.9986584782600403,-0.012934433296322823,-0.9912832975387573,-0.048180993646383288,0.12262121587991715],[-5126.40283203125,12.742179870605469,586.9462280273438,0.1218300610780716,0.018994642421603204,0.9923692345619202,-0.05014660581946373,0.9986578226089478,-0.012958668172359467,-0.9912834167480469,-0.04818519204854965,0.12261905521154404],[-5134.17431640625,12.73424243927002,585.9910278320313,0.12182621657848358,0.019029492512345315,0.9923689961433411,-0.05015871673822403,0.9986567497253418,-0.012992429547011853,-0.9912832379341126,-0.04819313809275627,0.12261706590652466],[-5142.0361328125,12.729747772216797,585.024169921875,0.12182439863681793,0.01858082041144371,0.992377758026123,-0.05017443746328354,0.9986617565155029,-0.012539058923721314,-0.9912827014923096,-0.048264432698488238,0.12259364873170853],[-5149.8486328125,12.719976425170899,584.064697265625,0.12200365215539932,0.01832616701722145,0.9923604726791382,-0.0501558817923069,0.9986659288406372,-0.0122763030230999,-0.9912615418434143,-0.04827496036887169,0.12276005744934082],[-5157.58447265625,12.722719192504883,583.1117553710938,0.12200236320495606,0.01833660714328289,0.9923604130744934,-0.05016142129898071,0.9986655712127686,-0.012286188080906868,-0.9912614226341248,-0.04827926307916641,0.12275934964418411],[-5164.953125,12.715433120727539,582.2050170898438,0.12200009077787399,0.018257200717926027,0.9923621416091919,-0.05016830191016197,0.9986661672592163,-0.012205535545945168,-0.99126136302948,-0.04829604923725128,0.12275329977273941],[-5172.45458984375,12.720331192016602,581.288818359375,0.1217394769191742,0.017646560445427896,0.9924052357673645,-0.050248052924871448,0.998669445514679,-0.011593963950872422,-0.9912893772125244,-0.04845498502254486,0.12246420234441757],[-5179.517578125,12.825881958007813,580.5003662109375,0.1164034903049469,0.026375997811555864,0.992851734161377,-0.0499989353120327,0.9985354542732239,-0.020665038377046586,-0.9919427037239075,-0.04723604395985603,0.1175517812371254],[-5186.3232421875,13.136228561401368,579.6827392578125,0.1166355162858963,0.051859334111213687,0.9918199181556702,-0.05002495273947716,0.9976750016212463,-0.04628267139196396,-0.9919141530990601,-0.044217538088560107,0.11895859986543656],[-5192.5400390625,12.951370239257813,579.0007934570313,0.1193283349275589,0.03231007605791092,0.9923290014266968,-0.0496385432779789,0.9984145760536194,-0.02653914876282215,-0.9916132092475891,-0.04609089344739914,0.12074297666549683],[-5198.3935546875,12.385143280029297,578.5867919921875,0.10445141792297363,-0.03896507993340492,0.9937663674354553,-0.04727839678525925,0.9979079365730286,0.04409674182534218,-0.9934055805206299,-0.05158964917063713,0.10239069163799286],[-5203.66259765625,12.766369819641114,578.6626586914063,0.06205467879772186,-0.046157024800777438,0.9970048666000366,-0.040134888142347339,0.9980067014694214,0.048701442778110507,-0.9972654581069946,-0.04303683340549469,0.06007847562432289],[-5208.54638671875,12.83814525604248,579.2903442382813,-0.005558997858315706,-0.0008537839166820049,0.9999842047691345,-0.04052054136991501,0.9991785287857056,0.000627838890068233,-0.9991632699966431,-0.040516410022974017,-0.0055890269577503208],[-5213.17529296875,12.60583782196045,580.1754150390625,-0.07304291427135468,0.042626768350601199,0.9964174032211304,-0.030419079586863519,0.9985261559486389,-0.04494686797261238,-0.9968647956848145,-0.03359315171837807,-0.07163859158754349],[-5217.43701171875,12.702699661254883,580.8232421875,-0.09664642810821533,0.01527358777821064,0.995201587677002,-0.00731585593894124,0.9998443126678467,-0.016055302694439889,-0.9952918887138367,-0.008832438848912716,-0.09651964157819748],[-5221.51123046875,12.712388038635254,581.1754150390625,-0.09104851633310318,0.01211179606616497,0.9957727789878845,0.002970278263092041,0.999924898147583,-0.011890711262822152,-0.9958420395851135,0.0018750905292108656,-0.09107765555381775],[-5225.57958984375,12.72222900390625,581.1902465820313,-0.06537158042192459,0.012434013187885285,0.9977835416793823,0.002985200844705105,0.9999203085899353,-0.012265061028301716,-0.9978564977645874,0.002176797715947032,-0.06540349125862122],[-5229.8095703125,12.718791961669922,580.8460083007813,-0.021334778517484666,0.012650580145418644,0.9996923208236694,0.002513312269002199,0.9999174475669861,-0.012599791400134564,-0.9997692108154297,0.002243725350126624,-0.021364811807870866],[-5233.2021484375,12.847469329833985,580.3084106445313,0.023996954783797265,0.02195013500750065,0.9994710087776184,0.003009251318871975,0.9997528195381165,-0.022028574720025064,-0.9997075200080872,0.003536278149113059,0.023924969136714937],[-5236.7236328125,13.063383102416993,579.3598022460938,0.08729533106088638,0.04154175892472267,0.9953159093856812,0.0019542663358151914,0.9991210699081421,-0.04187197610735893,-0.996180534362793,0.005600340664386749,0.08713742345571518],[-5240.39111328125,12.854593276977539,577.9799194335938,0.16367344558238984,0.024070043116807939,0.9862208962440491,0.002330855233594775,0.999690055847168,-0.024785606190562249,-0.9865118265151978,0.006355483550578356,0.16356660425662995],[-5244.11376953125,12.676595687866211,575.9943237304688,0.26131007075309756,0.008189788088202477,0.9652201533317566,0.010638915002346039,0.9998788237571716,-0.01136409305036068,-0.9651962518692017,0.013238446786999703,0.2611912786960602],[-5247.41845703125,12.576314926147461,573.6962280273438,0.35274025797843935,-0.009695450775325299,0.9356710314750671,0.012836490757763386,0.9999023675918579,0.005521766375750303,-0.9356332421302795,0.010062983259558678,0.35283029079437258],[-5250.455078125,12.566052436828614,571.4193115234375,0.43331292271614077,-0.04279171675443649,0.9002270698547363,0.013908298686146737,0.9990707039833069,0.04079560190439224,-0.9011362195014954,-0.005156634375452995,0.43350541591644289],[-5253.56982421875,12.473101615905762,568.99755859375,0.48767003417015078,-0.03942424803972244,0.8721374273300171,0.02077401615679264,0.9992210268974304,0.03355282172560692,-0.8727807998657227,0.0017550914781168104,0.48810914158821108],[-5256.6435546875,12.489419937133789,566.6945190429688,0.5213848948478699,-0.026216767728328706,0.852918803691864,0.029288074001669885,0.9994888305664063,0.012818343937397004,-0.8528188467025757,0.01829705946147442,0.5218861699104309],[-5259.9521484375,12.432077407836914,564.5064697265625,0.5306342244148254,-0.01763542741537094,0.847417414188385,0.033820588141679767,0.999427855014801,-0.00037882878677919507,-0.8469259142875671,0.02886117622256279,0.5309270620346069],[-5263.46875,12.386768341064454,562.427734375,0.5239380598068237,-0.005204946734011173,0.8517404794692993,0.03395313397049904,0.9993141293525696,-0.014779104851186276,-0.8510793447494507,0.036662593483924869,0.5237554311752319],[-5267.13916015625,12.556326866149903,560.5537109375,0.5056159496307373,0.010029638186097145,0.862700343132019,0.033980317413806918,0.9989250898361206,-0.03152872994542122,-0.862089216709137,0.04525626078248024,0.5047315955162048],[-5271.22900390625,12.550058364868164,558.8345947265625,0.46794676780700686,0.011864100582897663,0.8836770057678223,0.03256453946232796,0.9989993572235107,-0.030656788498163224,-0.8831564784049988,0.04312228038907051,0.4670921564102173],[-5275.2509765625,12.586718559265137,557.3497314453125,0.4320588707923889,0.0156842153519392,0.9017090201377869,0.03289378434419632,0.9989094138145447,-0.033136144280433658,-0.9012452960014343,0.04397738724946976,0.43107175827026369],[-5279.93701171875,12.594959259033204,555.3489379882813,0.4188697338104248,0.01626034639775753,0.9079007506370544,0.0334123820066452,0.9988865852355957,-0.03330504521727562,-0.907431423664093,0.0442856028676033,0.4178600311279297],[-5284.251953125,12.634228706359864,553.3733520507813,0.4158744812011719,0.010616547428071499,0.9093600511550903,0.03254823386669159,0.9991174936294556,-0.02654961310327053,-0.9088394045829773,0.04063937067985535,0.4151619076728821],[-5288.84619140625,12.676223754882813,551.1797485351563,0.41752779483795168,0.008899303153157235,0.9086205959320068,0.020049093291163446,0.9996183514595032,-0.0190034881234169,-0.9084429144859314,0.02615150436758995,0.4171900451183319],[-5293.16162109375,12.696725845336914,549.0818481445313,0.4201868176460266,0.013733390718698502,0.9073336720466614,0.008462798781692982,0.9997826814651489,-0.019051825627684594,-0.9073981642723084,0.015683908015489579,0.4199792742729187],[-5298.16748046875,12.701787948608399,546.7353515625,0.4206928610801697,0.014831003732979298,0.9070819020271301,0.0052756755612790588,0.9998094439506531,-0.01879391260445118,-0.9071877598762512,0.01269193459302187,0.4205344617366791],[-5302.9296875,12.702527046203614,544.5255126953125,0.4206996262073517,0.014719327911734581,0.9070805907249451,0.005280659068375826,0.9998117089271545,-0.018673233687877656,-0.9071846008300781,0.01264580525457859,0.4205426573753357],[-5308.0263671875,12.706000328063965,542.2308959960938,0.41655343770980837,0.014740773476660252,0.9089916944503784,0.0051054577343165878,0.9998148679733276,-0.0185532383620739,-0.909096896648407,0.01236923411488533,0.4164010286331177],[-5313.33056640625,12.709291458129883,540.1627197265625,0.3951486349105835,0.0153487678617239,0.9184889793395996,0.0031924990471452476,0.9998314380645752,-0.018081536516547204,-0.9186116456985474,0.010077170096337796,0.39503300189971926],[-5319.07666015625,12.711668014526368,538.3992919921875,0.35239046812057497,0.017015328630805017,0.935698390007019,-0.0020954953506588938,0.9998465180397034,-0.017392661422491075,-0.9358507394790649,0.004168256651610136,0.35237205028533938],[-5324.8349609375,12.703081130981446,537.1610717773438,0.29460418224334719,0.0171896293759346,0.9554647207260132,-0.007430945057421923,0.9998492002487183,-0.015696914866566659,-0.9555904865264893,-0.0024756286293268205,0.29468750953674319],[-5330.078125,12.732057571411133,536.5215454101563,0.231668159365654,0.01820623129606247,0.9726244807243347,-0.010797438211739064,0.9998114109039307,-0.016143305227160455,-0.9727349281311035,-0.006761963479220867,0.23182103037834168],[-5335.95458984375,12.74199390411377,535.8917236328125,0.18365252017974854,0.018160205334424974,0.9828234910964966,-0.009788365103304387,0.9998135566711426,-0.016645066440105439,-0.9829424619674683,-0.006563326343894005,0.18379603326320649],[-5342.4892578125,12.741826057434082,534.9447021484375,0.16789008677005769,0.01756833679974079,0.9856491684913635,-0.008399667218327523,0.9998303651809692,-0.016390349715948106,-0.9857699275016785,-0.0055273473262786869,0.1680091768503189],[-5348.9404296875,12.74468994140625,534.0523681640625,0.15448078513145448,0.01731760986149311,0.9878439903259277,-0.008276272565126419,0.9998340010643005,-0.016233542934060098,-0.9879611134529114,-0.005667896009981632,0.15459845960140229],[-5355.54833984375,12.737793922424317,533.5286865234375,0.12127462029457092,0.01636897400021553,0.9924840331077576,-0.007867526262998581,0.999848484992981,-0.015529078431427479,-0.9925878047943115,-0.005925110541284084,0.12138502299785614],[-5362.54736328125,12.719589233398438,533.511962890625,0.06718897819519043,0.014728529378771782,0.9976315498352051,-0.007532492745667696,0.9998700022697449,-0.01425427570939064,-0.9977118372917175,-0.0065569221042096619,0.06729118525981903],[-5369.34814453125,12.721333503723145,534.1172485351563,-0.0036724116653203966,0.013470086269080639,0.9999025464057922,-0.010192172601819039,0.9998568296432495,-0.013506904244422913,-0.9999412894248962,-0.010240782052278519,-0.003534596413373947],[-5376.12646484375,12.737174987792969,535.4198608398438,-0.08910460025072098,0.012179957702755928,0.9959477782249451,-0.015144159086048603,0.9997930526733398,-0.013581887818872929,-0.9959071278572083,-0.016293000429868699,-0.08890170603990555],[-5382.79443359375,12.743989944458008,537.4577026367188,-0.18281619250774384,0.009900320321321488,0.98309725522995,-0.017388319596648217,0.9997603297233582,-0.013301647268235684,-0.9829933047294617,-0.0195261649787426,-0.1826002150774002],[-5389.25537109375,12.7385835647583,540.23046875,-0.28039684891700747,0.00740018580108881,0.9598556160926819,-0.01663789339363575,0.9997825622558594,-0.012568337842822075,-0.9597399830818176,-0.01949409767985344,-0.28021275997161868],[-5395.66845703125,12.697765350341797,543.8489990234375,-0.3818433880805969,0.00216491287574172,0.9242244958877564,-0.01562744937837124,0.999839186668396,-0.008798515424132347,-0.9240949153900147,-0.017802927643060685,-0.38174813985824587],[-5401.5205078125,12.632761001586914,548.0067749023438,-0.47521141171455386,-0.0017646722262725235,0.8798698782920837,-0.014635358937084675,0.9998754858970642,-0.00589909590780735,-0.8797498941421509,-0.015680529177188875,-0.475178062915802],[-5407.2685546875,12.51596736907959,552.876953125,-0.5576984882354736,-0.00039791682502254844,0.8300434947013855,-0.01332773920148611,0.9998752474784851,-0.008475450798869133,-0.8299365639686585,-0.015789348632097245,-0.5576342344284058],[-5412.33984375,12.469758987426758,558.209228515625,-0.6405075192451477,-0.003560870885848999,0.7679436802864075,-0.013225335627794266,0.9998921155929565,-0.006394271273165941,-0.7678380012512207,-0.014251891523599625,-0.6404854655265808],[-5416.83544921875,12.40703010559082,564.1422729492188,-0.7195011973381043,-0.006075580604374409,0.6944646239280701,-0.013149346224963665,0.9999016523361206,-0.004875680431723595,-0.6943666934967041,-0.012639814056456089,-0.7195103168487549],[-5420.67138671875,12.347883224487305,570.5957641601563,-0.7924557328224182,-0.011059301905333996,0.6098291277885437,-0.017237218096852304,0.9998423457145691,-0.0042670550756156448,-0.6096857786178589,-0.013893209397792817,-0.7925214171409607],[-5423.787109375,12.316522598266602,577.4900512695313,-0.8568026423454285,-0.021180417388677598,0.5152093172073364,-0.027800966054201127,0.9996002912521362,-0.005139636807143688,-0.5148944854736328,-0.018726971000432969,-0.8570489883422852],[-5426.18603515625,12.320509910583496,585.0521240234375,-0.9119093418121338,-0.02976301498711109,0.4093110263347626,-0.03668384253978729,0.9992858171463013,-0.009065431542694569,-0.40874889492988589,-0.023281952366232873,-0.9123498797416687],[-5427.97216796875,12.329130172729493,592.6524658203125,-0.9459804892539978,-0.02957363985478878,0.32287201285362246,-0.035777900367975238,0.9992713332176209,-0.013296617195010186,-0.32224351167678835,-0.024130024015903474,-0.9463492035865784],[-5429.7919921875,12.318115234375,600.46875,-0.9602921009063721,-0.02741498127579689,0.2776462733745575,-0.03255448862910271,0.9993730783462524,-0.013917088508605957,-0.2770906686782837,-0.02240310236811638,-0.9605825543403626],[-5431.76318359375,12.296405792236329,608.114990234375,-0.9633029103279114,-0.019808132201433183,0.26768484711647036,-0.024185040965676309,0.9996221661567688,-0.013063388876616955,-0.26732495427131655,-0.019057968631386758,-0.9634179472923279],[-5433.8056640625,12.288365364074707,616.1908569335938,-0.9664707183837891,-0.018677478656172754,0.25609657168388369,-0.022892622277140619,0.9996469616889954,-0.01348775066435337,-0.2557542324066162,-0.018898239359259607,-0.9665570855140686],[-5435.44091796875,12.28602409362793,624.4398193359375,-0.9744695425033569,-0.01890031434595585,0.22372286021709443,-0.022593189030885698,0.999647319316864,-0.013958005234599114,-0.22338014841079713,-0.018656263127923013,-0.9745528697967529],[-5436.56494140625,12.283472061157227,633.1240234375,-0.9849409461021423,-0.020796703174710275,0.171635702252388,-0.023416908457875253,0.9996379017829895,-0.013255398720502854,-0.17129789292812348,-0.017074963077902795,-0.9850713014602661],[-5437.01171875,12.357813835144043,641.350341796875,-0.9935773611068726,-0.024033494293689729,0.11057306081056595,-0.026114096865057946,0.9995074272155762,-0.0174067672342062,-0.11010024696588516,-0.02018248476088047,-0.9937155246734619],[-5436.8515625,12.42916488647461,649.6887817382813,-0.9987132549285889,-0.027241041883826257,0.04277638718485832,-0.028082139790058137,0.9994214773178101,-0.01918633282184601,-0.04222898557782173,-0.020362896844744684,-0.9989004135131836],[-5436.12060546875,12.280609130859375,657.4373168945313,-0.9990175366401672,-0.030425675213336946,-0.03222174942493439,-0.030418263748288156,0.9995369911193848,-0.0007202770211733878,0.0322287455201149,0.00026056027854792774,-0.9994804859161377],[-5434.55908203125,11.82364559173584,664.8041381835938,-0.9913152456283569,-0.0397346131503582,-0.12536057829856873,-0.046241119503974918,0.9977067708969116,0.04942570999264717,0.12310919165611267,0.05479327216744423,-0.9908792972564697],[-5432.01025390625,11.891779899597168,671.4033203125,-0.96500164270401,-0.06337284296751023,-0.2544713616371155,-0.07712847739458084,0.9960303902626038,0.04443656653165817,0.25064513087272646,0.06250835210084915,-0.9660588502883911],[-5428.57177734375,11.984382629394532,677.1580810546875,-0.9115325212478638,-0.10986322909593582,-0.3962809443473816,-0.11191369593143463,0.9935544729232788,-0.018022900447249414,0.39570677280426028,0.027920804917812349,-0.9179524183273315],[-5424.2275390625,12.050139427185059,682.250732421875,-0.842993438243866,-0.10655596107244492,-0.5272645354270935,-0.11330758780241013,0.9933667182922363,-0.019594695419073106,0.5258549451828003,0.043224871158599856,-0.8494752049446106],[-5419.26708984375,12.04934310913086,686.5143432617188,-0.7535123229026794,-0.09315908700227738,-0.6507999300956726,-0.1106535866856575,0.993758499622345,-0.014134588651359082,0.6480547189712524,0.06136275827884674,-0.7591177225112915],[-5413.83837890625,12.088508605957032,689.8416748046875,-0.6474165320396423,-0.08491188287734986,-0.7573914527893066,-0.10871992260217667,0.9939003586769104,-0.01849358156323433,0.7543420195579529,0.07037048786878586,-0.6526991128921509],[-5408.0556640625,12.1112060546875,692.2811889648438,-0.5321585536003113,-0.07329363375902176,-0.8434662818908691,-0.10621467232704163,0.9941544532775879,-0.019374990835785867,0.8399558067321777,0.07927792519330979,-0.5368326306343079],[-5401.79638671875,12.12739372253418,694.101318359375,-0.4145219326019287,-0.06072349473834038,-0.9080111384391785,-0.10388445109128952,0.9944064021110535,-0.019076254218816758,0.9040904641151428,0.08642071485519409,-0.4185115098953247],[-5395.32763671875,12.138118743896485,695.5755615234375,-0.32263708114624026,-0.05115450173616409,-0.9451394081115723,-0.10017265379428864,0.9947760701179504,-0.019645631313323976,0.9412070512771606,0.08833871781826019,-0.326075941324234],[-5388.845703125,12.116677284240723,696.8807373046875,-0.2732981741428375,-0.04088669642806053,-0.9610600471496582,-0.08810899406671524,0.9959602952003479,-0.017315777018666269,0.9578856229782105,0.07994566857814789,-0.2757966220378876],[-5382.2216796875,12.110392570495606,698.3966064453125,-0.261200875043869,-0.03442918136715889,-0.9646703004837036,-0.060232337564229968,0.9979975819587708,-0.01930970884859562,0.9634034037590027,0.053060632199048999,-0.26275157928466799],[-5375.2216796875,12.152862548828125,700.2010498046875,-0.26556676626205447,-0.027027415111660959,-0.963713526725769,-0.02818564511835575,0.999397337436676,-0.020261161029338838,0.9636803865432739,0.021782197058200837,-0.2661685049533844],[-5368.4248046875,12.203736305236817,702.345703125,-0.2924366295337677,-0.01738913729786873,-0.9561268091201782,0.006145634222775698,0.9997798204421997,-0.020062733441591264,0.9562651515007019,-0.011743083596229554,-0.2922653555870056],[-5361.4609375,12.213521957397461,705.3098754882813,-0.3482327461242676,-0.010711385868489743,-0.9373469352722168,0.025505056604743005,0.9994562864303589,-0.020896486937999727,0.937061071395874,-0.03118392638862133,-0.34777021408081057],[-5355.20703125,12.204671859741211,708.8336181640625,-0.4159586429595947,-0.006535431835800409,-0.9093600511550903,0.02573191188275814,0.9994891881942749,-0.018953444436192514,0.909019410610199,-0.0312834233045578,-0.4155780076980591],[-5348.72021484375,12.151357650756836,713.3282470703125,-0.49411001801490786,0.0012134498683735729,-0.8693985342979431,0.024967079982161523,0.9996063709259033,-0.012794491834938527,0.8690407872200012,-0.028028229251503946,-0.493945837020874],[-5342.8154296875,12.189346313476563,718.696044921875,-0.5874809622764587,0.0021430468186736109,-0.809235155582428,0.02382800728082657,0.9996086955070496,-0.014651231467723847,0.8088871240615845,-0.027889780700206758,-0.5873021483421326],[-5337.83837890625,12.19674301147461,724.6626586914063,-0.6814572811126709,0.00609755702316761,-0.7318325042724609,0.02343926765024662,0.9996341466903687,-0.013496985659003258,0.7314824461936951,-0.026351237669587137,-0.6813508868217468],[-5333.71484375,12.186653137207032,731.3299560546875,-0.7719947695732117,0.011852444149553776,-0.6355183124542236,0.02573748119175434,0.9995890259742737,-0.012622181326150895,0.6351075768470764,-0.026100900024175645,-0.7719826102256775],[-5330.56884765625,12.185391426086426,738.5928955078125,-0.8527884483337402,0.017876489087939264,-0.5219504237174988,0.028615232557058336,0.9995120763778687,-0.012520295567810536,0.5214719772338867,-0.02561289817094803,-0.8528839349746704],[-5328.47265625,12.18814468383789,746.3095703125,-0.9178262948989868,0.021652616560459138,-0.39639124274253847,0.028991520404815675,0.99950110912323,-0.012531472370028496,0.39592212438583376,-0.022993698716163636,-0.9179961681365967],[-5327.38427734375,12.192091941833496,754.3164672851563,-0.9630141258239746,0.02315409667789936,-0.2684541940689087,0.027540287002921106,0.9995414614677429,-0.012583918869495392,0.268039733171463,-0.019511796534061433,-0.9632102251052856],[-5326.90234375,12.198179244995118,762.4649658203125,-0.9859806895256043,0.023990817368030549,-0.16512572765350343,0.026357946917414666,0.999578595161438,-0.01215872447937727,0.16476444900035859,-0.016340643167495729,-0.9861975908279419],[-5326.74951171875,12.20369815826416,771.0220336914063,-0.9956475496292114,0.02245095744729042,-0.09045398235321045,0.023722028359770776,0.9996340274810791,-0.013001501560211182,0.09012898057699204,-0.015090664848685265,-0.9958157539367676],[-5326.55126953125,12.232295989990235,779.3200073242188,-0.9980512261390686,0.01156005822122097,-0.06131938844919205,0.012409776449203492,0.9998319149017334,-0.01349455676972866,0.06115308403968811,-0.014229219406843186,-0.998026967048645],[-5326.1875,12.241174697875977,787.0406494140625,-0.9983422160148621,0.0032655741088092329,-0.05746489018201828,0.004060861188918352,0.9998975396156311,-0.013728199526667595,0.05741417035460472,-0.013938797637820244,-0.9982531070709229],[-5325.693359375,12.236201286315918,795.8404541015625,-0.9983702301979065,0.002846792805939913,-0.0569978803396225,0.003631392028182745,0.9999000430107117,-0.01366657204926014,0.05695327743887901,-0.013851280324161053,-0.9982807636260986],[-5325.4140625,12.24429988861084,804.4625854492188,-0.9990654587745667,0.0029663301538676025,-0.04312155768275261,0.0035455115139484407,0.999904453754425,-0.013361099176108837,0.043077804148197177,-0.013501499779522419,-0.9989804625511169],[-5325.24267578125,12.244154930114746,813.1965942382813,-0.9994962811470032,0.0028851039241999389,-0.03160405531525612,0.003313389839604497,0.9999032616615295,-0.013507629744708538,0.03156203031539917,-0.013605542480945588,-0.9994091987609863],[-5324.9921875,12.239740371704102,822.0252075195313,-0.9995429515838623,0.0028070739936083557,-0.03010016679763794,0.0032081250101327898,0.999906599521637,-0.01328387949615717,0.030060065910220147,-0.013374373316764832,-0.9994586110115051],[-5324.73974609375,12.230992317199707,830.5772705078125,-0.9995484948158264,0.0028464016504585745,-0.029910732060670854,0.003230142407119274,0.9999129772186279,-0.012789057567715645,0.029871726408600808,-0.012879899702966214,-0.9994707703590393],[-5324.4755859375,12.232831954956055,839.3970947265625,-0.9995492696762085,0.0028016879223287107,-0.02988979034125805,0.0031871497631073,0.9999122619628906,-0.012856272049248219,0.029851149767637254,-0.012945740483701229,-0.9994705319404602],[-5324.2646484375,12.229948043823243,848.1510009765625,-0.9996504187583923,0.00288497400470078,-0.026281330734491349,0.003216455690562725,0.9999157190322876,-0.012579296715557576,0.026242824271321298,-0.01265943143516779,-0.9995754361152649],[-5324.41943359375,12.236858367919922,856.99267578125,-0.9999918341636658,0.0037528211250901224,-0.001487599452957511,0.0037722766865044834,0.999904453754425,-0.013299007900059224,0.0014375484315678478,-0.013304511085152626,-0.9999104738235474],[-5325.1259765625,12.241897583007813,865.5939331054688,-0.998985230922699,0.0070402855053544048,0.04448509216308594,0.006427999585866928,0.9998828172683716,-0.013891930691897869,-0.04457768425345421,-0.013591883704066277,-0.9989134669303894],[-5326.10791015625,12.245549201965332,874.6107177734375,-0.996895968914032,0.007186782080680132,0.07840132713317871,0.006092671304941177,0.9998807907104492,-0.014185545966029168,-0.07849393039941788,-0.013663840480148793,-0.9968209266662598],[-5326.9267578125,12.237539291381836,883.7213134765625,-0.9964513778686523,0.006672511342912912,0.08390571177005768,0.00551052950322628,0.9998857975006104,-0.014072638005018235,-0.08399002999067307,-0.013560334220528603,-0.9963743090629578],[-5327.71337890625,12.232136726379395,892.9465942382813,-0.9964205026626587,0.006554886698722839,0.0842808187007904,0.005417145788669586,0.9998911619186401,-0.013721018098294735,-0.08436158299446106,-0.013215342536568642,-0.9963475465774536],[-5328.5078125,12.2302885055542,902.2900390625,-0.9964154362678528,0.00646287202835083,0.0843474417924881,0.0053410036489367489,0.9998943209648132,-0.013519445434212685,-0.0844259038567543,-0.013020483776926995,-0.9963446855545044],[-5329.3427734375,12.22790241241455,912.1356811523438,-0.9964163899421692,0.006437111180275679,0.08433803170919419,0.005338091403245926,0.9998979568481445,-0.013250159099698067,-0.08441472053527832,-0.01275247149169445,-0.9963490962982178],[-5330.15869140625,12.22999382019043,921.7734985351563,-0.9964161515235901,0.006437445059418678,0.08434092998504639,0.005343157798051834,0.9998986721038818,-0.013193879276514054,-0.08441732078790665,-0.012695947661995888,-0.996349573135376],[-5331.02294921875,12.22552490234375,931.9641723632813,-0.9964010119438171,0.006433110684156418,0.08452007174491883,0.005326652899384499,0.9998972415924072,-0.013310056179761887,-0.08459701389074326,-0.012811943888664246,-0.9963328838348389],[-5332.05419921875,12.231218338012696,941.9708862304688,-0.9953318238258362,0.006583222653716803,0.09628746658563614,0.005311402026563883,0.9998953342437744,-0.013458929024636746,-0.09636598825454712,-0.01288467925041914,-0.9952625632286072],[-5333.31689453125,12.233171463012696,952.1644897460938,-0.9937941431999207,0.006465313024818897,0.1110469251871109,0.005009002983570099,0.999897837638855,-0.013388343155384064,-0.11112213879823685,-0.01274902280420065,-0.9937250018119812],[-5334.515625,12.229548454284668,962.568115234375,-0.9935829639434815,0.006430269684642553,0.11292292922735214,0.0049965232610702518,0.9999033212661743,-0.012975112535059452,-0.1129954531788826,-0.012327628210186959,-0.9935190081596375],[-5335.72998046875,12.214983940124512,973.1775512695313,-0.9935192465782166,0.006200041621923447,0.11349470913410187,0.004798346199095249,0.9999088644981384,-0.012619330547749997,-0.11356260627508164,-0.01199296023696661,-0.9934584498405457],[-5336.9462890625,12.213481903076172,983.8789672851563,-0.9935433864593506,0.006117919459939003,0.11328759044408798,0.004766476806253195,0.999914288520813,-0.012196335010230542,-0.11335249245166779,-0.0115776052698493,-0.9934873580932617],[-5338.22802734375,12.21295166015625,995.1182250976563,-0.993543803691864,0.006079643964767456,0.11328629404306412,0.004761199466884136,0.9999178051948547,-0.011905094608664513,-0.11334935575723648,-0.011288854293525219,-0.9934910535812378],[-5339.54150390625,12.214140892028809,1006.6375122070313,-0.9935470819473267,0.006046387366950512,0.11325912922620774,0.00474459957331419,0.999919593334198,-0.011759920045733452,-0.11332112550735474,-0.011146665550768376,-0.9934958815574646],[-5340.712890625,12.22176742553711,1018.0503540039063,-0.9944806694984436,0.005020334385335445,0.10479962825775147,0.0037904547061771156,0.9999216198921204,-0.011931408196687699,-0.10485131293535233,-0.011468316428363324,-0.9944217801094055],[-5341.47314453125,12.23636245727539,1029.3428955078126,-0.9968529343605042,0.0004747475904878229,0.0792713314294815,-0.0005266322405077517,0.9999203681945801,-0.012610923498868943,-0.07927100360393524,-0.012612983584403992,-0.9967733025550842],[-5342.27392578125,12.228835105895996,1041.4764404296876,-0.9974592924118042,0.00047424790682271123,0.07123707979917526,-0.00039828187436796725,0.9999250769615173,-0.012233548797667027,-0.07123754918575287,-0.01223083958029747,-0.9973843693733215],[-5343.15673828125,12.227091789245606,1054.0013427734376,-0.9974977970123291,0.0004433843423612416,0.07069593667984009,-0.000389543769415468,0.9999306797981262,-0.011767616495490075,-0.07069625705480576,-0.011765711009502411,-0.9974284768104553],[-5344.10693359375,12.229767799377442,1067.41552734375,-0.9975060224533081,0.00039738582563586533,0.07058069854974747,-0.00041755917482078075,0.9999334216117859,-0.011531157419085503,-0.07058057934045792,-0.011531870812177658,-0.997439444065094],[-5345.0107421875,12.226799964904786,1080.2044677734376,-0.997498631477356,0.00035670475335791707,0.07068468630313873,-0.0004336260608397424,0.9999375939369202,-0.011165414936840535,-0.07068425416946411,-0.011168137192726136,-0.9974362254142761],[-5346.01611328125,12.228878021240235,1094.4052734375,-0.9974990487098694,0.0003449026553425938,0.07067864388227463,-0.00043680117232725024,0.9999389052391052,-0.011044218204915524,-0.07067812979221344,-0.01104747038334608,-0.9974380135536194],[-5347.01123046875,12.226737976074219,1108.4576416015626,-0.997502863407135,0.00031598424538969994,0.07062572985887528,-0.00046496884897351265,0.99993896484375,-0.011040914803743363,-0.07062491029500961,-0.011046182364225388,-0.9974417686462402],[-5348.029296875,12.231761932373047,1122.8612060546876,-0.9974949955940247,0.0002920220431406051,0.0707368403673172,-0.0004536232736427337,0.9999445080757141,-0.01052482333034277,-0.07073599100112915,-0.010530546307563782,-0.9974395036697388],[-5349.10546875,12.20914077758789,1138.0576171875,-0.997498631477356,0.0002780453360173851,0.07068540900945664,-0.0004580854147206992,0.9999458193778992,-0.010397759266197682,-0.07068447023630142,-0.010404130443930626,-0.9974444508552551],[-5350.15625,12.207897186279297,1152.901611328125,-0.9974911212921143,0.0002565970935393125,0.07079092413187027,-0.0004549444420263171,0.9999495148658752,-0.010035003535449505,-0.07078993320465088,-0.010042033158242703,-0.9974406957626343],[-5351.2236328125,12.219127655029297,1168.6322021484376,-0.997711181640625,0.00025110304704867303,0.06761930137872696,-0.0005012187175452709,0.9999381899833679,-0.011108648963272572,-0.06761790812015534,-0.011117114685475827,-0.9976493716239929],[-5352.17431640625,12.220321655273438,1184.7615966796876,-0.9980999231338501,0.00023678666912019253,0.061615582555532458,-0.000471366016427055,0.9999340176582336,-0.011478288099169732,-0.06161423400044441,-0.011485522612929345,-0.9980339407920837],[-5353.111328125,12.212591171264649,1200.0638427734376,-0.9981182813644409,0.00019303281442262232,0.06131800264120102,-0.0005015709903091192,0.9999358654022217,-0.011312299408018589,-0.06131625548005104,-0.011321768164634705,-0.9980541467666626],[-5354.09033203125,12.207679748535157,1216.3466796875,-0.9981950521469116,0.00009475455590290949,0.060055430978536609,-0.0005812984309159219,0.9999366402626038,-0.011239579878747464,-0.060052692890167239,-0.0112542025744915,-0.9981317520141602],[-5354.79541015625,12.232641220092774,1232.9901123046876,-0.9990262985229492,-0.0005433721235021949,0.0441158264875412,-0.0010854896390810609,0.9999241828918457,-0.012265479192137719,-0.04410581663250923,-0.012301423586905003,-0.9989511370658875],[-5354.9208984375,12.248727798461914,1249.9874267578126,-0.9999160170555115,-0.007183394394814968,0.01078784093260765,-0.007327300030738115,0.9998838901519775,-0.013359860517084599,-0.010690619237720967,-0.013437784276902676,-0.9998525381088257],[-5354.5458984375,12.249054908752442,1266.6888427734376,-0.9998210072517395,-0.010225487872958184,-0.0159175805747509,-0.010023701004683972,0.9998690485954285,-0.0127055449411273,0.01604541577398777,-0.012543718330562115,-0.9997925758361816],[-5354.1103515625,12.239832878112793,1285.13525390625,-0.9997202157974243,-0.009920509532094002,-0.02147311344742775,-0.009660509414970875,0.9998791813850403,-0.01217824500054121,0.02159133180975914,-0.01196739636361599,-0.9996952414512634],[-5353.70849609375,12.222878456115723,1303.2701416015626,-0.9997152090072632,-0.009847276844084263,-0.021737808361649514,-0.009599952958524228,0.9998883605003357,-0.011452749371528626,0.0218481607735157,-0.011240805499255658,-0.9996981024742127],[-5353.29638671875,12.22978401184082,1321.7454833984376,-0.9997046589851379,-0.00986343715339899,-0.022211814299225808,-0.009611826390028,0.9998887777328491,-0.011406185105443,0.022321848198771478,-0.011189320124685765,-0.9996882081031799],[-5352.7919921875,12.22772216796875,1339.0860595703126,-0.9995719194412231,-0.009829916059970856,-0.02755705639719963,-0.009512284770607949,0.9998870491981506,-0.01163382176309824,0.02766830287873745,-0.011366710998117924,-0.9995525479316711],[-5352.208984375,12.2269001