{"DriveData":[[-12751.23828125,7.902763366699219,468.93170166015627,-0.20403216779232026,-0.011701269075274468,-0.9788942337036133,0.011343437246978283,0.9998331665992737,-0.014315890148282051,0.9788984656333923,-0.014024927280843258,-0.2038654088973999],[-12751.2353515625,7.902817726135254,468.9332275390625,-0.20403434336185456,-0.011703149415552616,-0.9788937568664551,0.01134537998586893,0.9998331069946289,-0.014318247325718403,0.9788979887962341,-0.014027335681021214,-0.20386750996112824],[-12751.205078125,7.903013706207275,468.9391174316406,-0.20403580367565156,-0.011704430915415287,-0.9788934588432312,0.011347495019435883,0.9998330473899841,-0.014320018701255322,0.9788976311683655,-0.014029785059392453,-0.20386892557144166],[-12751.1357421875,7.903189182281494,468.9534912109375,-0.20403747260570527,-0.01170534547418356,-0.9788931012153626,0.011350094340741635,0.9998330473899841,-0.014321518130600453,0.9788972735404968,-0.014032655395567418,-0.20387054979801179],[-12750.9892578125,7.904162406921387,468.9839782714844,-0.20403970777988435,-0.01170769426971674,-0.9788926243782044,0.011355319991707802,0.9998329281806946,-0.014325038529932499,0.9788967370986939,-0.014038515277206898,-0.2038726806640625],[-12750.72265625,7.90410041809082,469.03961181640627,-0.20404163002967835,-0.011709610000252724,-0.9788922071456909,0.011356808245182038,0.9998328685760498,-0.014327333308756352,0.9788963198661804,-0.014040463604032994,-0.20387454330921174],[-12750.3291015625,7.9041666984558109,469.12158203125,-0.20404231548309327,-0.011711369268596173,-0.9788920283317566,0.011358094401657582,0.999832808971405,-0.014329408295452595,0.9788962006568909,-0.01404215395450592,-0.20387518405914308],[-12749.8076171875,7.904319763183594,469.23028564453127,-0.20404395461082459,-0.011713053099811077,-0.9788916707038879,0.01135961152613163,0.9998327493667603,-0.01433146744966507,0.9788958430290222,-0.014044078066945076,-0.2038767784833908],[-12749.0986328125,7.9042463302612309,469.3779602050781,-0.2040448933839798,-0.011714908294379712,-0.9788914322853088,0.011361192911863327,0.9998327493667603,-0.01433370541781187,0.9788956046104431,-0.014046094380319119,-0.20387767255306245],[-12748.3115234375,7.9042134284973148,469.5422058105469,-0.20404818654060365,-0.01171935349702835,-0.9788907170295715,0.011361797340214253,0.9998326301574707,-0.014338420704007149,0.9788948893547058,-0.014047686941921711,-0.20388087630271913],[-12747.353515625,7.904905319213867,469.741943359375,-0.20405134558677674,-0.011722039431333542,-0.9788900017738342,0.011363842524588108,0.9998325705528259,-0.014341636560857296,0.9788942337036133,-0.014050382189452649,-0.20388397574424745],[-12746.28125,7.90601110458374,469.96533203125,-0.20405301451683045,-0.011722653172910214,-0.9788896441459656,0.011366753838956356,0.9998325109481812,-0.014342893846333027,0.9788938760757446,-0.014053507708013058,-0.20388558506965638],[-12744.9375,7.906213283538818,470.245361328125,-0.20405668020248414,-0.01172604039311409,-0.9788888692855835,0.011369286105036736,0.9998324513435364,-0.014346934854984284,0.9788930416107178,-0.0140568558126688,-0.2038891762495041],[-12743.50390625,7.906611442565918,470.5439758300781,-0.2040611058473587,-0.011730517260730267,-0.9788878560066223,0.011372534558176995,0.9998323321342468,-0.01435224898159504,0.9788920879364014,-0.014061172492802143,-0.2038934826850891],[-12741.8037109375,7.907464504241943,470.89849853515627,-0.20406854152679444,-0.011776657775044442,-0.9788857698440552,0.011374404653906823,0.9998316168785095,-0.014399874955415726,0.9788905382156372,-0.01407280471175909,-0.20390023291110993],[-12739.9501953125,7.908135414123535,471.28472900390627,-0.2040720283985138,-0.011850913986563683,-0.9788841605186462,0.011376938782632351,0.9998304843902588,-0.014476300217211247,0.9788897633552551,-0.01409091241657734,-0.20390260219573975],[-12737.7822265625,7.908703804016113,471.7364807128906,-0.2040739804506302,-0.011879065074026585,-0.9788833856582642,0.011378332041203976,0.9998300671577454,-0.014505372382700444,0.9788893461227417,-0.014098228886723519,-0.2039041370153427],[-12735.359375,7.910571098327637,472.2414855957031,-0.2040766328573227,-0.01193339191377163,-0.9788821935653687,0.011379946954548359,0.9998292326927185,-0.014561236836016178,0.978888750076294,-0.014111235737800599,-0.20390598475933076],[-12732.6728515625,7.910492420196533,472.8014221191406,-0.20407702028751374,-0.011980152688920498,-0.9788815379142761,0.011381812393665314,0.9998285174369812,-0.014609391801059246,0.9788886904716492,-0.014122886583209038,-0.20390565693378449],[-12729.720703125,7.912609577178955,473.41741943359377,-0.20408019423484803,-0.011997447349131108,-0.9788806438446045,0.011395233683288098,0.999828040599823,-0.014629899524152279,0.9788878560066223,-0.01414024643599987,-0.20390839874744416],[-12726.5009765625,7.917054653167725,474.0895080566406,-0.204090416431427,-0.01200239546597004,-0.9788784384727478,0.011423898860812188,0.9998275637626648,-0.01464107632637024,0.9788854122161865,-0.014170711860060692,-0.20391811430454255],[-12723.2978515625,7.921230792999268,474.7578125,-0.2040913701057434,-0.012006274424493313,-0.9788782000541687,0.011444111354649067,0.9998272061347961,-0.01464926265180111,0.9788849353790283,-0.014192179776728154,-0.2039187103509903],[-12719.587890625,7.925373077392578,475.53167724609377,-0.20409837365150453,-0.012009771540760994,-0.9788767099380493,0.011460666544735432,0.9998269081115723,-0.014656387269496918,0.9788833260536194,-0.014209924265742302,-0.20392540097236634],[-12715.6494140625,7.926939010620117,476.3533935546875,-0.20410606265068055,-0.012017220258712769,-0.9788750410079956,0.011475147679448128,0.9998266100883484,-0.014667126350104809,0.9788815379142761,-0.014226384460926056,-0.2039327770471573],[-12711.64453125,7.922779560089111,477.18853759765627,-0.2040138691663742,-0.011537959799170494,-0.9789000153541565,0.01142532005906105,0.9998343586921692,-0.01416587270796299,0.9789013266563416,-0.014074280858039856,-0.20384825766086579],[-12707.7080078125,7.92521333694458,478.0088806152344,-0.20401380956172944,-0.011517317965626717,-0.9789002537727356,0.011425953358411789,0.9998346567153931,-0.014144920744001866,0.9789013266563416,-0.014070628210902214,-0.2038484811782837],[-12703.7734375,7.927067279815674,478.82794189453127,-0.20402519404888154,-0.01152691151946783,-0.978897750377655,0.011443846859037876,0.9998342990875244,-0.014158613048493863,0.9788987636566162,-0.01409106981009245,-0.20385946333408357],[-12699.6689453125,7.929813385009766,479.6835021972656,-0.20402871072292329,-0.01154391746968031,-0.9788968563079834,0.011451533995568753,0.9998339414596558,-0.014177635312080384,0.9788979291915894,-0.014102515764534474,-0.20386263728141786],[-12695.3642578125,7.932891368865967,480.5804748535156,-0.20403335988521577,-0.011555667035281659,-0.9788957238197327,0.011456121690571309,0.9998337030410767,-0.01419065985828638,0.9788969159126282,-0.0141097167506814,-0.20386704802513123],[-12692.0908203125,7.934598922729492,481.26275634765627,-0.20403806865215302,-0.01156865805387497,-0.9788945913314819,0.011459405533969403,0.9998334646224976,-0.014204681850969792,0.978895902633667,-0.014115845784544945,-0.20387151837348939],[-12685.59375,7.937682628631592,482.6167297363281,-0.2040463387966156,-0.011595265008509159,-0.9788925647735596,0.011464117094874382,0.9998329877853394,-0.01423296146094799,0.9788941144943237,-0.014126322232186795,-0.20387932658195496],[-12680.6630859375,7.940192222595215,483.6444396972656,-0.20405107736587525,-0.01161219459027052,-0.9788913726806641,0.011465548537671566,0.9998326897621155,-0.014250621199607849,0.9788931012153626,-0.014131381176412106,-0.2038837969303131],[-12675.5380859375,7.942475318908691,484.712890625,-0.20405760407447816,-0.011631755158305169,-0.9788897633552551,0.01146730687469244,0.9998323917388916,-0.01427106186747551,0.9788917303085327,-0.014137348160147667,-0.20389002561569215],[-12670.2255859375,7.94553804397583,485.82037353515627,-0.2040606588125229,-0.011646772734820843,-0.978888988494873,0.011469070799648762,0.9998321533203125,-0.014286813326179982,0.9788910746574402,-0.014142323285341263,-0.20389282703399659],[-12664.5205078125,7.9442338943481449,487.010009765625,-0.20397914946079255,-0.011868366971611977,-0.9789032936096191,0.011341454461216927,0.9998307824134827,-0.014485372230410576,0.9789095520973206,-0.014056901447474957,-0.20381003618240357],[-12659.0751953125,7.946934700012207,488.14434814453127,-0.20398522913455964,-0.011883600614964962,-0.9789018630981445,0.011342349462211132,0.9998305439949036,-0.014501207508146763,0.9789082407951355,-0.014061078429222107,-0.20381586253643037],[-12653.255859375,7.946465492248535,489.35662841796877,-0.20398788154125215,-0.011900380253791809,-0.9789010882377625,0.011343729682266713,0.9998302459716797,-0.014518671669065953,0.9789077043533325,-0.01406602282077074,-0.20381826162338258],[-12647.3193359375,7.945278644561768,490.59375,-0.2039376199245453,-0.011415885761380196,-0.9789173007011414,0.011279408819973469,0.9998382329940796,-0.014009697362780571,0.9789189100265503,-0.013898712582886219,-0.20377586781978608],[-12641.435546875,7.945959091186523,491.8192443847656,-0.20393671095371247,-0.011203449219465256,-0.9789199829101563,0.011277020908892155,0.9998412728309631,-0.013792209327220917,0.9789191484451294,-0.01385203842073679,-0.2037779986858368],[-12635.392578125,7.947466850280762,493.0772705078125,-0.2039501667022705,-0.011177875101566315,-0.9789174795150757,0.01126695517450571,0.9998418092727661,-0.013764187693595887,0.9789164066314697,-0.013836627826094628,-0.20379196107387544],[-12629.498046875,7.950700759887695,494.3050231933594,-0.20395252108573914,-0.011189880780875683,-0.9789168238639832,0.011267870664596558,0.9998416304588318,-0.013776675797998906,0.9789159297943115,-0.013840096071362496,-0.20379413664340974],[-12623.4677734375,7.951616287231445,495.5606994628906,-0.20395413041114808,-0.011208119802176953,-0.9789162874221802,0.011267751455307007,0.9998413324356079,-0.013795302249491215,0.9789155721664429,-0.013843794353306294,-0.20379547774791718],[-12617.5361328125,7.954270362854004,496.79595947265627,-0.20395997166633607,-0.011224490590393544,-0.9789148569107056,0.011268865317106247,0.9998410940170288,-0.013812338933348656,0.9789143800735474,-0.013848424889147282,-0.20380106568336488],[-12611.2265625,7.95481014251709,498.11016845703127,-0.20396578311920167,-0.011246951296925545,-0.978913426399231,0.011269311420619488,0.9998407959938049,-0.013835457153618336,0.9789131283760071,-0.013853640295565129,-0.2038065642118454],[-12604.521484375,7.957333564758301,499.50665283203127,-0.2039678543806076,-0.011255120858550072,-0.978912889957428,0.011271004565060139,0.9998406171798706,-0.013844183646142483,0.9789127111434937,-0.013857100158929825,-0.2038085013628006],[-12597.658203125,7.958261966705322,500.93603515625,-0.20397235453128816,-0.01112163346260786,-0.9789134860038757,0.011269917711615563,0.9998425245285034,-0.013707681559026242,0.9789117574691773,-0.013828261755406857,-0.20381489396095277],[-12590.9013671875,7.958018779754639,502.3434143066406,-0.20397619903087617,-0.011087039485573769,-0.9789130687713623,0.01126914843916893,0.9998430013656616,-0.013672242872416973,0.9789109826087952,-0.013820328749716282,-0.20381924510002137],[-12583.7294921875,7.959817886352539,503.8370666503906,-0.203980952501297,-0.010954074561595917,-0.9789135456085205,0.01126752607524395,0.9998449087142944,-0.013536165468394757,0.9789100289344788,-0.013791053555905819,-0.20382589101791383],[-12576.6787109375,7.963876724243164,505.30572509765627,-0.20398558676242829,-0.010925693437457085,-0.9789129495620728,0.011267370544373989,0.9998452663421631,-0.013507211580872536,0.9789090752601624,-0.013785051181912423,-0.20383092761039735],[-12569.484375,7.96319580078125,506.80419921875,-0.20398908853530885,-0.010815393179655075,-0.978913426399231,0.011266899295151234,0.9998468160629273,-0.013394505716860295,0.9789083003997803,-0.013761651702225209,-0.20383597910404206],[-12562.4365234375,7.965202331542969,508.2723388671875,-0.20399177074432374,-0.010777443647384644,-0.9789132475852966,0.0112684341147542,0.9998472929000855,-0.01335610169917345,0.9789077639579773,-0.013755355030298233,-0.20383918285369874],[-12554.974609375,7.9656219482421879,509.8271789550781,-0.20399534702301026,-0.01061981450766325,-0.9789142608642578,0.011267205700278283,0.9998494386672974,-0.013194897212088108,0.9789069890975952,-0.013721326366066933,-0.20384497940540315],[-12547.0810546875,7.966596603393555,511.47137451171877,-0.20400351285934449,-0.010499970987439156,-0.9789138436317444,0.011267020367085934,0.9998510479927063,-0.01307256892323494,0.9789053201675415,-0.013696291483938694,-0.20385482907295228],[-12539.3486328125,7.96768856048584,513.0823364257813,-0.20400717854499818,-0.010366630740463734,-0.9789144992828369,0.01126757264137268,0.9998528361320496,-0.012936543673276902,0.9789045453071594,-0.013669137842953205,-0.2038603574037552],[-12531.48828125,7.966480255126953,514.7199096679688,-0.20401176810264588,-0.010160684585571289,-0.9789156913757324,0.011267031542956829,0.9998555183410645,-0.012726145796477795,0.978903591632843,-0.013625756837427616,-0.2038678079843521],[-12523.515625,7.967993259429932,516.4601440429688,-0.20901237428188325,-0.010664176195859909,-0.97785484790802,0.011265402659773827,0.999847948551178,-0.013311957940459252,0.9778481125831604,-0.013798292726278305,-0.20886045694351197],[-12515.4794921875,7.984315872192383,518.6229858398438,-0.23594139516353608,-0.010938054881989956,-0.9717057347297669,0.010997713543474675,0.9998425841331482,-0.013925150036811829,0.9717050790786743,-0.01397206075489521,-0.23578394949436189],[-12507.1796875,7.991180419921875,521.5469970703125,-0.28886619210243227,-0.010823018848896027,-0.957308292388916,0.010546805337071419,0.9998394250869751,-0.0144863435998559,0.9573113918304443,-0.01428115926682949,-0.28870564699172976],[-12499.3349609375,7.949763298034668,525.1041870117188,-0.35585179924964907,-0.006643845234066248,-0.9345188140869141,0.011551572009921074,0.9998670816421509,-0.011507108807563782,0.9344710111618042,-0.014889986254274845,-0.35572773218154909],[-12492.0439453125,7.94405460357666,529.2247924804688,-0.4285353720188141,-0.002612991025671363,-0.9035212397575378,0.016005864366889,0.9998169541358948,-0.010482977144420147,0.903383195400238,-0.018953965976834298,-0.42841511964797976],[-12484.591796875,7.968574047088623,533.8673095703125,-0.4813295602798462,-0.004364405293017626,-0.8765288591384888,0.01514815166592598,0.9997968673706055,-0.013296506367623806,0.8764088153839111,-0.019677793607115747,-0.48116564750671389],[-12476.736328125,7.981215476989746,538.609130859375,-0.4984702467918396,-0.0060224332846701149,-0.8668859004974365,0.011474604718387127,0.9998424053192139,-0.01354415062814951,0.8668308854103088,-0.016698528081178666,-0.49832257628440859],[-12469.107421875,7.9710540771484379,543.1889038085938,-0.5073610544204712,-0.006019992753863335,-0.8617125749588013,0.010035427287220955,0.9998664855957031,-0.012893828563392163,0.8616751432418823,-0.015189480036497116,-0.5072329044342041],[-12461.755859375,7.974518299102783,548.1175537109375,-0.5350934267044067,-0.005732379388064146,-0.8447734713554382,0.009895007126033306,0.9998658299446106,-0.013052449561655522,0.8447349667549133,-0.0153433196246624,-0.534964919090271],[-12454.60546875,7.994032859802246,553.798828125,-0.5849206447601318,-0.005271353758871555,-0.811073362827301,0.010816549882292748,0.9998392462730408,-0.014298743568360806,0.8110184073448181,-0.017136646434664727,-0.584769606590271],[-12449.1474609375,7.9771409034729,558.939697265625,-0.6349755525588989,-0.0022080298513174059,-0.7725290656089783,0.012969019822776318,0.9998245239257813,-0.013517488725483418,0.7724233269691467,-0.018602220341563226,-0.6348355412483215],[-12443.0068359375,7.926339149475098,565.9093017578125,-0.7042843103408814,0.006321198772639036,-0.7098898887634277,0.019684037193655969,0.9997497797012329,-0.0106263542547822,0.7096450924873352,-0.021457472816109659,-0.7042325139045715],[-12437.7587890625,7.937297821044922,573.655029296875,-0.7795154452323914,0.015451913699507714,-0.6261923909187317,0.029833076521754266,0.9994770288467407,-0.01247461698949337,0.6256721615791321,-0.02840540185570717,-0.7795687913894653],[-12433.8369140625,7.936769485473633,581.4457397460938,-0.8451443910598755,0.020442236214876176,-0.5341470241546631,0.03217246010899544,0.9994022250175476,-0.012656363658607006,0.5335689783096314,-0.027881279587745668,-0.8452968597412109],[-12430.8076171875,7.937556743621826,590.0451049804688,-0.904559850692749,0.02262135222554207,-0.4257461428642273,0.030825594440102578,0.9994480013847351,-0.012389376759529114,0.42523086071014407,-0.024330809712409974,-0.9047577977180481],[-12428.8828125,7.935923099517822,599.3607177734375,-0.9533018469810486,0.02492559142410755,-0.3009888231754303,0.029907042160630227,0.999481201171875,-0.011953198350965977,0.300534725189209,-0.02039669081568718,-0.953552782535553],[-12428.265625,7.936563014984131,608.546630859375,-0.9846543073654175,0.02779853343963623,-0.17228807508945466,0.030316725373268129,0.9994682669639587,-0.012001638300716877,0.17186284065246583,-0.01704067550599575,-0.9849734902381897],[-12428.8955078125,7.930703639984131,617.7813720703125,-0.9987730383872986,0.031278274953365329,-0.038393374532461169,0.031745411455631259,0.9994284510612488,-0.011618206277489663,0.038008034229278567,-0.012822764925658703,-0.9991951584815979],[-12430.5380859375,7.929867744445801,627.3206787109375,-0.9963299036026001,0.03142622485756874,0.07961878180503845,0.03057274781167507,0.9994615316390991,-0.011916294693946839,-0.07995038479566574,-0.009438395500183106,-0.9967541694641113],[-12432.65234375,7.937770843505859,636.831787109375,-0.987083911895752,0.03070748597383499,0.1572335809469223,0.02897842973470688,0.9994918704032898,-0.013277956284582615,-0.15756142139434815,-0.008550074882805348,-0.9874721765518189],[-12434.759765625,7.965553283691406,646.0328979492188,-0.9817229509353638,0.01875082403421402,0.18938963115215302,0.016564814373850824,0.9997767210006714,-0.013118874281644822,-0.1895933449268341,-0.009741895832121373,-0.9818143844604492],[-12436.716796875,7.980511665344238,655.3325805664063,-0.9809432625770569,0.005972284357994795,0.194202721118927,0.003458383958786726,0.9999058246612549,-0.013281190767884255,-0.194263756275177,-0.012356466613709927,-0.9808714985847473],[-12438.8076171875,7.985714912414551,664.7322998046875,-0.9781222343444824,0.005624549929052591,0.20795486867427827,0.0028276173397898676,0.999901533126831,-0.01374452468007803,-0.2080116868019104,-0.01285580825060606,-0.9780418276786804],[-12440.982421875,7.9763641357421879,674.5967407226563,-0.977303147315979,0.005334579851478338,0.21177834272384644,0.002443895908072591,0.9999002814292908,-0.01390897948294878,-0.21183142066001893,-0.013075726106762886,-0.977218747138977],[-12443.072265625,7.973012924194336,684.2130737304688,-0.9772827625274658,0.005273924209177494,0.21187394857406617,0.0023497254587709905,0.9998984932899475,-0.014051008969545365,-0.21192654967308045,-0.013233963400125504,-0.9771959781646729],[-12444.88671875,7.982802391052246,693.581298828125,-0.9801255464553833,0.004467801656574011,0.19832786917686463,0.0016533771995455027,0.9998956322669983,-0.01435410138219595,-0.1983712911605835,-0.013740911148488522,-0.9800305962562561],[-12446.7294921875,7.982651710510254,703.8353881835938,-0.9824256896972656,0.00430524256080389,0.18660445511341096,0.0016738084377720953,0.9998969435691834,-0.014256929978728295,-0.18664661049842835,-0.013694033958017826,-0.9823316931724548],[-12448.671875,7.985018253326416,714.2013549804688,-0.9826363921165466,0.004274969920516014,0.18549230694770814,0.001680120825767517,0.9998985528945923,-0.014143918640911579,-0.18553395569324494,-0.0135866804048419,-0.9825439453125],[-12450.576171875,7.985101699829102,724.282470703125,-0.9826825261116028,0.0042994022369384769,0.18524745106697083,0.0016709382180124522,0.9998957514762878,-0.014342718757689,-0.18528980016708375,-0.013784801587462426,-0.9825872182846069],[-12452.42578125,7.987966537475586,734.0707397460938,-0.9826825261116028,0.004300541244447231,0.18524731695652009,0.0016705344896763564,0.9998956322669983,-0.014351016841828823,-0.18528971076011659,-0.013793030753731728,-0.9825871586799622],[-12454.4375,7.985637187957764,744.7467041015625,-0.9826833009719849,0.00421270914375782,0.18524517118930818,0.0016630212776362897,0.9999017715454102,-0.013917080126702786,-0.18528559803962708,-0.013368016108870507,-0.9825937747955322],[-12456.3828125,7.984963893890381,755.0711059570313,-0.9826862812042236,0.004020610358566046,0.18523380160331727,0.0016576393973082305,0.9999153017997742,-0.01290979515761137,-0.1852700114250183,-0.012379227206110955,-0.9826096892356873],[-12458.314453125,7.983599662780762,765.31005859375,-0.9826809763908386,0.004067732021212578,0.18526075780391694,0.0016450107796117664,0.9999111294746399,-0.013229191303253174,-0.1852981150150299,-0.012695318087935448,-0.9826003313064575],[-12460.3037109375,7.9864397048950199,775.8673095703125,-0.9826794862747192,0.004047979600727558,0.18526896834373475,0.0016527706757187844,0.9999130964279175,-0.013080894947052002,-0.18530580401420594,-0.012548120692372322,-0.9826008081436157],[-12462.3076171875,7.985845565795898,786.4765014648438,-0.9826792478561401,0.004034312907606363,0.18527065217494965,0.0016526046674698592,0.9999140501022339,-0.013007919304072857,-0.18530720472335816,-0.01247643306851387,-0.9826014637947083],[-12464.25,7.987513542175293,796.7772216796875,-0.9826789498329163,0.003990954253822565,0.18527323007583619,0.001653491286560893,0.9999170899391174,-0.01276910025626421,-0.18530882894992829,-0.012241577729582787,-0.9826040863990784],[-12466.20703125,7.988559246063232,807.1625366210938,-0.9826927185058594,0.00395435793325305,0.1852009892463684,0.0016254252986982465,0.9999176859855652,-0.012725303880870343,-0.18523606657981873,-0.012204032391309739,-0.9826182723045349],[-12468.2587890625,7.992188453674316,818.0535888671875,-0.9826838970184326,0.00405331514775753,0.18524567782878877,0.0016425269423052669,0.9999119639396668,-0.013165616430342198,-0.18528273701667787,-0.0126333674415946,-0.9826040267944336],[-12470.181640625,7.992598056793213,828.2457885742188,-0.9826841354370117,0.004023804794996977,0.18524512648582459,0.0016429098322987557,0.9999141097068787,-0.013004379346966744,-0.18528153002262116,-0.012474856339395047,-0.9826062917709351],[-12472.27734375,7.993251800537109,839.3600463867188,-0.9826846122741699,0.0039431266486644749,0.18524429202079774,0.0016397994477301837,0.9999194741249085,-0.012585561722517014,-0.1852789968252182,-0.012063873931765557,-0.982611894607544],[-12474.3095703125,7.990416049957275,850.1572265625,-0.9826852083206177,0.003910620231181383,0.1852417141199112,0.00163949653506279,0.9999216198921204,-0.012411915697157383,-0.18527573347091676,-0.011893303133547306,-0.9826145768165588],[-12476.4453125,7.990346908569336,861.467529296875,-0.9826852083206177,0.0038889835122972728,0.18524213135242463,0.0016401652246713639,0.9999231100082398,-0.012291579507291317,-0.18527568876743318,-0.011774925515055657,-0.9826160073280335],[-12478.5166015625,7.991518974304199,872.4520263671875,-0.9826854467391968,0.003858209354802966,0.18524155020713807,0.0016407320508733392,0.9999251961708069,-0.012122535146772862,-0.18527446687221528,-0.011608706787228585,-0.9826182723045349],[-12480.6845703125,7.982503890991211,883.9569702148438,-0.9826753735542297,0.004006449598819017,0.18529167771339417,0.0016460770275443793,0.9999155402183533,-0.012890767306089402,-0.1853276789188385,-0.012362435460090638,-0.9825990200042725],[-12482.7177734375,7.977942943572998,894.7119140625,-0.9826328754425049,0.004022994544357061,0.1855168640613556,0.001649382640607655,0.999914824962616,-0.012947147712111473,-0.1855531483888626,-0.012416304089128971,-0.9825558066368103],[-12484.9287109375,7.972596168518066,906.4382934570313,-0.9826339483261108,0.004039550665766001,0.18551066517829896,0.0016241344856098295,0.9999119639396668,-0.013170484453439713,-0.18554753065109254,-0.012640470638871193,-0.9825539588928223],[-12487.0673828125,7.978421211242676,917.8355712890625,-0.9826861023902893,0.004079556558281183,0.18523317575454713,0.0015270063886418939,0.9999019503593445,-0.013920771889388562,-0.18527179956436158,-0.013396897353231907,-0.9825959801673889],[-12489.2236328125,8.126142501831055,929.305419921875,-0.9827042818069458,0.006569443736225367,0.18506529927253724,0.0016433203127235175,0.9996405839920044,-0.02675911970436573,-0.18517456948757173,-0.025992179289460183,-0.9823618531227112],[-12491.4013671875,8.322011947631836,940.9013671875,-0.9826499819755554,0.00791009608656168,0.18530096113681794,0.002014289842918515,0.9994863271713257,-0.03198413923382759,-0.18545877933502198,-0.031055962666869165,-0.9821611642837524],[-12493.6142578125,8.533564567565918,952.6121826171875,-0.982659101486206,0.008002957329154015,0.18524853885173798,0.0021000406704843046,0.9994844198226929,-0.032039158046245578,-0.18540944159030915,-0.031094539910554887,-0.9821692705154419],[-12495.9306640625,8.74831771850586,964.8865356445313,-0.9826490879058838,0.008014630526304245,0.1853012889623642,0.0020987605676054956,0.9994824528694153,-0.03209981694817543,-0.18546265363693238,-0.031153952702879907,-0.9821573495864868],[-12498.26953125,8.970763206481934,977.272216796875,-0.9826493263244629,0.008011833764612675,0.18530017137527467,0.002096310257911682,0.9994825124740601,-0.03209792077541351,-0.18546144664287568,-0.031152553856372834,-0.9821575880050659],[-12500.5390625,9.187744140625,989.3009643554688,-0.9826505780220032,0.008009434677660466,0.18529340624809266,0.0020959984976798298,0.9994828701019287,-0.03208780661225319,-0.1854545772075653,-0.03114272654056549,-0.9821591973304749],[-12502.826171875,9.404006004333496,1001.4273681640625,-0.9826425313949585,0.008066014386713505,0.18533378839492799,0.002123562153428793,0.9994779229164124,-0.03223967179656029,-0.18549707531929017,-0.03128650411963463,-0.9821466207504273],[-12505.224609375,9.630842208862305,1014.12255859375,-0.9826436638832092,0.008052648045122624,0.18532831966876985,0.0020831897854804994,0.9994733929634094,-0.03238239139318466,-0.18549148738384248,-0.03143427520990372,-0.982142984867096],[-12507.5439453125,9.84362506866455,1026.427001953125,-0.9826327562332153,0.00797356478869915,0.18538948893547059,0.0020777075551450254,0.99948650598526,-0.031975097954273227,-0.18554924428462983,-0.031034594401717187,-0.9821447730064392],[-12509.85546875,10.053107261657715,1038.6715087890626,-0.9826292395591736,0.007866312749683857,0.18541273474693299,0.0021224443335086109,0.999512255191803,-0.03115697391331196,-0.18556739389896394,-0.030222224071621896,-0.9821666479110718],[-12512.3203125,10.281489372253418,1051.718505859375,-0.982630729675293,0.00775323947891593,0.18540973961353303,0.0021051475778222086,0.9995282888412476,-0.030640244483947755,-0.18555982410907746,-0.02971773035824299,-0.9821835160255432],[-12514.2919921875,10.462883949279786,1062.162841796875,-0.982628583908081,0.007640700787305832,0.18542584776878358,0.0021026816684752704,0.9995463490486145,-0.030044784769415857,-0.18557128310203553,-0.029132971540093423,-0.9821988344192505],[-12516.5244140625,10.674196243286133,1073.9879150390626,-0.9826274514198303,0.007564837578684092,0.18543490767478944,0.002100755926221609,0.9995582699775696,-0.029645096510648729,-0.18557725846767426,-0.0287405326962471,-0.9822092652320862],[-12518.591796875,10.858922958374024,1084.9334716796876,-0.9826220273971558,0.007467987481504679,0.18546748161315919,0.002097644144669175,0.999573290348053,-0.029135076329112054,-0.18560592830181123,-0.028239723294973375,-0.9822183847427368],[-12520.3193359375,10.964967727661133,1094.4217529296876,-0.9833973050117493,0.006510752718895674,0.18134871125221253,0.0021404544822871687,0.9997028112411499,-0.024284159764647485,-0.1814529150724411,-0.023492807522416116,-0.9831189513206482],[-12521.798828125,11.068990707397461,1104.66650390625,-0.9875825047492981,0.0054465169087052349,0.1570068746805191,0.002039918676018715,0.9997591972351074,-0.021850107237696649,-0.15708807110786439,-0.021258503198623658,-0.9873557686805725],[-12522.7177734375,11.137920379638672,1116.071533203125,-0.9944013357162476,0.00132276292424649,0.10566120594739914,-0.0007156688370741904,0.9998143911361694,-0.019251903519034387,-0.10566706210374832,-0.019219737499952318,-0.9942157864570618],[-12522.814453125,11.117748260498047,1125.7752685546876,-0.9988488554954529,-0.0066574751399457459,0.04750474542379379,-0.007126696407794952,0.9999274015426636,-0.009714825078845024,-0.04743662104010582,-0.010042193345725537,-0.9988237619400024],[-12521.8857421875,11.137923240661621,1136.4599609375,-0.9989132881164551,-0.02109147608280182,-0.041562408208847049,-0.02073539048433304,0.9997446537017822,-0.008980121463537217,0.04174119979143143,-0.008108549751341343,-0.9990955591201782],[-12519.888671875,11.078794479370118,1146.4549560546876,-0.9903308749198914,-0.027895541861653329,-0.13589195907115937,-0.027482900768518449,0.999610185623169,-0.004912012256681919,0.13597601652145387,-0.0011298118624836207,-0.990711510181427],[-12516.8017578125,10.989121437072754,1155.9873046875,-0.9704678058624268,-0.028137873858213426,-0.2395840883255005,-0.029077069833874704,0.9995771050453186,0.0003856102121062577,0.2394719123840332,0.007340625394135714,-0.9708755612373352],[-12512.7880859375,10.90272045135498,1164.5478515625,-0.9375454187393189,-0.028218790888786317,-0.34671637415885928,-0.030200351029634477,0.9995438456535339,0.00031231099274009466,0.346549391746521,0.010763762518763543,-0.937969982624054],[-12507.6259765625,10.791730880737305,1172.774169921875,-0.8898908495903015,-0.027760125696659089,-0.4553280174732208,-0.031429145485162738,0.999505877494812,0.0004877848259638995,0.4550894796848297,0.014744646847248078,-0.8903236389160156],[-12501.615234375,10.62203311920166,1180.852294921875,-0.8410251140594482,-0.02472609467804432,-0.5404307842254639,-0.03257841616868973,0.9994568228721619,0.004971225280314684,0.5400143265724182,0.021787304431200029,-0.8413738012313843],[-12495.2109375,10.428672790527344,1188.0858154296876,-0.7899875044822693,-0.02144276164472103,-0.612747848033905,-0.035590436309576038,0.999306857585907,0.010914932936429978,0.6120890974998474,0.03043062426149845,-0.7902030944824219],[-12486.9970703125,10.344688415527344,1195.4091796875,-0.711531937122345,-0.02791610173881054,-0.7020990252494812,-0.04480433836579323,0.9989796280860901,0.0056859515607357029,0.7012238502502441,0.03550281748175621,-0.7120566368103027],[-12479.4453125,10.212255477905274,1200.5987548828126,-0.6335591077804565,-0.025715157389640809,-0.7732667922973633,-0.0460597462952137,0.9989284873008728,0.00451845396310091,0.7723220586776733,0.03847917914390564,-0.6340646743774414],[-12470.68359375,10.098092079162598,1205.169677734375,-0.535488486289978,-0.025539129972457887,-0.8441562652587891,-0.049149416387081149,0.998790979385376,0.0009603608632460237,0.8431111574172974,0.0420040525496006,-0.5360962748527527],[-12462.1201171875,10.011216163635254,1208.6197509765626,-0.44783517718315127,-0.024569788947701455,-0.8937785029411316,-0.04901668801903725,0.9987937808036804,-0.002896414138376713,0.8927715420722961,0.04251294583082199,-0.44849932193756106],[-12452.2177734375,9.954888343811036,1212.150390625,-0.38269132375717165,-0.02370278164744377,-0.9235721826553345,-0.04812099039554596,0.9988252520561218,-0.005694685969501734,0.9226222038269043,0.04226389899849892,-0.3833823800086975],[-12442.7470703125,9.912409782409668,1214.7864990234376,-0.31567490100860598,-0.024880772456526758,-0.9485411643981934,-0.047760259360075,0.9988057017326355,-0.010304605588316918,0.9476646780967712,0.04204966500401497,-0.3164861798286438],[-12433.0068359375,9.818395614624024,1216.72216796875,-0.24566185474395753,-0.01678880676627159,-0.9692102074623108,-0.0474960021674633,0.9988575577735901,-0.005263741128146648,0.9681912660598755,0.04474050924181938,-0.24617859721183778],[-12422.7119140625,9.833606719970704,1218.202880859375,-0.18661309778690339,-0.01824202761054039,-0.9822641015052795,-0.04473976045846939,0.9989480972290039,-0.010052096098661423,0.981414258480072,0.042070407420396808,-0.18723294138908387],[-12412.6337890625,9.810138702392579,1219.6939697265626,-0.1696091890335083,-0.0163105595856905,-0.9853764176368713,-0.029253540560603143,0.9995057582855225,-0.011509133502840996,0.9850771427154541,0.026873694732785226,-0.1700025051832199],[-12402.8701171875,9.789424896240235,1221.4581298828126,-0.1810542792081833,-0.015017367899417878,-0.9833584427833557,-0.012025616131722927,0.9998424649238586,-0.013054967857897282,0.9833995699882507,0.009461833164095879,-0.1812063455581665],[-12392.7080078125,9.75749683380127,1223.875732421875,-0.21672651171684266,-0.014215382747352124,-0.976128876209259,-0.0003581987402867526,0.9998950958251953,-0.01448196079581976,0.9762322902679443,-0.002788976766169071,-0.21670886874198914],[-12382.6513671875,9.73930835723877,1227.1214599609376,-0.2753921151161194,-0.01188269630074501,-0.9612585306167603,0.0062984260730445389,0.9998798370361328,-0.014164561405777932,0.9613113403320313,-0.009955224581062794,-0.27528417110443118],[-12372.4248046875,9.677942276000977,1231.413818359375,-0.34821856021881106,-0.007321034092456102,-0.9373847842216492,0.009379411116242409,0.9998922348022461,-0.011293472722172737,0.9373664259910584,-0.01272471435368061,-0.3481123447418213],[-12362.859375,9.658992767333985,1236.2977294921876,-0.41450098156929018,-0.005465839058160782,-0.9100324511528015,0.009709294885396958,0.9998984932899475,-0.01042797602713108,0.9099970459938049,-0.013158179819583893,-0.41440585255622866],[-12353.3349609375,9.658377647399903,1241.35400390625,-0.4476734697818756,-0.00812012329697609,-0.8941602110862732,0.007874310947954655,0.9998841881752014,-0.01302261371165514,0.8941624164581299,-0.01287077460438013,-0.4475576877593994],[-12344.8134765625,9.669782638549805,1245.730224609375,-0.4517408311367035,-0.010282081551849842,-0.8920899629592896,0.004550420679152012,0.9998940229415894,-0.013828877359628678,0.8921375870704651,-0.010306453332304955,-0.4516461491584778],[-12335.064453125,9.670682907104493,1250.675048828125,-0.4521765410900116,-0.011035476811230183,-0.8918601870536804,0.003908902406692505,0.9998893141746521,-0.014354010112583638,0.8919199109077454,-0.009976740926504135,-0.4520833492279053],[-12325.201171875,9.684821128845215,1255.6707763671876,-0.45205408334732058,-0.011694956570863724,-0.891913890838623,0.0037618798669427635,0.9998801350593567,-0.015017288736999035,0.8919826149940491,-0.010143899358808995,-0.4519559144973755],[-12315.1572265625,9.707185745239258,1260.5157470703126,-0.4393722414970398,-0.013815979473292828,-0.8981988430023193,0.00136684684548527,0.9998703002929688,-0.016048498451709749,0.8983040452003479,-0.008278964087367058,-0.43929633498191836],[-12304.572265625,9.72559928894043,1265.5457763671876,-0.4335622787475586,-0.01426269207149744,-0.9010106921195984,0.0011199245927855373,0.9998654127120972,-0.01636643148958683,0.9011229276657105,-0.008104931563138962,-0.43348798155784609],[-12294.27734375,9.734818458557129,1270.48828125,-0.43337032198905947,-0.014460735954344273,-0.9010999202728272,0.0010790838859975339,0.9998621940612793,-0.01656462997198105,0.9012153148651123,-0.008150980807840824,-0.43329501152038576],[-12283.8759765625,9.757667541503907,1275.4859619140626,-0.4333009123802185,-0.014429394155740738,-0.9011337757110596,0.0011139982379972935,0.9998624920845032,-0.016545942053198816,0.9012486338615418,-0.008173232898116112,-0.43322527408599856],[-12277.0322265625,9.780427932739258,1278.8173828125,-0.43522945046424868,-0.01454163808375597,-0.9002021551132202,0.0012383748544380069,0.9998589158058167,-0.016750197857618333,0.9003187417984009,-0.008404966443777085,-0.43515002727508547],[-12263.3095703125,9.816977500915528,1285.785400390625,-0.4477429687976837,-0.014870410785079003,-0.8940386772155762,0.0009636946488171816,0.9998530745506287,-0.017113033682107927,0.8941618204116821,-0.008523820899426937,-0.4476628601551056],[-12253.1015625,9.839759826660157,1290.9146728515626,-0.4484585225582123,-0.01489217858761549,-0.8936795592308044,0.0009005612228065729,0.9998531341552734,-0.017113355919718744,0.8938031792640686,-0.00847944337874651,-0.448379248380661],[-12241.5576171875,9.84885311126709,1296.7105712890626,-0.4484635889530182,-0.014258337207138539,-0.89368736743927,0.0008612279198132455,0.9998654127120972,-0.016384528949856759,0.893800675868988,-0.008117533288896084,-0.4483909606933594],[-12231.19921875,9.875771522521973,1302.0482177734376,-0.4553064703941345,-0.014902356080710888,-0.8902100324630737,0.0008812895976006985,0.9998518824577332,-0.017188534140586854,0.8903343081474304,-0.00861058384180069,-0.4552259147167206],[-12220.1025390625,9.906500816345215,1308.265869140625,-0.47912150621414187,-0.014355175197124482,-0.8776311874389648,0.0019589061848819257,0.9998462796211243,-0.017423631623387338,0.8777464032173157,-0.010067233815789223,-0.47901973128318789],[-12210.17578125,9.928620338439942,1313.828125,-0.4849436581134796,-0.014039494097232819,-0.8744326829910278,0.001819570199586451,0.9998527765274048,-0.01706228032708168,0.8745434880256653,-0.009865337051451207,-0.48484671115875246],[-12197.220703125,9.954068183898926,1321.025146484375,-0.48538896441459658,-0.013486770913004876,-0.874194324016571,0.0017812636215239764,0.9998636841773987,-0.016414586454629899,0.8742964863777161,-0.009524629451334477,-0.485298752784729],[-12185.83203125,9.979731559753418,1327.349365234375,-0.4854341745376587,-0.013572433963418007,-0.8741678595542908,0.0017160701099783183,0.999862790107727,-0.016476938501000406,0.8742715120315552,-0.009498601779341698,-0.485344260931015],[-12174.7666015625,10.001300811767579,1333.4896240234376,-0.4854963719844818,-0.01348900143057108,-0.8741346001625061,0.0017358263721689582,0.9998641014099121,-0.016393247991800309,0.8742369413375855,-0.009476209059357643,-0.4854069948196411],[-12163.6103515625,10.017181396484375,1339.6812744140626,-0.4854000210762024,-0.013511046767234803,-0.8741877675056458,0.001724023255519569,0.999863862991333,-0.016410717740654947,0.8742904663085938,-0.009472882375121117,-0.4853106439113617],[-12152.3642578125,10.048650741577149,1345.9234619140626,-0.48539265990257265,-0.013589620590209961,-0.874190628528595,0.001672564772889018,0.9998629093170166,-0.01647193171083927,0.874294638633728,-0.009457495994865895,-0.4853034019470215],[-12142.77734375,10.071761131286621,1351.2435302734376,-0.4853690564632416,-0.013655010610818863,-0.8742027282714844,0.0016587742138653994,0.9998618364334106,-0.016538774594664575,0.8743078112602234,-0.009477514773607254,-0.4852793514728546],[-12130.4873046875,10.105012893676758,1358.0643310546876,-0.4853401184082031,-0.01366408821195364,-0.8742186427116394,0.0016980499494820834,0.9998612403869629,-0.016570596024394037,0.8743237853050232,-0.009526842273771763,-0.4852495789527893],[-12118.537109375,10.137059211730957,1364.6947021484376,-0.4852255880832672,-0.0136708440259099,-0.8742821216583252,0.0016719723353162408,0.9998614192008972,-0.01656242646276951,0.8743873834609985,-0.009498288854956627,-0.4851354956626892],[-12106.9423828125,10.166810989379883,1371.1280517578126,-0.4852282702922821,-0.013603979721665383,-0.874281644821167,0.0016819859156385065,0.9998626112937927,-0.016491547226905824,0.8743858933448792,-0.009472695179283619,-0.4851387143135071],[-12095.2646484375,10.188212394714356,1377.607177734375,-0.4852279722690582,-0.013526223599910736,-0.8742830157279968,0.0017025580164045096,0.9998638033866882,-0.016414033249020578,0.8743860125541687,-0.009453065693378449,-0.4851388931274414],[-12083.50390625,10.219685554504395,1384.131103515625,-0.4851312041282654,-0.013456763699650765,-0.8743377923965454,0.0016464469954371453,0.9998657703399658,-0.0163022801