{"DriveData":[[-3571.679443359375,12.227174758911133,1182.0491943359376,0.41012686491012576,-0.007627309300005436,-0.911996603012085,-0.004322011489421129,0.9999375343322754,-0.010306404903531075,0.9120182394981384,0.008168593049049378,0.4100683033466339],[-3566.977294921875,12.22913932800293,1179.9342041015626,0.41013023257255556,-0.007638100069016218,-0.911994993686676,-0.004317437298595905,0.9999374747276306,-0.01031621266156435,0.912016749382019,0.008168471977114678,0.41007161140441897],[-3563.177978515625,12.23064136505127,1178.225341796875,0.4101306200027466,-0.007642555050551891,-0.9119947552680969,-0.004315371625125408,0.9999374151229858,-0.01032017171382904,0.9120165705680847,0.008168214932084084,0.41007199883461],[-3557.84765625,12.22974967956543,1175.828125,0.4101284444332123,-0.007853729650378228,-0.9119939804077148,-0.004311401396989822,0.9999350309371948,-0.01054990291595459,0.9120175838470459,0.008258786983788014,0.41006794571876528],[-3553.111083984375,12.232988357543946,1173.6982421875,0.4101273715496063,-0.00786872673779726,-0.9119943380355835,-0.004310976713895798,0.9999349117279053,-0.01056614425033331,0.9120180606842041,0.008265051059424878,0.41006675362586977],[-3547.838134765625,12.233129501342774,1171.3271484375,0.4101293087005615,-0.007880663499236107,-0.9119933247566223,-0.004310925956815481,0.999934732913971,-0.010579229332506657,0.9120171666145325,0.008270387537777424,0.4100685715675354],[-3542.8095703125,12.234360694885254,1169.066162109375,0.4101274907588959,-0.007892870344221592,-0.9119940400123596,-0.004308127332478762,0.9999346137046814,-0.010591336525976658,0.9120180010795593,0.008272784762084484,0.4100666642189026],[-3537.437744140625,12.234100341796875,1166.6507568359376,0.41012850403785708,-0.007909916341304779,-0.9119934439659119,-0.004307149443775415,0.9999344348907471,-0.010609596967697144,0.9120175838470459,0.008279390633106232,0.4100675582885742],[-3532.58203125,12.234138488769532,1164.4681396484376,0.41015416383743288,-0.007850239984691143,-0.9119824171066284,-0.0043201446533203129,0.9999350309371948,-0.01055026426911354,0.9120059609413147,0.008267130702733994,0.41009360551834109],[-3526.7099609375,12.231374740600586,1161.8271484375,0.4101560711860657,-0.0076620797626674179,-0.9119831919670105,-0.004319207277148962,0.9999371767044067,-0.010343554429709912,0.9120051264762878,0.008181516081094742,0.41009721159935],[-3522.1552734375,12.232528686523438,1159.7789306640626,0.4101521074771881,-0.007624912541359663,-0.9119852781295776,-0.004318642895668745,0.9999375939369202,-0.010302510112524033,0.9120069146156311,0.008164134807884694,0.4100935757160187],[-3516.95947265625,12.234394073486329,1157.4417724609376,0.4101375639438629,-0.007654447574168444,-0.911991536617279,-0.004306369926780462,0.9999373555183411,-0.0103292316198349,0.9120135307312012,0.00816377904266119,0.41007891297340395],[-3510.58447265625,12.235154151916504,1154.5751953125,0.4101390540599823,-0.007686339318752289,-0.9119906425476074,-0.00430777482688427,0.9999369978904724,-0.010364845395088196,0.9120128154754639,0.008179678581655026,0.41008010506629946],[-3504.484375,12.239100456237793,1151.83203125,0.4101391136646271,-0.007699650712311268,-0.9119904637336731,-0.004306625109165907,0.9999368786811829,-0.010378924198448658,0.9120128154754639,0.008184404112398625,0.41008004546165469],[-3498.9130859375,12.240615844726563,1149.326904296875,0.4101375341415405,-0.007713116239756346,-0.9119910597801209,-0.004307084251195192,0.9999366998672485,-0.010393879376351834,0.9120135307312012,0.008190941996872425,0.41007834672927859],[-3493.451416015625,12.239294052124024,1146.870849609375,0.41013970971107485,-0.007725861389189959,-0.9119899868965149,-0.00430762954056263,0.999936580657959,-0.010408119298517704,0.91201251745224,0.008197298273444176,0.4100804030895233],[-3486.939453125,12.240978240966797,1143.9423828125,0.4101446866989136,-0.007739033084362745,-0.9119876623153687,-0.004311131779104471,0.9999364018440247,-0.010424185544252396,0.9120102524757385,0.008207123726606369,0.4100852310657501],[-3480.515869140625,12.242530822753907,1141.053955078125,0.41014474630355837,-0.007756712380796671,-0.9119874238967896,-0.0043127574026584629,0.9999361634254456,-0.010444301180541516,0.9120102524757385,0.0082168560475111,0.41008511185646059],[-3474.196533203125,12.245002746582032,1138.21435546875,0.41035956144332888,-0.007992751896381379,-0.9118887782096863,-0.004309662152081728,0.9999334216117859,-0.01070386078208685,0.9119136333465576,0.008322363719344139,0.41029781103134158],[-3467.9921875,12.241674423217774,1135.419921875,0.4102388322353363,-0.009156804531812668,-0.9119321703910828,-0.0042244973592460159,0.9999197721481323,-0.011940715834498406,0.9119683504104614,0.00875100027769804,0.41016721725463869],[-3461.389892578125,12.240249633789063,1132.450439453125,0.4102388024330139,-0.009171178564429284,-0.9119320511817932,-0.004228716250509024,0.9999195337295532,-0.011958373710513115,0.9119683504104614,0.008762090466916561,0.41016700863838198],[-3454.906982421875,12.24518871307373,1129.53466796875,0.4102391302585602,-0.009183431044220925,-0.9119317531585693,-0.00422792648896575,0.9999194145202637,-0.011971456930041314,0.9119681715965271,0.008766740560531617,0.41016724705696108],[-3447.45556640625,12.252772331237793,1126.2891845703126,0.40420418977737429,-0.009437653236091137,-0.9146201014518738,-0.0037726727314293386,0.9999210834503174,-0.011985127814114094,0.9146609902381897,0.008295001462101937,0.40413665771484377],[-3440.234619140625,12.25094985961914,1123.572998046875,0.377101868391037,-0.011753177270293236,-0.9260972142219544,-0.0003017765993718058,0.9999178647994995,-0.012812922708690167,0.9261717200279236,0.005111251957714558,0.37706735730171206],[-3433.29248046875,12.252791404724121,1121.4476318359376,0.33614397048950198,-0.01484396867454052,-0.9416936039924622,0.005156173370778561,0.9998897910118103,-0.013920786790549755,0.9417964816093445,-0.00017614687385503203,0.33618345856666567],[-3426.8369140625,12.25670337677002,1119.537353515625,0.3139183223247528,-0.014801125973463059,-0.9493346214294434,0.0047986796125769619,0.9998904466629028,-0.01400255598127842,0.9494378566741943,-0.00015989357780199498,0.3139549791812897],[-3418.589599609375,12.252732276916504,1116.899169921875,0.3099009096622467,-0.014563165605068207,-0.950657308101654,0.004654833115637302,0.9998939633369446,-0.013800013810396195,0.9507574439048767,-0.0001485143875470385,0.3099358379840851],[-3410.20654296875,12.240447044372559,1114.2069091796876,0.30777719616889956,-0.01419951394200325,-0.9513524770736694,0.004637309815734625,0.99989914894104,-0.013423861004412175,0.9514471292495728,-0.0002801579830702394,0.30781200528144839],[-3402.1826171875,12.246603012084961,1111.9573974609376,0.28744280338287356,-0.01478644646704197,-0.9576836824417114,0.004458869807422161,0.9998906254768372,-0.01409981120377779,0.9577873945236206,-0.0002172972308471799,0.2874773144721985],[-3393.88525390625,12.24467945098877,1110.1917724609376,0.24518507719039918,-0.014735895209014416,-0.9693642854690552,0.00500125577673316,0.9998903870582581,-0.013934954069554806,0.9694634079933167,-0.001431395998224616,0.24523189663887025],[-3385.388916015625,12.251201629638672,1108.857177734375,0.19860586524009705,-0.015262226574122906,-0.9799606204032898,0.005369882099330425,0.9998806715011597,-0.014484168961644173,0.9800647497177124,-0.002385631902143359,0.198664128780365],[-3376.849365234375,12.254514694213868,1107.3997802734376,0.18385465443134309,-0.014626257121562958,-0.9828445911407471,0.005057220347225666,0.999890148639679,-0.013933897949755192,0.9829404354095459,-0.0024086497724056246,0.18390841782093049],[-3368.90380859375,12.243961334228516,1105.9476318359376,0.18228815495967866,-0.014239010401070118,-0.9831420183181763,0.0049391924403607849,0.9998957514762878,-0.01356586255133152,0.9832327365875244,-0.0023830318823456766,0.18233948945999146],[-3360.200439453125,12.246119499206543,1104.3389892578126,0.1820237636566162,-0.014216234907507897,-0.9831913709640503,0.004940197803080082,0.9998961091041565,-0.013543166220188141,0.9832817316055298,-0.002391981892287731,0.18207508325576783],[-3351.811279296875,12.24324893951416,1102.7884521484376,0.18180328607559205,-0.01387536246329546,-0.9832370281219482,0.0049534994177520279,0.9999006986618042,-0.013194601982831955,0.9833224415779114,-0.002471641870215535,0.18185396492481233],[-3343.228515625,12.255640983581543,1101.3233642578126,0.17712831497192384,-0.014277241192758084,-0.9840841889381409,0.004506118129938841,0.9998960494995117,-0.01369557250291109,0.9841774702072144,-0.0020085261203348638,0.17717424035072328],[-3334.77978515625,12.551607131958008,1100.1015625,0.16861887276172639,-0.03291171044111252,-0.9851317405700684,-0.02728530764579773,0.9989035725593567,-0.038042061030864719,0.9853035807609558,0.033294230699539188,0.16753599047660829],[-3326.8671875,12.57519817352295,1098.934814453125,0.1758764684200287,-0.024216823279857637,-0.9841143488883972,-0.05701696127653122,0.9977685213088989,-0.03474263474345207,0.9827596545219421,0.06222162023186684,0.174103245139122],[-3318.912353515625,12.859199523925782,1097.9078369140626,0.18082331120967866,-0.00007546169945271686,-0.9835156202316284,-0.10246319323778153,0.9945569634437561,-0.018914582207798959,0.9781637191772461,0.10419435054063797,0.1798313558101654],[-3310.616455078125,13.214163780212403,1096.777099609375,0.17577426135540009,-0.012633956968784333,-0.9843494296073914,-0.14889077842235566,0.9880736470222473,-0.03926903009414673,0.9731058478355408,0.15346303582191468,0.17179682850837708],[-3302.15576171875,13.379508972167969,1095.3414306640626,0.17612376809120179,-0.014733046293258667,-0.9842577576637268,-0.15085361897945405,0.9876729249954224,-0.041778016835451129,0.9727402329444885,0.15583693981170655,0.1717301458120346],[-3293.5849609375,13.443375587463379,1093.7147216796876,0.17952172458171845,0.01156481821089983,-0.9836860299110413,-0.11729778349399567,0.9930490851402283,-0.009731832891702652,0.9767360091209412,0.11713127046823502,0.17963041365146638],[-3284.588134765625,13.286860466003418,1091.6427001953126,0.18125540018081666,0.00570101710036397,-0.9834195375442505,-0.043740760535001758,0.9990403056144714,-0.0022703465074300768,0.9824628233909607,0.043427031487226489,0.1813308149576187],[-3277.14111328125,13.283829689025879,1089.939453125,0.18199656903743745,-0.009815247729420662,-0.9832502007484436,0.013237638399004937,0.9998840093612671,-0.007531048264354467,0.983210027217865,-0.011645285412669182,0.1821053922176361],[-3267.230224609375,13.190500259399414,1087.9136962890626,0.18205752968788148,-0.018025483936071397,-0.9831226468086243,0.04783231392502785,0.9988106489181519,-0.009455393999814988,0.9821237921714783,-0.04530360549688339,0.1827031970024109],[-3256.93115234375,13.172764778137207,1086.0404052734376,0.18211203813552857,-0.016285918653011323,-0.9831429123878479,0.04071712866425514,0.999130129814148,-0.009008530527353287,0.9824343919754028,-0.03839019313454628,0.18261674046516419],[-3246.6630859375,13.103616714477539,1084.200927734375,0.1822744756937027,-0.01176026277244091,-0.9831773638725281,0.028777582570910455,0.9995639324188232,-0.006621100474148989,0.9828264713287354,-0.027086609974503518,0.1825334131717682],[-3236.155029296875,12.953543663024903,1082.2496337890626,0.18250228464603425,0.0016022815834730864,-0.9832041263580322,0.02809266373515129,0.9995818734169006,0.006843530107289553,0.982804000377655,-0.028869781643152238,0.18238097429275514],[-3226.429443359375,13.108746528625489,1080.4232177734376,0.18222296237945558,-0.03516549617052078,-0.9826282262802124,0.02806633897125721,0.9991390705108643,-0.030551625415682794,0.9828565716743469,-0.022011568769812585,0.18305304646492005],[-3214.77978515625,13.40842056274414,1078.22412109375,0.18263106048107148,-0.04141327366232872,-0.9823089241981506,0.028352461755275728,0.9989188313484192,-0.036842234432697299,0.9827726483345032,-0.021122340112924577,0.1836077719926834],[-3203.554931640625,13.585151672363282,1076.1180419921876,0.18349605798721314,-0.03683456405997276,-0.9823300838470459,0.028755512088537217,0.9990712404251099,-0.03209087252616882,0.9825997948646545,-0.022358857095241548,0.18438483774662019],[-3193.73046875,13.642802238464356,1074.2833251953126,0.18340589106082917,-0.024384601041674615,-0.9827347993850708,0.02903677150607109,0.9993904829025269,-0.01937880367040634,0.9826083183288574,-0.024981258437037469,0.18400214612483979],[-3181.3212890625,13.65825366973877,1071.947265625,0.18259283900260926,-0.0216307882219553,-0.9829506278038025,0.03280439227819443,0.9993353486061096,-0.015897609293460847,0.9826412200927734,-0.02934230864048004,0.1831810623407364],[-3169.455078125,13.662068367004395,1069.7255859375,0.18263745307922364,-0.022050242871046068,-0.9829330444335938,0.03562851995229721,0.9992402791976929,-0.015795977786183358,0.9825345873832703,-0.03213551267981529,0.18328431248664857],[-3157.718505859375,13.678855895996094,1067.542724609375,0.1826525330543518,-0.021954059600830079,-0.9829323887825012,0.035776712000370029,0.9992369413375855,-0.01567005179822445,0.9825263619422913,-0.03230391442775726,0.18329860270023347],[-3145.64208984375,13.531085968017579,1065.2142333984376,0.18607906997203828,-0.011248220689594746,-0.9824703931808472,0.04173679277300835,0.9991223812103272,-0.003533954732120037,0.9816479086875916,-0.040347568690776828,0.18638522922992707],[-3132.161376953125,12.821099281311036,1062.4661865234376,0.19213029742240907,0.032636579126119617,-0.9808266162872315,0.05278792232275009,0.9976562261581421,0.04353699833154678,0.9799486398696899,-0.06014057621359825,0.1899571716785431],[-3118.9931640625,12.366728782653809,1059.7738037109376,0.18721197545528413,0.002511188853532076,-0.9823163151741028,0.07340763509273529,0.9971648454666138,0.016539335250854493,0.9795728921890259,-0.07520588487386704,0.18649686872959138],[-3105.928955078125,12.038191795349121,1057.2081298828126,0.1887621432542801,-0.00440235948190093,-0.9820129871368408,0.0810350552201271,0.9966493248939514,0.011108553037047387,0.9786736965179443,-0.08167435228824616,0.18848641216754914],[-3091.461669921875,11.646474838256836,1054.4501953125,0.18871451914310456,-0.0020954853389412166,-0.9820297360420227,0.08105304092168808,0.9966190457344055,0.01344916969537735,0.9786813855171204,-0.08213455229997635,0.18824632465839387],[-3078.451171875,11.35184097290039,1052.038330078125,0.18412213027477265,-0.004523908719420433,-0.9828929901123047,0.0812133252620697,0.9966400861740112,0.010626244358718396,0.9795424938201904,-0.08178053051233292,0.18387089669704438],[-3062.803466796875,11.09199047088623,1049.5948486328126,0.16087402403354646,-0.010485422797501088,-0.9869192242622376,0.08143047243356705,0.996675431728363,0.0026846015825867655,0.9836099743843079,-0.08079718053340912,0.16119301319122315],[-3047.232666015625,10.89458179473877,1047.943359375,0.12218112498521805,-0.007078243885189295,-0.992482602596283,0.07592866569757462,0.9971107244491577,0.0022360668517649175,0.9895992279052734,-0.07563108950853348,0.1223655566573143],[-3031.276611328125,10.90536117553711,1046.931396484375,0.0846996083855629,-0.016452256590127946,-0.9962707161903381,0.05150429904460907,0.9985993504524231,-0.012111987918615342,0.9950745105743408,-0.050286341458559039,0.08542833477258682],[-3015.588134765625,11.046648025512696,1046.08154296875,0.07052873820066452,-0.014074256643652916,-0.9974104762077332,0.014379622414708138,0.9998108744621277,-0.013091319240629673,0.9974061250686646,-0.013419072143733502,0.07071778178215027],[-2999.578857421875,11.211172103881836,1045.2037353515626,0.06947550922632218,-0.010235932655632496,-0.9975311160087586,-0.03026839718222618,0.9994653463363648,-0.012363896705210209,0.9971243739128113,0.03105265647172928,0.06912853568792343],[-2981.2490234375,11.199481010437012,1044.138427734375,0.061857663094997409,-0.005299427080899477,-0.9980708956718445,-0.04618385434150696,0.9988995790481567,-0.008166174404323101,0.9970158934593201,0.04659990221261978,0.06154484674334526],[-2965.869873046875,11.111479759216309,1043.4117431640626,0.042470533400774,-0.006673198658972979,-0.9990754127502441,-0.024050600826740266,0.9996811151504517,-0.007699631154537201,0.9988082051277161,0.024355370551347734,0.04229649528861046],[-2947.469970703125,10.912249565124512,1042.7593994140626,0.029787879437208177,-0.004444005899131298,-0.9995463490486145,0.005274610593914986,0.9999768733978272,-0.004288729280233383,0.9995422959327698,-0.0051444657146930698,0.029810631647706033],[-2928.725341796875,10.742154121398926,1042.198974609375,0.029449302703142167,-0.003950013779103756,-0.9995584487915039,0.007388200610876083,0.9999657273292542,-0.003733949502930045,0.9995389580726624,-0.007274976000189781,0.029477477073669435],[-2910.33154296875,10.582550048828125,1041.6900634765626,0.02745985984802246,-0.0037694231141358616,-0.9996157884597778,0.007457610219717026,0.9999658465385437,-0.0035658793058246376,0.9995951056480408,-0.0073568266816437248,0.027487032115459443],[-2893.7724609375,10.448526382446289,1041.4620361328126,0.015624023042619229,-0.004062171094119549,-0.999869704246521,0.007530182600021362,0.9999638795852661,-0.003944886848330498,0.9998495578765869,-0.0074675665237009529,0.015654047951102258],[-2874.026611328125,10.373858451843262,1041.7142333984376,-0.011313923634588719,-0.011164361611008644,-0.999873697757721,0.008637597784399987,0.9998992681503296,-0.011262385174632073,0.9998986721038818,-0.008763927966356278,-0.011216350831091404],[-2853.242431640625,10.385279655456543,1042.7838134765626,-0.050327010452747348,-0.013955866917967797,-0.9986352920532227,0.012373406440019608,0.99981689453125,-0.014595947228372097,0.998656153678894,-0.013091091066598893,-0.050145115703344348],[-2834.45458984375,10.378097534179688,1044.4366455078126,-0.08292726427316666,-0.011908886954188347,-0.9964844584465027,0.014048121869564057,0.9998152852058411,-0.013117775321006775,0.9964565634727478,-0.015086555853486061,-0.08274465054273606],[-2813.1787109375,10.368385314941407,1046.58349609375,-0.09801755100488663,-0.01095768716186285,-0.995124340057373,0.013550330884754658,0.9998319745063782,-0.01234420295804739,0.9950924515724182,-0.014694212935864926,-0.09785260260105133],[-2793.948486328125,10.368610382080079,1048.5078125,-0.0989961251616478,-0.010750160552561283,-0.9950297474861145,0.012555699795484543,0.9998485445976257,-0.012051397003233433,0.9950085878372192,-0.01368633657693863,-0.09884615987539292],[-2773.70166015625,10.34882640838623,1050.523193359375,-0.09903164952993393,-0.010618079453706742,-0.9950276613235474,0.011964426375925541,0.9998580813407898,-0.011860404163599015,0.9950123429298401,-0.013079490512609482,-0.09889055043458939],[-2751.628173828125,10.35147476196289,1052.7481689453126,-0.10071290284395218,-0.01078358106315136,-0.9948570728302002,0.011775524355471135,0.9998583197593689,-0.012029869481921196,0.9948458671569824,-0.012926527298986912,-0.1005716472864151],[-2731.71484375,10.41093921661377,1054.9730224609376,-0.11091489344835282,-0.014658746309578419,-0.9937217831611633,0.011825503781437874,0.999800980091095,-0.016068333759903909,0.9937595725059509,-0.01353347860276699,-0.1107194721698761],[-2709.22314453125,10.590815544128418,1057.854248046875,-0.12627486884593965,-0.01992524042725563,-0.9917951822280884,0.011589877307415009,0.9997003674507141,-0.02155967429280281,0.9919275641441345,-0.014217229560017586,-0.1260060966014862],[-2688.14794921875,10.771700859069825,1060.61376953125,-0.1290808767080307,-0.019705981016159059,-0.9914382696151733,0.011258541606366635,0.9997089505195618,-0.021336182951927186,0.9915701746940613,-0.013916241936385632,-0.1288214474916458],[-2667.708251953125,10.959571838378907,1063.2734375,-0.12907882034778596,-0.019590888172388078,-0.9914407730102539,0.011052247136831284,0.9997143149375916,-0.02119329944252968,0.9915727376937866,-0.013693255372345448,-0.12882542610168458],[-2644.62255859375,11.159239768981934,1066.27587890625,-0.12900537252426148,-0.0194843839854002,-0.9914524555206299,0.01097128540277481,0.9997177124023438,-0.02107437327504158,0.9915832281112671,-0.013596215285360814,-0.12875519692897798],[-2625.513427734375,11.337560653686524,1068.756103515625,-0.12887199223041535,-0.01939943991601467,-0.9914714694023132,0.010832060128450394,0.9997214674949646,-0.02096881903707981,0.9916020631790161,-0.013441971503198147,-0.12862595915794373],[-2605.4404296875,11.517468452453614,1071.3629150390626,-0.12883786857128144,-0.019413180649280549,-0.9914756417274475,0.010782187804579735,0.9997218251228333,-0.020975738763809205,0.9916070699691773,-0.013392746448516846,-0.12859271466732026],[-2581.850830078125,11.730897903442383,1074.420654296875,-0.1287841945886612,-0.019388116896152498,-0.9914830923080444,0.010691499337553978,0.9997236132621765,-0.020937981083989145,0.9916149973869324,-0.013296922668814659,-0.12854132056236268],[-2560.639892578125,11.901444435119629,1077.1689453125,-0.1286316215991974,-0.019333897158503534,-0.9915039539337158,0.010449696332216263,0.9997280240058899,-0.020849941298365594,0.9916374087333679,-0.013042877428233624,-0.12839460372924806],[-2539.29736328125,12.097358703613282,1079.8736572265626,-0.12517227232456208,-0.01997688226401806,-0.9919338822364807,0.009551712311804295,0.9997266530990601,-0.021339155733585359,0.992089033126831,-0.012145738117396832,-0.12494724243879318],[-2515.269775390625,12.309326171875,1082.758056640625,-0.1196417510509491,-0.0202508345246315,-0.9926105737686157,0.007676114793866873,0.9997432231903076,-0.021321572363376619,0.9927874803543091,-0.010170343331992627,-0.11945558339357376],[-2492.94775390625,12.498513221740723,1085.4371337890626,-0.11945150792598725,-0.019854942336678506,-0.9926415085792542,0.007651354186236858,0.9997519254684448,-0.02091790735721588,0.9928105473518372,-0.01009372714906931,-0.119269959628582],[-2472.3779296875,12.672435760498047,1087.90625,-0.11932690441608429,-0.019616030156612397,-0.9926612377166748,0.007663040887564421,0.9997568130493164,-0.020677413791418077,0.992825448513031,-0.010074175894260407,-0.11914756894111633],[-2448.428466796875,12.887405395507813,1090.77978515625,-0.11931556463241577,-0.019475912675261499,-0.9926653504371643,0.007684532552957535,0.9997594952583313,-0.020538758486509324,0.9928266406059265,-0.010078762657940388,-0.11913720518350601],[-2431.337646484375,13.0447416305542,1092.82958984375,-0.11932557076215744,-0.01938132755458355,-0.9926660060882568,0.007644079625606537,0.9997618794441223,-0.020438743755221368,0.9928257465362549,-0.010026882402598858,-0.11914900690317154],[-2406.5390625,13.256671905517579,1095.8060302734376,-0.11933760344982147,-0.019080033525824548,-0.9926703572273254,0.007613722700625658,0.9997683167457581,-0.020131776109337808,0.9928245544433594,-0.009960395283997059,-0.11916468292474747],[-2388.561767578125,13.421847343444825,1097.966064453125,-0.11931553483009339,-0.019278286024928094,-0.9926692247390747,0.007635205052793026,0.999764084815979,-0.020333800464868547,0.9928269982337952,-0.01000537071377039,-0.11914019286632538],[-2364.5830078125,13.631759643554688,1100.8427734375,-0.11931287497282028,-0.01934671774506569,-0.9926682114601135,0.007567056454718113,0.9997633695602417,-0.020394517108798028,0.9928278923034668,-0.00994490459561348,-0.11913824081420899],[-2343.191650390625,13.81480598449707,1103.4083251953126,-0.11925429105758667,-0.019413510337471963,-0.992673933506012,0.007584173697978258,0.9997618198394775,-0.02046324871480465,0.9928348064422607,-0.00996894109994173,-0.11907865107059479],[-2320.11083984375,14.020936012268067,1106.1766357421876,-0.1191917285323143,-0.019424667581915857,-0.9926812052726746,0.0075352126732468609,0.9997621178627014,-0.020467981696128846,0.9928426742553711,-0.00991967786103487,-0.11901700496673584],[-2298.742431640625,14.210908889770508,1108.737548828125,-0.11904563009738922,-0.01952444575726986,-0.9926968216896057,0.007491523865610361,0.9997605085372925,-0.020561769604682924,0.9928604960441589,-0.009884600527584553,-0.11887085437774658],[-2275.678955078125,14.413837432861329,1111.49853515625,-0.11895457655191422,-0.019673053175210954,-0.9927048087120056,0.0074874404817819599,0.9997574687004089,-0.02071003057062626,0.9928714632987976,-0.009896370582282544,-0.11877842992544174],[-2251.846923828125,14.624146461486817,1114.3504638671876,-0.11890917271375656,-0.019794035702943803,-0.9927077889442444,0.007522329688072205,0.9997546076774597,-0.02083558961749077,0.9928766489028931,-0.009945018216967583,-0.11873109638690949],[-2230.626220703125,14.724369049072266,1116.88623046875,-0.11875740438699722,-0.01343489158898592,-0.9928324222564697,0.007341841701418161,0.9998692274093628,-0.01440830621868372,0.9928961396217346,-0.009000311605632306,-0.11864323914051056],[-2206.9443359375,14.704947471618653,1119.7166748046876,-0.11854218691587448,-0.010738881304860115,-0.9928909540176392,0.0072083002887666229,0.9999058842658997,-0.01167535874992609,0.992922842502594,-0.008541078306734562,-0.11845362186431885],[-2186.702392578125,14.66403579711914,1122.1279296875,-0.11836470663547516,-0.008109239861369133,-0.9929370880126953,0.007080495357513428,0.9999343156814575,-0.009010428562760353,0.9929449558258057,-0.00809700321406126,-0.11829952150583267],[-2162.298828125,14.456352233886719,1125.0281982421876,-0.11805471777915955,-0.0028358004055917265,-0.9930030703544617,0.007056059781461954,0.9999682903289795,-0.003694562241435051,0.992982029914856,-0.007442849222570658,-0.11803096532821655],[-2140.47021484375,14.2313814163208,1127.50634765625,-0.11244886368513107,-0.0011429250007495285,-0.9936568737030029,0.006072660908102989,0.9999798536300659,-0.001837420859374106,0.9936389327049255,-0.006240757182240486,-0.11243966221809387],[-2116.146728515625,13.832782745361329,1129.853759765625,-0.09348776191473007,0.0042663621716201309,-0.995611310005188,-0.0008344774832949042,0.9999901056289673,0.0043634832836687569,0.99562007188797,0.001238747499883175,-0.09348328411579132],[-2091.84228515625,13.443243026733399,1131.802490234375,-0.0805734246969223,0.0023446199484169485,-0.9967459440231323,-0.003432960482314229,0.9999906420707703,0.0026297608856111767,0.9967427849769592,0.0036336781922727825,-0.08056462556123734],[-2071.76025390625,13.253777503967286,1133.40478515625,-0.08002994954586029,-0.0038501799572259189,-0.996785044670105,-0.0034333225339651109,0.9999876618385315,-0.003586895763874054,0.9967865347862244,0.0031352252699434759,-0.08004217594861984],[-2048.3642578125,13.034757614135743,1135.280029296875,-0.0799270048737526,-0.0034603863023221494,-0.9967947006225586,-0.0034269834868609907,0.9999890327453613,-0.003196686040610075,0.9967948198318481,0.0031604976393282415,-0.07993798702955246],[-2027.5203857421876,12.860477447509766,1136.94775390625,-0.07994378358125687,-0.003357907757163048,-0.9967937469482422,-0.0034224444534629585,0.9999893307685852,-0.003094189567491412,0.9967935085296631,0.003164110006764531,-0.07995442301034928],[-2004.2255859375,12.651191711425782,1138.8121337890626,-0.07994295656681061,-0.003402958158403635,-0.9967936277389526,-0.0034345299936830999,0.9999891519546509,-0.0031384178437292578,0.9967935085296631,0.0031726232264190914,-0.07995378226041794],[-1984.30029296875,12.47440242767334,1140.4071044921876,-0.07997202128171921,-0.0034677593503147365,-0.9967910647392273,-0.003446516115218401,0.9999889135360718,-0.00320237223058939,0.9967911243438721,0.003179356222972274,-0.07998308539390564],[-1963.5850830078126,12.291849136352539,1142.06689453125,-0.07988704741001129,-0.003483525710180402,-0.9967978596687317,-0.0034595655743032696,0.999988853931427,-0.003217414952814579,0.9967979192733765,0.0031914575956761839,-0.07989820837974549],[-1942.092041015625,12.153587341308594,1143.7862548828126,-0.07985392957925797,-0.006187029182910919,-0.9967873692512512,-0.0034537597093731167,0.9999764561653137,-0.005930138751864433,0.9968006014823914,0.002969119232147932,-0.07987342029809952],[-1923.9554443359376,12.139997482299805,1145.2349853515626,-0.08014463633298874,-0.012786888517439366,-0.9967012405395508,-0.003248722292482853,0.9999157786369324,-0.012566898949444294,0.9967779517173767,0.0022308360785245897,-0.08017942309379578],[-1901.7393798828126,12.142909049987793,1147.01708984375,-0.08001726120710373,-0.012712015770375729,-0.9967124462127686,-0.0032541374675929548,0.999916672706604,-0.012491636909544468,0.9967881441116333,0.0022438925225287678,-0.0800519660115242],[-1882.04443359375,12.14291000366211,1148.5960693359376,-0.07998362183570862,-0.012528616935014725,-0.9967174530029297,-0.0032957419753074648,0.9999188780784607,-0.01230438519269228,0.9967907071113586,0.00230077444575727,-0.08001842349767685],[-1859.13037109375,12.144246101379395,1150.43359375,-0.07998064160346985,-0.012424716725945473,-0.9967190027236939,-0.003342296928167343,0.9999200105667114,-0.012196420691907406,0.9967908263206482,0.002355853095650673,-0.08001577109098435],[-1840.3590087890626,12.143097877502442,1151.9393310546876,-0.07994414865970612,-0.012301094830036164,-0.9967234134674072,-0.003364640288054943,0.9999215006828308,-0.012070695869624615,0.9967936873435974,0.0023886344861239197,-0.07997925579547882],[-1819.1982421875,12.145496368408204,1153.63525390625,-0.07991847395896912,-0.012261862866580487,-0.9967259764671326,-0.003384337294846773,0.9999219179153442,-0.012029820121824742,0.996795654296875,0.0024118521250784399,-0.07995373010635376],[-1798.140625,12.164163589477539,1155.36279296875,-0.0822291374206543,-0.012927791103720665,-0.9965295791625977,-0.003318383125588298,0.9999138712882996,-0.012697876431047917,0.9966078996658325,0.002262731548398733,-0.08226495236158371],[-1778.0460205078126,12.319385528564454,1157.248291015625,-0.09310327470302582,-0.0218909103423357,-0.9954157471656799,-0.0028223847039043905,0.9997600317001343,-0.02172246389091015,0.995652437210083,0.0007870135013945401,-0.09314272552728653],[-1758.2069091796876,12.492339134216309,1159.4736328125,-0.11075127869844437,-0.020279232412576677,-0.9936412572860718,0.00045021442929282784,0.9997906684875488,-0.02045491896569729,0.9938480257987976,-0.0027127601206302644,-0.11071896553039551],[-1736.530517578125,12.67505168914795,1162.084228515625,-0.11810722947120667,-0.019121019169688226,-0.9928167462348938,0.0004573837504722178,0.999813437461853,-0.019310183823108674,0.9930007457733154,-0.002734770532697439,-0.11807645112276077],[-1716.8917236328126,12.846731185913086,1164.4267578125,-0.11852477490901947,-0.018598493188619615,-0.9927768707275391,0.0004995547933503985,0.9998233318328857,-0.018790140748023988,0.992950975894928,-0.0027230435516685249,-0.11849454045295716],[-1697.7322998046876,13.048855781555176,1166.9068603515626,-0.12839214503765107,-0.020272456109523774,-0.9915162324905396,0.0007118759676814079,0.9997888803482056,-0.02053377963602543,0.9917232394218445,-0.003342212410643697,-0.12835060060024262],[-1680.520263671875,13.329000473022461,1169.5272216796876,-0.14869603514671327,-0.026631033048033716,-0.988524317741394,0.0023917837534099819,0.9996247291564941,-0.0272898580878973,0.9888800382614136,-0.006422230042517185,-0.1485765427350998],[-1660.355712890625,13.698241233825684,1173.3746337890626,-0.18938225507736207,-0.025275148451328279,-0.9815780520439148,0.011953196488320828,0.9995352029800415,-0.02804374322295189,0.9818306565284729,-0.017043983563780786,-0.18899211287498475],[-1643.6392822265626,13.998932838439942,1177.6268310546876,-0.24243798851966859,-0.021854456514120103,-0.9699206948280335,0.02541663870215416,0.9992600083351135,-0.02886859141290188,0.9698339104652405,-0.03165096789598465,-0.2417031228542328],[-1625.714599609375,14.296111106872559,1183.560302734375,-0.30805110931396487,-0.015461310744285584,-0.9512441754341126,0.031388767063617709,0.9991583824157715,-0.02640504203736782,0.9508518576622009,-0.037992484867572787,-0.30730655789375307],[-1611.11181640625,14.537651062011719,1189.618896484375,-0.37014564871788027,-0.011478981003165245,-0.928902804851532,0.0323292538523674,0.9991587996482849,-0.02522961050271988,0.9284110069274902,-0.0393693633377552,-0.36946314573287966],[-1595.0672607421876,14.82449722290039,1197.7652587890626,-0.4439219534397125,-0.004863276612013578,-0.8960522413253784,0.035138051956892017,0.9991216659545898,-0.022830763831734659,0.8953762650489807,-0.041620608419179919,-0.4433611333370209],[-1582.279541015625,15.144969940185547,1205.6810302734376,-0.5109978318214417,-0.00011087597522418946,-0.8595820069313049,0.045970719307661059,0.9985653758049011,-0.027457131072878839,0.8583518266677856,-0.05354613810777664,-0.5102596282958984],[-1569.0540771484376,15.573277473449707,1215.57861328125,-0.5878875255584717,0.0035133943893015386,-0.8089350461959839,0.05163320153951645,0.9981144666671753,-0.033188994973897937,0.807293176651001,-0.0612793043255806,-0.5869604349136353],[-1557.48046875,15.909292221069336,1225.8577880859376,-0.6634528040885925,0.012071328237652779,-0.7481207251548767,0.05138732120394707,0.998244047164917,-0.02946440316736698,0.7464513778686523,-0.05799216032028198,-0.662908136844635],[-1546.5089111328126,16.28611946105957,1237.731201171875,-0.7416324615478516,0.026179151609539987,-0.6702954173088074,0.057451844215393069,0.9980455040931702,-0.024586426094174386,0.6683416366577148,-0.0567437969148159,-0.741686999797821],[-1539.02001953125,16.620878219604493,1247.5123291015626,-0.8039239645004273,0.027294129133224489,-0.5941054224967957,0.06375402957201004,0.9971451759338379,-0.04045946151018143,0.5913050770759583,-0.07040295004844666,-0.8033689856529236],[-1531.1263427734376,17.221912384033204,1260.4552001953126,-0.8699579238891602,0.047608472406864169,-0.49082237482070925,0.08315759897232056,0.9952378273010254,-0.05085722357034683,0.48606374859809878,-0.085059255361557,-0.8697741031646729],[-1525.1622314453126,17.81300163269043,1273.242919921875,-0.9159470200538635,0.06442442536354065,-0.39609408378601076,0.09332455694675446,0.9941644072532654,-0.05410805344581604,0.3902967572212219,-0.08652541786432266,-0.916614294052124],[-1520.4871826171876,17.662057876586915,1285.59228515625,-0.9378646016120911,0.11860667914152146,-0.32610198855400088,0.12703143060207368,0.9918881058692932,-0.004580526612699032,0.32291337847709658,-0.04572111368179321,-0.9453235268592835],[-1516.28515625,17.117216110229493,1298.6593017578126,-0.9518367648124695,0.18871422111988069,-0.24164795875549317,0.18401287496089936,0.9820221662521362,0.042091578245162967,0.24524693191051484,-0.004402024205774069,-0.9694506525993347],[-1513.1412353515626,16.511932373046876,1310.443359375,-0.9571213126182556,0.25269588828086855,-0.14164604246616364,0.25177696347236636,0.9674707055091858,0.024672536179423333,0.14327305555343629,-0.012048603966832161,-0.9896098375320435],[-1511.1268310546876,16.106992721557618,1320.1650390625,-0.9571064710617065,0.28373998403549197,-0.058641042560338977,0.28422585129737856,0.9587573409080505,0.00005765262903878465,0.05623888596892357,-0.01661211997270584,-0.9982791543006897],[-1509.5111083984376,15.990620613098145,1332.145751953125,-0.9570846557617188,0.2868990898132324,0.04096124321222305,0.28582921624183657,0.9578086733818054,-0.030069425702095033,-0.04785992577672005,-0.017071066424250604,-0.998708188533783],[-1508.836669921875,16.0081844329834,1342.79736328125,-0.9505300521850586,0.28512483835220339,0.12327364087104798,0.28216859698295596,0.9584804773330689,-0.04118361324071884,-0.1298978477716446,-0.004362314473837614,-0.9915177822113037],[-1508.8685302734376,16.09099578857422,1352.22998046875,-0.939964771270752,0.28318944573402407,0.19044680893421174,0.27832576632499697,0.9590566158294678,-0.05239410698413849,-0.1974867284297943,0.0037576386239379646,-0.9802983403205872],[-1509.590576171875,16.29180908203125,1361.9833984375,-0.9255088567733765,0.28103649616241457,0.2538735866546631,0.2749345600605011,0.9595906138420105,-0.05997328460216522,-0.26046937704086306,0.01429281011223793,-0.9653763175010681],[-1511.0673828125,16.633878707885743,1371.89111328125,-0.9094160795211792,0.2788929343223572,0.3085142970085144,0.2714468836784363,0.9600668549537659,-0.06773652881383896,-0.31508558988571169,0.022144559770822526,-0.9488048553466797],[-1512.9534912109376,16.784339904785158,1380.5782470703126,-0.896954357624054,0.2708806097507477,0.3494231402873993,0.268000066280365,0.961696445941925,-0.05758371949195862,-0.3516373038291931,0.04199545830488205,-0.9351938962936401],[-1515.3221435546876,16.903690338134767,1388.7353515625,-0.8862674832344055,0.2616192102432251,0.3822111487388611,0.2669348120689392,0.9628793597221375,-0.04011419042944908,-0.37851786613464358,0.0664735659956932,-0.9232039451599121],[-1518.2886962890626,17.21904754638672,1396.536865234375,-0.8741342425346375,0.2624221444129944,0.4086855947971344,0.2659798562526703,0.9627185463905335,-0.04927155002951622,-0.40637916326522829,0.06563219428062439,-0.9113442897796631],[-1521.461669921875,17.68431854248047,1403.1478271484376,-0.8618276119232178,0.26820239424705508,0.43048885464668276,0.2644774615764618,0.9618639349937439,-0.06978165358304978,-0.43278729915618899,0.05371484160423279,-0.8998943567276001],[-1525.33642578125,18.307167053222658,1409.966552734375,-0.8431840538978577,0.2721804678440094,0.4636360704898834,0.2614152729511261,0.9611311554908752,-0.08881952613592148,-0.4697900116443634,0.046310342848300937,-0.8815626502037048],[-1529.0838623046876,18.978151321411134,1415.6302490234376,-0.821759819984436,0.27134034037590029,0.5010840892791748,0.2573060393333435,0.9612893462181091,-0.09857188910245896,-0.5084332823753357,0.0479295440018177,-0.85976642370224],[-1533.703857421875,19.833372116088868,1421.7196044921876,-0.7909400463104248,0.2713468372821808,0.5484384298324585,0.2510029971599579,0.9612944722175598,-0.11362417787313461,-0.5580424070358276,0.047789786010980609,-0.8284351825714111],[-1537.9921875,20.804777145385743,1426.6778564453126,-0.7575129866600037,0.2790926396846771,0.5901536345481873,0.2453945130109787,0.9594425559043884,-0.13874998688697816,-0.6049426198005676,0.03971555456519127,-0.795278012752533],[-1543.279541015625,21.91820526123047,1432.1754150390626,-0.709407389163971,0.3047402501106262,0.6355112791061401,0.2573073208332062,0.9514357447624207,-0.16900576651096345,-0.6561509966850281,0.04362776130437851,-0.7533674240112305],[-1547.9102783203126,23.252487182617189,1436.67724609375,-0.6640061736106873,0.33874785900115969,0.6665925979614258,0.2714546322822571,0.9398779273033142,-0.20722416043281556,-0.6967124342918396,0.043351516127586368,-0.7160394191741943],[-1553.5467529296876,24.83455467224121,1442.0701904296876,-0.632137656211853,0.33781468868255618,0.6973400712013245,0.2636198103427887,0.940036952495575,-0.2164141982793808,-0.7286333441734314,0.04702909290790558,-0.6832874417304993],[-1558.629638671875,25.67650032043457,1446.9730224609376,-0.615906834602356,0.3022915720939636,0.7275153398513794,0.259989470243454,0.9497109651565552,-0.17451225221157075,-0.743682861328125,0.08166302740573883,-0.6635261178016663],[-1564.8890380859376,25.470321655273439,1452.5718994140626,-0.6090430021286011,0.21925202012062074,0.762230396270752,0.2581949532032013,0.9634921550750732,-0.07083918154239655,-0.7499346733093262,0.15365993976593018,-0.6434178948402405],[-1570.4273681640626,25.61971092224121,1456.89599609375,-0.6087111234664917,0.09947098046541214,0.787131667137146,0.20934098958969117,0.9770879149436951,0.038413263857364658,-0.7652758359909058,0.18816150724887849,-0.6155876517295837],[-1576.16943359375,25.62384033203125,1461.363525390625,-0.6040234565734863,0.028339218348264695,0.7964625358581543,0.08471095561981201,0.9959891438484192,0.028804682195186616,-0.7924517393112183,0.08486780524253845,-0.6040014624595642],[-1582.1968994140626,25.662492752075197,1466.257080078125,-0.6249225735664368,0.006352636497467756,0.78066086769104,-0.050880059599876407,0.9975094795227051,-0.04884696751832962,-0.7790269255638123,-0.0702456459403038,-0.6230430006980896],[-1587.1988525390626,26.30190658569336,1471.0257568359376,-0.66977858543396,-0.02677499