{"DriveData":[[-12662.7333984375,8.140157699584961,523.7254028320313,-0.18770533800125123,0.006969432346522808,-0.9822006821632385,-0.0005627669161185622,0.9999738931655884,0.007203095126897097,0.982225239276886,0.001904809381812811,-0.18769651651382447],[-12662.7333984375,8.139514923095704,523.7254638671875,-0.1877061426639557,0.007002457045018673,-0.9822002649307251,-0.0005551372305490077,0.9999736547470093,0.007235260680317879,0.9822250604629517,0.0019033588469028473,-0.18769732117652894],[-12662.728515625,8.139216423034668,523.7265625,-0.18770626187324525,0.007011731155216694,-0.9822002053260803,-0.0005433855694718659,0.9999736547470093,0.00724245747551322,0.9822250604629517,0.0018931679660454393,-0.18769749999046327],[-12662.689453125,8.138975143432618,523.7340087890625,-0.18770624697208405,0.007016846444457769,-0.9822001457214356,-0.0005402382812462747,0.9999735951423645,0.007247063796967268,0.9822250604629517,0.0018909412901848555,-0.18769749999046327],[-12662.6015625,8.139350891113282,523.7510986328125,-0.18770664930343629,0.006967276334762573,-0.9822004437446594,-0.0005333151784725487,0.9999739527702332,0.007195274345576763,0.9822250008583069,0.0018744233530014754,-0.18769805133342744],[-12662.34375,8.140907287597657,523.8001098632813,-0.18770816922187806,0.006827798206359148,-0.982201099395752,-0.0005147897754795849,0.9999750256538391,0.007049735635519028,0.982224702835083,0.0018289200961589814,-0.18769997358322144],[-12661.8173828125,8.141250610351563,523.9007568359375,-0.187707781791687,0.00678260950371623,-0.9822015166282654,-0.0005024520214647055,0.9999753832817078,0.007001370657235384,0.9822247624397278,0.0018077208660542966,-0.18769975006580354],[-12660.9619140625,8.141780853271485,524.064208984375,-0.1877048760652542,0.006714371964335442,-0.9822025299072266,-0.0005006955470889807,0.999975860118866,0.0069315568543970589,0.9822253584861755,0.0017928715096786619,-0.18769699335098267],[-12659.7763671875,8.142558097839356,524.2910766601563,-0.18770535290241242,0.0066217961721122269,-0.9822030663490295,-0.0005272303242236376,0.9999764561653137,0.006842377595603466,0.982225239276886,0.0018021982396021486,-0.18769745528697968],[-12658.298828125,8.143054962158204,524.5736083984375,-0.1877051144838333,0.006541003473103046,-0.9822036623954773,-0.0005273952265270054,0.9999769926071167,0.006760153919458389,0.9822252988815308,0.001786925015039742,-0.18769735097885133],[-12656.541015625,8.144009590148926,524.9097900390625,-0.18770462274551392,0.006424166727811098,-0.9822044968605042,-0.0005422511021606624,0.9999777674674988,0.006644040811806917,0.9822253584861755,0.001779718673788011,-0.18769696354866029],[-12654.412109375,8.144922256469727,525.3165283203125,-0.1877063661813736,0.006304480135440826,-0.9822049736976624,-0.0005546713364310563,0.9999785423278809,0.006524565629661083,0.9822250604629517,0.0017695033457130194,-0.1876988410949707],[-12651.7607421875,8.145962715148926,525.822998046875,-0.18770380318164826,0.006165589205920696,-0.9822063446044922,-0.0005514523945748806,0.9999794960021973,0.006382541265338659,0.9822255373001099,0.0017396672628819943,-0.18769654631614686],[-12648.509765625,8.153193473815918,526.4432983398438,-0.18769755959510804,0.006267225835472345,-0.9822068810462952,-0.0004998947842977941,0.9999788999557495,0.006476153619587421,0.9822267293930054,0.0017065582796931267,-0.18769046664237977],[-12645.041015625,8.148211479187012,527.0814819335938,-0.18640418350696565,0.006439802702516317,-0.9824520349502564,-0.0009603221551515162,0.9999768733978272,0.0067368801683187489,0.9824726581573486,0.0021992530673742296,-0.18639369308948518],[-12642.052734375,8.149857521057129,527.565673828125,-0.18215696513652802,0.006178790237754583,-0.9832500219345093,-0.0023976825177669527,0.9999744892120361,0.006728081963956356,0.9832665324211121,0.003583088517189026,-0.18213750422000886],[-12639.044921875,8.15495777130127,527.9470825195313,-0.17348255217075349,0.005751179531216621,-0.9848201274871826,-0.004150052089244127,0.9999697804450989,0.006570709869265556,0.9848281741142273,0.005226958077400923,-0.1734534353017807],[-12636.1337890625,8.166528701782227,528.177734375,-0.15987242758274079,0.0050368220545351509,-0.9871248602867127,-0.005457013845443726,0.9999672174453735,0.005986155476421118,0.9871225953102112,0.00634377496317029,-0.1598396897315979],[-12633.1572265625,8.191863059997559,528.2454223632813,-0.1399664729833603,0.0038063593674451114,-0.9901489019393921,-0.007040171418339014,0.9999635219573975,0.004839280620217323,0.9901311993598938,0.007648155093193054,-0.13993456959724427],[-12630.0302734375,8.212578773498536,528.1641235351563,-0.11529919505119324,0.002969126682728529,-0.9933263659477234,-0.007216103374958038,0.9999666213989258,0.0038265755865722896,0.9933046102523804,0.007609147112816572,-0.11527392268180847],[-12626.625,8.213024139404297,528.019775390625,-0.09067486226558685,0.003235171316191554,-0.9958752989768982,-0.004370950162410736,0.9999837875366211,0.003646494820713997,0.9958709478378296,0.0046835667453706268,-0.0906592532992363],[-12623.0419921875,8.203289985656739,527.9323120117188,-0.07250858843326569,0.0037894449196755888,-0.9973605871200562,0.0002732597349677235,0.999992847442627,0.003779579885303974,0.9973677396774292,0.00000151352605826105,-0.07250910252332688],[-12619.4169921875,8.204120635986329,527.95068359375,-0.06151280179619789,0.0037835296243429186,-0.998099148273468,0.0022635075729340317,0.9999907612800598,0.0036512005608528854,0.9981037378311157,-0.002034609206020832,-0.06152079626917839],[-12615.4765625,8.207246780395508,528.0454711914063,-0.05432700365781784,0.0037208597641438247,-0.9985162615776062,0.0011050470639020205,0.9999926686286926,0.003666238160803914,0.9985225796699524,-0.0009042317396961153,-0.05433071404695511],[-12611.5146484375,8.20907974243164,528.1751098632813,-0.05000149831175804,0.0037271485198289158,-0.9987421631813049,-0.00016851595137268305,0.9999929666519165,0.0037402529269456865,0.9987491369247437,0.00035532223409973085,-0.050000522285699847],[-12607.3857421875,8.208333015441895,528.32421875,-0.04727168381214142,0.0038093412294983865,-0.9988747835159302,-0.000385257852030918,0.9999926090240479,0.0038318363949656488,0.998881995677948,0.0005659617017954588,-0.04726986587047577],[-12602.9208984375,8.206694602966309,528.4961547851563,-0.04551601782441139,0.003926129080355167,-0.9989559054374695,-0.0001377016888000071,0.9999922513961792,0.003936476539820433,0.9989635944366455,0.00031673064222559333,-0.04551512375473976],[-12598.4580078125,8.204692840576172,528.6761474609375,-0.044481344521045688,0.004091464448720217,-0.9990018606185913,-0.0000019884014363924509,0.9999915957450867,0.004095606505870819,0.9990102052688599,0.00018416449893265963,-0.04448096454143524],[-12594.0234375,8.198293685913086,528.8602905273438,-0.043871767818927768,0.00444604828953743,-0.9990272521972656,0.000014230819033400622,0.9999901056289673,0.004449708387255669,0.9990371465682983,0.00018099960288964212,-0.04387139901518822],[-12589.5810546875,8.194611549377442,529.047607421875,-0.043509118258953097,0.004609880968928337,-0.9990423917770386,-0.000008063998393481598,0.9999893307685852,0.004614601843059063,0.9990530014038086,0.0002088335168082267,-0.0435086190700531],[-12585.455078125,8.191215515136719,529.2232055664063,-0.04330853745341301,0.004748216364532709,-0.9990504384040833,-0.000024620738258818166,0.9999886751174927,0.004753742832690477,0.9990617632865906,0.00023047500872053206,-0.04330793023109436],[-12581.4677734375,8.188101768493653,529.3936767578125,-0.04319383576512337,0.004875265993177891,-0.9990547895431519,-0.00004829144018003717,0.9999880790710449,0.004881908185780048,0.9990667104721069,0.0002591141383163631,-0.043193086981773379],[-12577.333984375,8.188348770141602,529.571044921875,-0.04312523454427719,0.004752967040985823,-0.9990583658218384,-0.00008384978718822822,0.9999886751174927,0.0047610122710466389,0.9990696907043457,0.0002890906180255115,-0.04312434792518616],[-12573.2421875,8.186203956604004,529.7467041015625,-0.043083563446998599,0.004809224512428045,-0.9990599155426025,-0.00007665612065466121,0.9999883770942688,0.004816999658942223,0.999071478843689,0.00028411755920387805,-0.043082695454359058],[-12568.8759765625,8.18515396118164,529.9342041015625,-0.04305495694279671,0.004849493503570557,-0.9990609288215637,-0.00006857795233372599,0.9999881982803345,0.004856949672102928,0.9990727305412293,0.0002776293258648366,-0.04305411875247955],[-12564.5595703125,8.184576988220215,530.1199340820313,-0.043039482086896899,0.00487147131934762,-0.9990615248680115,-0.00009838286496233195,0.9999880790710449,0.004880228079855442,0.9990733861923218,0.0003083330229856074,-0.04303848743438721],[-12560.3056640625,8.184103965759278,530.30322265625,-0.043027009814977649,0.004907318856567144,-0.9990618824958801,-0.00011391764564905316,0.9999879002571106,0.004916773643344641,0.9990739226341248,0.0003253648173995316,-0.04302592948079109],[-12555.76953125,8.183528900146485,530.4982299804688,-0.043017249554395679,0.004937483463436365,-0.9990621209144592,-0.0000895663833944127,0.999987781047821,0.004945914726704359,0.9990743398666382,0.00030224202782846987,-0.043016280978918079],[-12551.1220703125,8.183038711547852,530.6981201171875,-0.043012071400880817,0.004968434106558561,-0.999062180519104,-0.00003101858601439744,0.9999876022338867,0.004974371753633022,0.9990745782852173,0.00024494752869941294,-0.0430113822221756],[-12546.3603515625,8.182563781738282,530.9028930664063,-0.043012361973524097,0.0049951644614338879,-0.9990620613098145,-0.000013156903150957078,0.9999874830245972,0.005000357981771231,0.9990745186805725,0.0002282217756146565,-0.04301175847649574],[-12541.484375,8.182440757751465,531.1130981445313,-0.04300782456994057,0.00500647583976388,-0.999062180519104,-0.00006251473678275943,0.9999874234199524,0.005013803485780954,0.9990747570991516,0.00027808890445157886,-0.04300697147846222],[-12536.298828125,8.182002067565918,531.3364868164063,-0.04300934448838234,0.00502450205385685,-0.9990620613098145,-0.00008213830005843192,0.9999873042106628,0.005032691173255444,0.9990746378898621,0.0002985140308737755,-0.043008387088775638],[-12531.3876953125,8.181716918945313,531.5478515625,-0.04300796613097191,0.005033234134316444,-0.9990620613098145,-0.00006012277299305424,0.9999873042106628,0.005040484014898539,0.9990747570991516,0.0002768473350442946,-0.04300711676478386],[-12525.9638671875,8.181350708007813,531.7813110351563,-0.04301006346940994,0.005045617930591106,-0.9990618824958801,-0.00005270114343147725,0.9999872446060181,0.00505256000906229,0.9990746378898621,0.00026996262022294104,-0.04300924763083458],[-12520.625,8.181078910827637,532.0111694335938,-0.04300970584154129,0.005049333907663822,-0.9990618824958801,-0.0000538922286068555,0.9999872446060181,0.005056330934166908,0.9990746378898621,0.00027131297974847257,-0.04300888255238533],[-12515.169921875,8.180819511413575,532.2459716796875,-0.043010108172893527,0.00505157932639122,-0.9990618824958801,-0.00005000122109777294,0.9999871850013733,0.005058411043137312,0.9990746378898621,0.0002675171126611531,-0.043009303510189059],[-12509.6005859375,8.180482864379883,532.4867553710938,-0.04307280853390694,0.005053224973380566,-0.9990591406822205,-0.000013731811122852378,0.9999871850013733,0.005058510694652796,0.9990719556808472,0.00023160316050052643,-0.04307219013571739],[-12503.9130859375,8.177956581115723,532.771728515625,-0.04527619853615761,0.005111849866807461,-0.9989614486694336,0.0013794153928756714,0.9999862909317017,0.0050545744597911839,0.998973548412323,-0.0011491308687254787,-0.04528262838721275],[-12498.1142578125,8.17384147644043,533.1821899414063,-0.05282018333673477,0.005226015113294125,-0.998590350151062,0.004647670313715935,0.9999767541885376,0.004987433552742004,0.9985932111740112,-0.004377681761980057,-0.05284324660897255],[-12491.9755859375,8.172974586486817,533.8295288085938,-0.06835789978504181,0.0052773128263652329,-0.9976469278335571,0.008728490211069584,0.9999508857727051,0.004691431764513254,0.9976226687431336,-0.008387254551053048,-0.06840060651302338],[-12485.740234375,8.18109130859375,534.7869262695313,-0.0929730013012886,0.005118043161928654,-0.9956554770469666,0.012468851171433926,0.9999143481254578,0.003975610714405775,0.9955905675888062,-0.012045055627822876,-0.09302885830402374],[-12479.6708984375,8.19054126739502,536.0691528320313,-0.12559939920902253,0.005208002403378487,-0.9920673966407776,0.01560185942798853,0.9998729228973389,0.0032737255096435549,0.9919583797454834,-0.015066917985677719,-0.12566469609737397],[-12473.341796875,8.186578750610352,537.83935546875,-0.168802410364151,0.006422050297260284,-0.9856289625167847,0.01881703920662403,0.9998175501823425,0.003291824134066701,0.9854702949523926,-0.017990950495004655,-0.16889244318008424],[-12467.2783203125,8.186302185058594,539.9893188476563,-0.21727095544338227,0.007821302860975266,-0.9760800004005432,0.020558953285217286,0.9997827410697937,0.0034349034540355207,0.9758948087692261,-0.019320879131555558,-0.21738454699516297],[-12461.205078125,8.184090614318848,542.610595703125,-0.27059635519981387,0.009071764536201954,-0.9626501798629761,0.019882291555404664,0.9997949600219727,0.0038329907692968847,0.9624875783920288,-0.0181024968624115,-0.2707212269306183],[-12455.6728515625,8.189748764038086,545.4133911132813,-0.32163840532302859,0.009459869004786015,-0.9468153119087219,0.01784736104309559,0.9998329877853394,0.0039267344400286678,0.9466943740844727,-0.015635166317224504,-0.32175353169441225],[-12450.46875,8.195802688598633,548.46826171875,-0.372892826795578,0.00988034624606371,-0.9278218150138855,0.016808055341243745,0.9998511672019959,0.0038922049570828678,0.927722156047821,-0.01414350513368845,-0.37300339341163638],[-12445.5849609375,8.202557563781739,551.7141723632813,-0.4221157133579254,0.010136647149920464,-0.9064852595329285,0.01591043919324875,0.9998663067817688,0.00377198145724833,0.9064023494720459,-0.01283036544919014,-0.4222205579280853],[-12440.8349609375,8.16690731048584,555.2546997070313,-0.4705561101436615,0.012247898615896702,-0.8822850584983826,0.01509169116616249,0.9998691082000732,0.0058312308974564079,0.8822410106658936,-0.010571252554655075,-0.470679372549057],[-12436.3779296875,8.128044128417969,558.99951171875,-0.5181716084480286,0.015015262179076672,-0.8551448583602905,0.016099978238344194,0.9998399615287781,0.00780020747333765,0.8551251292228699,-0.009725968353450299,-0.5183303952217102],[-12432.369140625,8.134658813476563,562.8035888671875,-0.5627752542495728,0.016067057847976686,-0.8264537453651428,0.01574336551129818,0.9998380541801453,0.008717339485883713,0.8264600038528442,-0.008105261251330376,-0.5629370808601379],[-12428.5634765625,8.139054298400879,566.837158203125,-0.6066861152648926,0.016081158071756364,-0.7947788238525391,0.015538505278527737,0.9998442530632019,0.008369194343686104,0.7947896122932434,-0.007272200658917427,-0.606841504573822],[-12425.0478515625,8.138054847717286,570.9767456054688,-0.6480593681335449,0.017107941210269929,-0.761397659778595,0.016743212938308717,0.9998260736465454,0.008214326575398445,0.7614057660102844,-0.007424871902912855,-0.6482331156730652],[-12421.431640625,8.13414478302002,575.7398071289063,-0.6912926435470581,0.018501779064536096,-0.7223379611968994,0.01824616640806198,0.9998003244400024,0.008146663196384907,0.7223444581031799,-0.007548170164227486,-0.6914921998977661],[-12418.0302734375,8.130413055419922,580.8019409179688,-0.7326314449310303,0.019712433218955995,-0.680340051651001,0.01934216171503067,0.9997798204421997,0.008139188401401043,0.680350661277771,-0.007196221500635147,-0.7328513860702515],[-12414.9765625,8.127739906311036,585.9487915039063,-0.7702622413635254,0.020462194457650186,-0.637398898601532,0.019736764952540399,0.999771237373352,0.008244489319622517,0.6374217867851257,-0.0062297736294567589,-0.7704898715019226],[-12412.166015625,8.125240325927735,591.3554077148438,-0.8057706356048584,0.021276479586958886,-0.5918453931808472,0.020237291231751443,0.9997600317001343,0.008388606831431389,0.5918818712234497,-0.005218055564910173,-0.8060078620910645],[-12409.52734375,8.12360954284668,597.229736328125,-0.8400022387504578,0.022065499797463418,-0.5421340465545654,0.02084473893046379,0.9997475147247315,0.008393311873078347,0.5421823859214783,-0.004250241909176111,-0.8402500748634338],[-12407.1904296875,8.119778633117676,603.3538818359375,-0.8712500929832459,0.02272188290953636,-0.49031317234039309,0.02127815969288349,0.9997373223304749,0.008519686758518219,0.4903779625892639,-0.0030101845040917398,-0.8715046644210815],[-12405.1865234375,8.117656707763672,609.713623046875,-0.8995384573936462,0.0235256627202034,-0.43620768189430239,0.02199345827102661,0.9997214674949646,0.008562772534787655,0.43628761172294619,-0.00189117225818336,-0.8998053073883057],[-12404.1171875,8.536554336547852,615.7241821289063,-0.9277099967002869,-0.005852505099028349,-0.37325581908226015,-0.00219950289465487,0.9999454617500305,-0.010211991146206856,0.37329521775245669,-0.008652789518237114,-0.927672266960144],[-12403.23046875,8.607823371887207,622.10888671875,-0.9478426575660706,-0.040266003459692,-0.316184937953949,-0.03898633271455765,0.9991858601570129,-0.010374663397669793,0.3163452744483948,0.0024933426175266506,-0.9486408233642578],[-12402.509765625,8.585719108581543,628.8645629882813,-0.9656200408935547,-0.04617936164140701,-0.2558230757713318,-0.045527249574661258,0.9989271759986877,-0.00847379956394434,0.25593993067741396,0.0034644498955458404,-0.966686487197876],[-12402.0751953125,8.739445686340332,635.6732788085938,-0.9810765981674194,-0.022734811529517175,-0.19228075444698335,-0.01955614984035492,0.9996392130851746,-0.018413320183753969,0.19262999296188355,-0.014304605312645436,-0.981167197227478],[-12401.9169921875,8.811820030212403,642.5059814453125,-0.9897410869598389,0.019264139235019685,-0.14156779646873475,0.022005250677466394,0.9995989799499512,-0.017822474241256715,0.14116768538951875,-0.020754870027303697,-0.9897680878639221],[-12402.587890625,8.936026573181153,649.001708984375,-0.9949125647544861,-0.024799101054668428,-0.09764233231544495,-0.024070505052804948,0.9996730089187622,-0.008632972836494446,0.09782449156045914,-0.006238752510398626,-0.9951841235160828],[-12403.6103515625,9.01934814453125,655.5515747070313,-0.9962149262428284,-0.07860316336154938,-0.03711361065506935,-0.07833941280841828,0.9968904256820679,-0.008510335348546505,0.03766714408993721,-0.005570664536207914,-0.9992747902870178],[-12404.69140625,9.007129669189454,662.1537475585938,-0.9971760511398315,-0.07123386859893799,0.023782676085829736,-0.07144536077976227,0.9974111318588257,-0.008163427002727986,-0.0231395922601223,-0.009839535690844059,-0.9996837973594666],[-12406.06640625,8.948319435119629,668.7903442382813,-0.9954366087913513,-0.04479971155524254,0.08425530791282654,-0.045520003885030749,0.9989413022994995,-0.006646373309195042,-0.0838683545589447,-0.010451345704495907,-0.9964220523834229],[-12407.8935546875,8.855799674987793,675.2269287109375,-0.9890521764755249,-0.03905555233359337,0.14230406284332276,-0.03975899517536163,0.999207079410553,-0.0021020963322371246,-0.14210912585258485,-0.007736949250102043,-0.9898207783699036],[-12410.4755859375,8.66421890258789,681.5533447265625,-0.9756573438644409,-0.07441702485084534,0.20628821849822999,-0.07390305399894715,0.9972131848335266,0.010206990875303746,-0.20647290349006654,-0.0052868034690618519,-0.9784380197525024],[-12413.2490234375,8.765478134155274,687.2998657226563,-0.9584001302719116,-0.11108944565057755,0.2629226744174957,-0.11316271126270294,0.9935497045516968,0.007293883711099625,-0.2620370090007782,-0.022762583568692209,-0.9647893309593201],[-12416.0400390625,8.78378677368164,692.8264770507813,-0.9424629211425781,-0.10997370630502701,0.31570470333099368,-0.11387452483177185,0.9934762716293335,0.0061251940205693249,-0.3143187463283539,-0.030177954584360124,-0.9488376975059509],[-12418.86328125,8.653111457824707,698.3302001953125,-0.9285818934440613,-0.09138172119855881,0.35970139503479006,-0.09357818961143494,0.995547354221344,0.01134223397821188,-0.3591362237930298,-0.02312801219522953,-0.932998538017273],[-12421.6123046875,8.324191093444825,703.9700317382813,-0.9187936782836914,-0.06138357147574425,0.3899361491203308,-0.05589033290743828,0.9981130361557007,0.025429947301745416,-0.3907613456249237,0.001571214059367776,-0.9204906821250916],[-12424.509765625,8.324930191040039,709.595458984375,-0.9099246859550476,-0.045357245951890948,0.41228604316711428,-0.03902331367135048,0.9989554286003113,0.023773763328790666,-0.41293370723724368,0.00554356724023819,-0.9107441902160645],[-12427.5517578125,8.34141731262207,715.5122680664063,-0.9043747186660767,-0.05914336070418358,0.4226209223270416,-0.05621364340186119,0.9982302188873291,0.019403893500566484,-0.4230205714702606,-0.006208671256899834,-0.9060987830162048],[-12430.1162109375,8.300131797790528,721.1826171875,-0.9047719240188599,-0.05550780147314072,0.4222637712955475,-0.05575788766145706,0.9983749389648438,0.011768543161451817,-0.4222308397293091,-0.012896690517663956,-0.9063966274261475],[-12432.33203125,8.19127368927002,727.3768920898438,-0.9119013547897339,-0.009503171779215336,0.41029947996139529,-0.008134297095239163,0.9999539852142334,0.005081796552985907,-0.4103288948535919,0.0012965990463271738,-0.9119367003440857],[-12434.4326171875,8.174674987792969,733.7070922851563,-0.9222965836524963,0.00837341882288456,0.38639217615127566,0.010852077044546605,0.9999321699142456,0.0042339954525232319,-0.3863305151462555,0.008098157122731209,-0.9223248362541199],[-12436.4541015625,8.227035522460938,740.4076538085938,-0.9357011914253235,-0.007440466433763504,0.35271507501602175,-0.006748957093805075,0.9999721646308899,0.0031902578193694355,-0.3527289628982544,0.0006046692724339664,-0.9357253313064575],[-12438.1845703125,8.256722450256348,747.0185546875,-0.9471859931945801,-0.020191600546240808,0.3200484812259674,-0.020344216376543046,0.9997889399528503,0.0028670094907283785,-0.3200388252735138,-0.0037955448497086765,-0.9473968148231506],[-12439.8095703125,8.238183975219727,753.7703857421875,-0.9551130533218384,-0.013104499317705632,0.29595157504081728,-0.012700535356998444,0.9999139308929443,0.0032874441239982845,-0.2959691882133484,-0.0006188629195094109,-0.955197274684906],[-12441.578125,8.213756561279297,760.8782348632813,-0.9593554139137268,0.0008572089136578143,0.2821992337703705,0.0018465220928192139,0.9999930262565613,0.003239796496927738,-0.28219449520111086,0.0036292036529630424,-0.9593503475189209],[-12443.4892578125,8.205278396606446,768.0609130859375,-0.9614452719688416,0.004084418993443251,0.2749660015106201,0.0052101220935583118,0.9999807476997376,0.0033637138549238445,-0.2749469578266144,0.004666633438318968,-0.961448073387146],[-12445.345703125,8.209906578063965,774.7837524414063,-0.9624508619308472,-0.00001724410685710609,0.271455854177475,0.0009677812922745943,0.9999934434890747,0.0034948072861880066,-0.2714541554450989,0.0036262902431190016,-0.962444543838501],[-12447.30859375,8.213290214538575,781.862548828125,-0.9629895687103272,-0.0033549724612385036,0.26951780915260317,-0.002471130108460784,0.9999904036521912,0.0036185653880238535,-0.2695273756980896,0.0028186270501464607,-0.9629886150360107],[-12449.36328125,8.210350036621094,789.3118896484375,-0.9633083939552307,-0.0030876665841788055,0.2683793008327484,-0.002167060971260071,0.999990701675415,0.003726404858753085,-0.2683883309364319,0.0030080825090408327,-0.9633061289787293],[-12451.365234375,8.20583724975586,796.5755615234375,-0.9634681940078735,-0.0017672375543043018,0.2678169310092926,-0.0007725890027359128,0.9999924302101135,0.0038192477077245714,-0.26782163977622988,0.003472811309620738,-0.963462233543396],[-12453.3984375,8.203202247619629,803.9246826171875,-0.9635502696037293,-0.0012559805763885379,0.2675244212150574,-0.00022366608027368784,0.9999924302101135,0.0038892060983926059,-0.2675272524356842,0.003687609452754259,-0.9635432362556458],[-12455.37890625,8.201864242553711,811.0716552734375,-0.9635921120643616,-0.001406781142577529,0.2673727869987488,-0.00036292141885496676,0.9999921321868897,0.003953513223677874,-0.26737624406814577,0.0037125388626009228,-0.9635850787162781],[-12457.544921875,8.200602531433106,818.8789672851563,-0.963607907295227,-0.00158681848552078,0.26731500029563906,-0.0005330336862243712,0.999991774559021,0.004014627076685429,-0.2673192024230957,0.0037260381504893305,-0.9636008143424988],[-12459.65234375,8.19870376586914,826.4830932617188,-0.9636189937591553,-0.0016264619771391154,0.26727479696273806,-0.00055856560356915,0.9999915361404419,0.0040714796632528309,-0.26727914810180666,0.0037740643601864578,-0.9636117815971375],[-12461.7470703125,8.1940279006958,834.03759765625,-0.9636246562004089,-0.0016516800969839097,0.2672542631626129,-0.0004954808973707259,0.9999902248382568,0.004393592476844788,-0.2672589123249054,0.004101354628801346,-0.9636160135269165],[-12463.7939453125,8.191620826721192,841.41943359375,-0.9636291861534119,-0.0016914185835048557,0.2672376036643982,-0.0005063022836111486,0.9999897480010986,0.004503533709794283,-0.2672424614429474,0.004204433877021074,-0.963620126247406],[-12465.794921875,8.189546585083008,848.6361083984375,-0.9636304974555969,-0.0017280759057030082,0.26723259687423708,-0.0005188790382817388,0.9999893307685852,0.004595434293150902,-0.26723766326904299,0.0042896391823887829,-0.9636210799217224],[-12467.7529296875,8.187738418579102,855.6942749023438,-0.9636337161064148,-0.0017764081712812186,0.26722070574760439,-0.0005482112755998969,0.9999889135360718,0.004670722410082817,-0.26722604036331179,0.004354372154921293,-0.9636240601539612],[-12469.7763671875,8.188920974731446,862.9841918945313,-0.9636338353157044,-0.0017487815348431469,0.26722049713134768,-0.0005616885027848184,0.9999896287918091,0.0045187450014054779,-0.2672256529331207,0.004204321186989546,-0.9636248350143433],[-12471.806640625,8.188543319702149,870.3496704101563,-0.9637448787689209,-0.001990600023418665,0.26681798696517947,-0.0008112310315482318,0.99998939037323,0.004530275706201792,-0.2668241858482361,0.004149578977376223,-0.9637362957000732],[-12473.642578125,8.192639350891114,877.2481079101563,-0.9647678136825562,-0.004294909071177244,0.2630676329135895,-0.003217715537175536,0.9999845623970032,0.004525431431829929,-0.26308301091194155,0.003519513877108693,-0.964766800403595],[-12475.4755859375,8.195646286010743,884.5112915039063,-0.96645587682724,-0.005850170738995075,0.25676605105400088,-0.004857705906033516,0.9999780654907227,0.004499363712966442,-0.2567867338657379,0.0031011428218334915,-0.9664630889892578],[-12477.3193359375,8.190264701843262,891.852294921875,-0.9674344658851624,-0.0031775138340890409,0.253101646900177,-0.002099918434396386,0.9999875426292419,0.004527591168880463,-0.25311288237571719,0.003848654916509986,-0.9674291014671326],[-12479.2666015625,8.185297966003418,899.5514526367188,-0.9679644703865051,-0.000584959692787379,0.25108644366264346,0.0005958150140941143,0.9999890923500061,0.004626618232578039,-0.25108641386032107,0.004628003109246492,-0.967953622341156],[-12481.1806640625,8.184370040893555,907.0355834960938,-0.9682075381278992,-0.0004826316435355693,0.25014784932136538,0.0006986967637203634,0.9999890327453613,0.004633699078112841,-0.25014734268188479,0.004661160055547953,-0.9681965708732605],[-12483.1240234375,8.184964179992676,914.5910034179688,-0.9683482646942139,-0.0012103606713935733,0.24959994852542878,-0.000053815525461686778,0.9999892115592957,0.0046403673477470879,-0.24960286915302277,0.0044800592586398129,-0.9683379530906677],[-12485.138671875,8.2711763381958,922.5020141601563,-0.9684863686561585,0.0012324642157182098,0.24906347692012788,0.0012853399384766818,0.9999991655349731,0.00004967055792803876,-0.24906320869922639,0.00036823650589212775,-0.9684871435165405],[-12487.103515625,8.376593589782715,930.179931640625,-0.9685123562812805,0.004360142629593611,0.2489272505044937,0.0030866002198308708,0.999980092048645,-0.005506208632141352,-0.24894630908966065,-0.0045644924975931648,-0.9685065150260925],[-12489.0166015625,8.482195854187012,937.6266479492188,-0.9685277938842773,0.005826101638376713,0.2488371580839157,0.0032264927867799999,0.9999358654022217,-0.010853605344891549,-0.2488844394683838,-0.009709146805107594,-0.9684845209121704],[-12491.0908203125,8.615857124328614,945.760009765625,-0.9684542417526245,0.008064710535109043,0.24906094372272492,0.005011417903006077,0.9999043345451355,-0.012890861369669438,-0.24914108216762544,-0.011236061342060566,-0.9684020280838013],[-12493.1064453125,8.7540922164917,953.6655883789063,-0.9684563279151917,0.011018159799277783,0.24893972277641297,0.00804661400616169,0.999883770942688,-0.012951267883181572,-0.249053493142128,-0.010539614595472813,-0.9684323668479919],[-12495.154296875,8.899454116821289,961.6342163085938,-0.9684668779373169,0.011165456846356392,0.24889205396175385,0.008192851208150387,0.9998822212219238,-0.012976055033504963,-0.24900762736797334,-0.010527743957936764,-0.968444287776947],[-12497.21875,9.048689842224121,969.6676025390625,-0.9684816598892212,0.010228288359940052,0.24887478351593018,0.007219641003757715,0.9998894333839417,-0.012998775579035283,-0.24898022413253785,-0.010792288929224015,-0.9684484601020813],[-12499.380859375,9.203532218933106,978.0791625976563,-0.9684869050979614,0.009663627482950688,0.2488769143819809,0.006629661191254854,0.9998931884765625,-0.013025936670601368,-0.2489762008190155,-0.010965479537844658,-0.9684475064277649],[-12501.5625,9.358360290527344,986.5614013671875,-0.9684875011444092,0.009737488813698292,0.24887168407440186,0.00670410692691803,0.9998925924301148,-0.013033217750489712,-0.2489718645811081,-0.010954045690596104,-0.9684487581253052],[-12503.6748046875,9.50831413269043,994.7947998046875,-0.9684866666793823,0.00991038791835308,0.24886824190616609,0.006877680774778128,0.9998911619186401,-0.013052558526396752,-0.24897050857543946,-0.010929591953754425,-0.9684494137763977],[-12505.8076171875,9.660103797912598,1003.093017578125,-0.9684867858886719,0.010036500170826912,0.24886266887187959,0.007005640305578709,0.999890148639679,-0.013061532750725747,-0.24896642565727235,-0.010906479321420193,-0.9684507250785828],[-12508.041015625,9.818901062011719,1011.7785034179688,-0.9684874415397644,0.009989212267100811,0.24886199831962586,0.006951163988560438,0.9998902678489685,-0.013083558529615403,-0.24896538257598878,-0.010941381566226483,-0.9684506058692932],[-12510.203125,9.973400115966797,1020.2066040039063,-0.9684876203536987,0.009997697547078133,0.24886088073253632,0.006958688143640757,0.999890148639679,-0.01308841910213232,-0.24896438419818879,-0.010944226756691933,-0.9684507846832275],[-12512.470703125,10.134864807128907,1029.025146484375,-0.9684890508651733,0.010021878406405449,0.24885451793670655,0.006978067569434643,0.9998897314071655,-0.013110434636473656,-0.24895846843719483,-0.01096078846603632,-0.9684521555900574],[-12514.7548828125,10.297818183898926,1037.910400390625,-0.9684892296791077,0.010014930739998818,0.2488538920879364,0.0069622257724404339,0.9998893737792969,-0.013144186697900296,-0.24895800650119782,-0.010997426696121693,-0.9684518575668335],[-12516.96484375,10.455491065979004,1046.529541015625,-0.9684901833534241,0.00995794776827097,0.24885253608226777,0.006899259053170681,0.999889612197876,-0.013160336762666703,-0.2489561140537262,-0.011028759181499482,-0.968451976776123],[-12519.19921875,10.614850997924805,1055.2113037109376,-0.9684900641441345,0.009947272017598153,0.24885337054729463,0.006885150447487831,0.9998895525932312,-0.013172309845685959,-0.24895691871643067,-0.011043858714401722,-0.9684516191482544],[-12521.517578125,10.777697563171387,1064.238037109375,-0.9684901833534241,0.009892217814922333,0.2488551288843155,0.00687407935038209,0.9998919367790222,-0.012994187884032727,-0.24895678460597993,-0.010874093510210514,-0.9684535264968872],[-12523.6865234375,10.934589385986329,1072.8001708984376,-0.9689032435417175,0.008765030652284623,0.24728460609912873,0.005758619401603937,0.9999004602432251,-0.01287833321839571,-0.24737288057804109,-0.01105384062975645,-0.9688572883605957],[-12525.7587890625,11.107821464538575,1081.50244140625,-0.9707098007202148,0.004923912230879068,0.24020464718341828,0.0018007231410592795,0.9999110102653503,-0.013219953514635563,-0.24024836719036103,-0.012400195933878422,-0.9706322550773621],[-12527.4990234375,11.202539443969727,1089.94140625,-0.9743920564651489,-0.0012151559349149466,0.22485236823558808,-0.003453492885455489,0.9999483227729797,-0.009561664424836636,-0.22482913732528687,-0.010093336924910546,-0.9743459224700928],[-12528.74609375,11.299301147460938,1097.5762939453126,-0.9792966246604919,-0.0058574858121573929,0.20234589278697968,-0.007432307582348585,0.999947726726532,-0.007023883983492851,-0.20229417085647584,-0.008382363244891167,-0.9792889356613159],[-12529.63671875,11.397153854370118,1105.6993408203126,-0.9855439066886902,-0.009920024313032627,0.16912969946861268,-0.010638196021318436,0.9999378323554993,-0.003340640803799033,-0.1690860390663147,-0.005091582890599966,-0.9855881333351135],[-12530.0029296875,11.414677619934082,1113.381591796875,-0.9916886687278748,-0.01223340630531311,0.128077894449234,-0.012385345064103604,0.9999232292175293,-0.00038991423207335174,-0.12806329131126405,-0.0019729624036699535,-0.9917640089988709],[-12529.83984375,11.429813385009766,1120.9173583984376,-0.9968200922012329,-0.015529249794781208,0.07815690338611603,-0.015400869771838189,0.9998788833618164,0.002245126524940133,-0.07818230241537094,0.001034302986226976,-0.9969385266304016],[-12529.1748046875,11.431929588317871,1128.2847900390626,-0.9995912909507752,-0.015883874148130418,0.023768499493598939,-0.015768226236104966,0.9998629689216614,0.005045149475336075,-0.023845378309488298,0.0046683005057275299,-0.9997047781944275],[-12527.9990234375,11.42618179321289,1135.7291259765626,-0.9993018507957459,-0.01350125391036272,-0.03483520820736885,-0.01378591824322939,0.9998733997344971,0.007944506593048573,0.034723538905382159,0.008419196121394635,-0.999361515045166],[-12526.4501953125,11.375844955444336,1142.681640625,-0.9956480264663696,-0.013104408979415894,-0.09226741641759873,-0.014076374471187592,0.9998520016670227,0.009891293942928315,0.09212414175271988,0.011147038079798222,-0.9956851601600647],[-12524.5087890625,11.312984466552735,1149.4156494140626,-0.988606333732605,-0.01350161898881197,-0.14991740882396699,-0.015525106340646744,0.999803364276886,0.012335148639976979,0.14972138404846192,0.014522089622914791,-0.9886215925216675],[-12522.189453125,11.253403663635254,1155.9403076171876,-0.9781731367111206,-0.013215245679020882,-0.20737092196941377,-0.0165762510150671,0.9997577667236328,0.014478393830358982,0.2071293592453003,0.017599808052182199,-0.978155255317688],[-12519.4892578125,11.190938949584961,1162.2596435546876,-0.9642850756645203,-0.011801935732364655,-0.26460349559783938,-0.01671275496482849,0.999727189540863,0.01631552167236805,0.26433876156806948,0.02015506662428379,-0.9642192721366882],[-12516.4150390625,11.125561714172364,1168.4183349609376,-0.9467212557792664,-0.013041156344115734,-0.32178995013237,-0.019420813769102098,0.9996731877326965,0.016623275354504586,0.3214680254459381,0.021987030282616617,-0.9466651678085327],[-12512.8203125,11.01764965057373,1174.680908203125,-0.9251428842544556,-0.013823962770402432,-0.37936732172966006,-0.022408945485949518,0.9995827674865723,0.01822318509221077,0.3789571225643158,0.025360271334648134,-0.9250666499137878],[-12508.9521484375,10.849031448364258,1180.5767822265626,-0.9009268283843994,-0.01264968328177929,-0.4337865710258484,-0.025111204013228418,0.9994198083877564,0.023009043186903,0.43324384093284609,0.03162236884236336,-0.9007218480110169],[-12504.6689453125,10.77070426940918,1186.27001953125,-0.8727818131446838,-0.011435252614319325,-0.4879765808582306,-0.025925377383828164,0.9994004368782044,0.022949466481804849,0.48742157220840456,0.032680854201316836,-0.8725549578666687],[-12499.8046875,10.6904296875,1191.94970703125,-0.8393257856369019,-0.011968203820288182,-0.5434970259666443,-0.028746798634529115,0.9993360042572022,0.02238774299621582,0.5428681969642639,0.03441441059112549,-0.8391124606132507],[-12494.7724609375,10.50715446472168,1197.23876953125,-0.8051409721374512,-0.011033736169338227,-0.5929808616638184,-0.03318622335791588,0.9990985989570618,0.026469316333532335,0.592154324054718,0.040990326553583148,-0.8047813773155212],[-12489.3583984375,10.36384391784668,1202.269287109375,-0.7675449252128601,-0.01087234914302826,-0.6409029364585877,-0.03777359798550606,0.9988857507705689,0.028292428702116014,0.6398811936378479,0.045924920588731769,-0.7671003937721252],[-12483.3369140625,10.28421688079834,1207.125,-0.7228754162788391,-0.008167714811861515,-0.6909301280975342,-0.03598824888467789,0.9990180134773254,0.025842448696494104,0.6900405883789063,0.04354623705148697,-0.7224594950675964],[-12477.21484375,10.215827941894532,1211.523193359375,-0.6786608099937439,-0.011517497710883618,-0.7343615293502808,-0.04232879355549812,0.9988284111022949,0.023452874273061754,0.7332310676574707,0.0470011830329895,-0.6783532500267029],[-12470.7490234375,10.136444091796875,1215.5743408203126,-0.6319417953491211,-0.012502148747444153,-0.7749149799346924,-0.04545071721076965,0.9987468719482422,0.02095162123441696,0.7736819982528687,0.04846064746379852,-0.631718099117279],[-12463.6962890625,10.04734992980957,1219.3790283203126,-0.5805507302284241,-0.010689380578696728,-0.8141539096832275,-0.04422936961054802,0.998851478099823,0.018424391746520997,0.8130218982696533,0.046705808490514758,-0.580356776714325],[-12456.619140625,9.996028900146485,1222.6549072265626,-0.5286440849304199,-0.009604061022400856,-0.8487892746925354,-0.044034361839294437,0.9988999366760254,0.016122974455356599,0.8477006554603577,0.04589920863509178,-0.5284854173660278],[-12448.998046875,9.890726089477539,1225.66455078125,-0.47395774722099306,-0.005885649938136339,-0.880527913570404,-0.04446955770254135,0.9988616108894348,0.017259806394577028,0.879423975944519,0.04733710736036301,-0.47367992997169497],[-12441.1298828125,9.844459533691407,1228.206298828125,-0.4164558947086334,-0.005302198231220245,-0.9091404676437378,-0.046393562108278278,0.9988040924072266,0.015426676720380783,0.9079714417457581,0.04860279709100723,-0.4162038564682007],[-12433.3515625,9.903277397155762,1230.160400390625,-0.3580615520477295,-0.006450515240430832,-0.9336757063865662,-0.045969508588314059,0.9988852143287659,0.010728124529123307,0.9325656890869141,0.04676194489002228,-0.35795891284942629],[-12425.404296875,9.8948335647583,1231.7293701171876,-0.30405503511428835,-0.003377874381840229,-0.9526484608650208,-0.03804090619087219,0.9992392063140869,0.008598370477557183,0.9518946409225464,0.03885398805141449,-0.3039522171020508],[-12417.03125,9.867999076843262,1233.216552734375,-0.2609498202800751,0.00044567877193912864,-0.9653522968292236,-0.026372455060482026,0.9996233582496643,0.00759038794785738,0.9649920463562012,0.0274394191801548,-0.2608397603034973],[-12408.580078125,9.860285758972168,1234.7781982421876,-0.23559248447418214,0.0031317933462560179,-0.971846878528595,-0.014183763414621354,0.9998772144317627,0.006660510785877705,0.971748411655426,0.01535361260175705,-0.235519140958786],[-12400.3759765625,9.845666885375977,1236.4278564453126,-0.2232712209224701,0.00411993358284235,-0.9747476577758789,-0.009118628688156605,0.9999384880065918,0.006315078120678663,0.9747136831283569,0.01029833685606718,-0.22321991622447968],[-12391.7900390625,9.86292839050293,1238.246826171875,-0.21688975393772126,0.0030105989426374437,-0.9761914610862732,-0.01182551495730877,0.99991375207901,0.005711146164685488,0.9761244654655457,0.012782655656337738,-0.21683543920516969],[-12383.103515625,9.868463516235352,1240.0986328125,-0.2137921154499054,0.002964489394798875,-0.9768747091293335,-0.012397862039506436,0.999906599521637,0.00