{"DriveData":[[-12669.810546875,8.190339088439942,482.9239196777344,-0.19911426305770875,0.007245783694088459,-0.9799494743347168,0.0012203672667965294,0.999973714351654,0.007145879324525595,0.9799755215644836,0.00022694819199386984,-0.19911786913871766],[-12666.779296875,8.185077667236329,483.5404052734375,-0.19914616644382478,0.007711695972830057,-0.9799394607543945,0.001196773024275899,0.9999701976776123,0.0076261176727712158,0.9799690842628479,0.0003459470171947032,-0.1991494596004486],[-12663.66015625,8.189071655273438,484.17315673828127,-0.19911544024944306,0.0073533128015697,-0.9799484610557556,0.0011936536757275463,0.999972939491272,0.0072610341012477879,0.9799753427505493,0.00027606484945863485,-0.19911882281303407],[-12660.5263671875,8.188739776611329,484.8094482421875,-0.19911229610443116,0.007319063879549503,-0.9799493551254273,0.0012376910308375955,0.9999731779098511,0.007217136211693287,0.9799758791923523,0.00022414608974941075,-0.19911602139472962],[-12657.361328125,8.191051483154297,485.4521179199219,-0.19911083579063416,0.007222757674753666,-0.9799503684043884,0.0012584492797031999,0.9999738931655884,0.0071146441623568539,0.9799761772155762,0.00018338493828196079,-0.19911472499370576],[-12654.041015625,8.19344425201416,486.1266174316406,-0.19910559058189393,0.00714011350646615,-0.9799520373344421,0.0012414519442245365,0.9999744892120361,0.0070337639190256599,0.9799772500991821,0.00018389838805887848,-0.19910937547683717],[-12650.4189453125,8.195765495300293,486.86322021484377,-0.19910532236099244,0.00704241544008255,-0.9799528121948242,0.0011391425505280495,0.9999751448631287,0.0069548566825687889,0.9799774289131165,0.0002684431674424559,-0.19910840690135957],[-12646.783203125,8.19782829284668,487.6025695800781,-0.19910307228565217,0.006943376734852791,-0.979953944683075,0.0010198914678767324,0.9999758005142212,0.0068780225701630119,0.9799780249595642,0.0003699887893162668,-0.19910533726215363],[-12642.669921875,8.199736595153809,488.43896484375,-0.19910526275634767,0.006840193178504705,-0.9799542427062988,0.000894316763151437,0.9999765157699585,0.006798245012760162,0.9799777269363403,0.00047717688721604645,-0.19910670816898347],[-12638.5458984375,8.201417922973633,489.27740478515627,-0.19910499453544618,0.006741990800946951,-0.9799549579620361,0.0008058252278715372,0.9999771118164063,0.006716015283018351,0.9799778461456299,0.0005475197685882449,-0.1991058737039566],[-12634.3203125,8.196370124816895,490.1369323730469,-0.19913853704929353,0.0070655676536262039,-0.9799458980560303,0.0007759124273434281,0.9999748468399048,0.007052303291857243,0.9799710512161255,0.0006440331926569343,-0.19913901388645173],[-12630.46484375,8.200201034545899,490.9199523925781,-0.19911321997642518,0.006712223403155804,-0.9799535274505615,0.0007359267328865826,0.9999772906303406,0.006699846591800451,0.979976236820221,0.0006128540844656527,-0.1991136372089386],[-12626.396484375,8.199235916137696,491.7461853027344,-0.1991119384765625,0.0066945599392056469,-0.9799538850784302,0.0007476536557078362,0.9999774098396301,0.00667943898588419,0.9799764752388,0.0005972898798063397,-0.1991124451160431],[-12622.216796875,8.199907302856446,492.5954895019531,-0.1991124153137207,0.006616659462451935,-0.9799543023109436,0.0007349700317718089,0.9999779462814331,0.006602523848414421,0.9799763560295105,0.0005944074364379048,-0.1991128921508789],[-12618.095703125,8.20076847076416,493.4327392578125,-0.19911131262779237,0.006550417747348547,-0.9799549579620361,0.0007280472782440484,0.9999783635139465,0.006536334753036499,0.9799765944480896,0.0005880046519450843,-0.19911177456378938],[-12613.6884765625,8.20164966583252,494.32830810546877,-0.1991114467382431,0.006479685194790363,-0.9799554347991943,0.0006960867322050035,0.9999788403511047,0.0064706504344940189,0.9799765944480896,0.0006062466418370605,-0.19911174476146699],[-12609.1650390625,8.202503204345704,495.2477722167969,-0.19911251962184907,0.00640728697180748,-0.9799556732177734,0.0006439647404477,0.9999792575836182,0.006407364271581173,0.9799764156341553,0.0006447295309044421,-0.19911251962184907],[-12604.7119140625,8.203211784362793,496.1527099609375,-0.1991136074066162,0.00634748674929142,-0.9799558520317078,0.0006156577146612108,0.9999796152114868,0.006352094002068043,0.979976236820221,0.0006614709855057299,-0.19911345839500428],[-12600.1494140625,8.20394229888916,497.07989501953127,-0.19911500811576844,0.0062798610888421539,-0.9799560308456421,0.0005716860177926719,0.9999800324440002,0.006292021833360195,0.9799759387969971,0.0006926087662577629,-0.1991146206855774],[-12595.28125,8.204273223876954,498.0689697265625,-0.19911271333694459,0.006226261146366596,-0.9799568057060242,0.0005588150816038251,0.9999803900718689,0.006239939946681261,0.9799764156341553,0.0006948367226868868,-0.19911228120326997],[-12590.498046875,8.204825401306153,499.0413513183594,-0.19911596179008485,0.006162431091070175,-0.9799565672874451,0.0005018255324102938,0.9999807476997376,0.006186387501657009,0.9799758195877075,0.0007400412578135729,-0.19911521673202516],[-12585.1923828125,8.205378532409668,500.1196594238281,-0.19911472499370576,0.00609291298314929,-0.9799572229385376,0.00043664337135851383,0.9999811053276062,0.00612869206815958,0.9799761176109314,0.0007924209348857403,-0.1991136223077774],[-12579.970703125,8.205740928649903,501.1806640625,-0.19911588728427888,0.006036899983882904,-0.9799573421478272,0.0004085419059265405,0.9999814629554749,0.006077244877815247,0.9799758791923523,0.0008097224053926766,-0.19911466538906098],[-12574.6318359375,8.20621395111084,502.2655944824219,-0.19911953806877137,0.005975360982120037,-0.9799569845199585,0.0003863958700094372,0.9999818205833435,0.0060189515352249149,0.9799751043319702,0.0008198394207283855,-0.1991182118654251],[-12569.17578125,8.20663833618164,503.3741455078125,-0.19912049174308778,0.005914073437452316,-0.9799571633338928,0.00035882313386537135,0.9999821782112122,0.005962014198303223,0.9799749255180359,0.0008355278987437487,-0.19911906123161317],[-12563.6044921875,8.207056045532227,504.5063781738281,-0.19912269711494447,0.005857349839061499,-0.9799570441246033,0.00032532919431105256,0.999982476234436,0.005910939536988735,0.9799745082855225,0.0008581936126574874,-0.1991211175918579],[-12558.1474609375,8.207212448120118,505.615234375,-0.1991228312253952,0.005806880537420511,-0.9799573421478272,0.0003046973724849522,0.9999827742576599,0.005863631144165993,0.9799745082855225,0.0008689924143254757,-0.1991211622953415],[-12552.5859375,8.207572937011719,506.7453918457031,-0.19912298023700715,0.005750697571784258,-0.979957640171051,0.000281422195257619,0.9999830722808838,0.005811029579490423,0.9799744486808777,0.0008813277236185968,-0.19912123680114747],[-12546.443359375,8.20787525177002,507.9938659667969,-0.1991395205259323,0.005695677362382412,-0.9799546003341675,0.00027981874882243574,0.9999833703041077,0.005755225662142038,0.9799711108207703,0.0008718832395970821,-0.19913780689239503],[-12540.6708984375,8.206544876098633,509.1980895996094,-0.20077845454216004,0.0058441548608243469,-0.9796192646026611,0.0012734864139929414,0.9999828934669495,0.005704631097614765,0.9796358346939087,-0.00010216482041869313,-0.20078246295452119],[-12534.5634765625,8.20350456237793,510.5886535644531,-0.2075498253107071,0.0063248611986637119,-0.9782040119171143,0.004130433313548565,0.999975860118866,0.0055892616510391239,0.978215754032135,-0.0028803562745451929,-0.20757094025611878],[-12528.390625,8.203170776367188,512.2070922851563,-0.22161172330379487,0.006820049602538347,-0.9751111268997192,0.007456371560692787,0.9999581575393677,0.0052992370910942558,0.9751064777374268,-0.006096417549997568,-0.2216532975435257],[-12522.1943359375,8.206954956054688,514.1277465820313,-0.24419602751731873,0.007490207441151142,-0.9696969389915466,0.010482770390808583,0.9999321103096008,0.005083905998617411,0.9696692228317261,-0.008923640474677086,-0.24425798654556275],[-12516.3095703125,8.216362953186036,516.3058471679688,-0.27414941787719729,0.00830853171646595,-0.9616512060165405,0.012324326671659947,0.9999108910560608,0.0051256464794278149,0.9616081118583679,-0.010446510277688504,-0.2742273807525635],[-12510.8037109375,8.22331714630127,518.7463989257813,-0.31089553236961367,0.009082299657166005,-0.950400710105896,0.014738942496478558,0.9998801946640015,0.004733729641884565,0.9503297805786133,-0.012536206282675267,-0.31099212169647219],[-12504.7001953125,8.230273246765137,521.956298828125,-0.35914090275764468,0.009812002070248127,-0.933231770992279,0.015654833987355233,0.9998673796653748,0.0044880700297653679,0.9331520199775696,-0.01299773994833231,-0.3592468798160553],[-12499.32421875,8.246325492858887,525.08203125,-0.3990848958492279,0.008427063934504986,-0.9168752431869507,0.011525867506861687,0.9999248385429382,0.00417355727404356,0.9168415069580078,-0.008902179077267647,-0.3991520404815674],[-12493.7099609375,8.254143714904786,528.4541625976563,-0.4320414960384369,0.006452321540564299,-0.9018306136131287,0.005752719473093748,0.9999737739562988,0.00439854059368372,0.9018353819847107,-0.0032876264303922655,-0.43206730484962466],[-12488.2802734375,8.258145332336426,531.7651977539063,-0.4574299454689026,0.006136247888207436,-0.8892244696617127,0.0049445186741650108,0.9999783039093018,0.004356991499662399,0.8892319202423096,-0.0024037687107920648,-0.45745033025741579],[-12482.8603515625,8.24763011932373,535.2693481445313,-0.48356330394744875,0.00862065702676773,-0.8752669095993042,0.009531321935355664,0.9999440908432007,0.004582804162055254,0.8752574920654297,-0.006126375403255224,-0.48361843824386599],[-12477.3046875,8.241806030273438,539.2356567382813,-0.5146340131759644,0.01101353857666254,-0.8573392033576965,0.01389358751475811,0.999893307685852,0.004504927899688482,0.857297420501709,-0.009593128226697445,-0.5147321224212647],[-12471.658203125,8.246395111083985,543.7189331054688,-0.549392819404602,0.01120481826364994,-0.8354890942573547,0.013694960623979569,0.9998965263366699,0.004404300823807716,0.8354519605636597,-0.009022299200296402,-0.5494893789291382],[-12466.4814453125,8.256989479064942,548.0291748046875,-0.575729250907898,0.007937761954963208,-0.8176018595695496,0.007401087321341038,0.9999625086784363,0.0044966163113713268,0.8176069259643555,-0.003462309716269374,-0.575766384601593],[-12460.837890625,8.268635749816895,552.7804565429688,-0.5974725484848023,0.005630153696984053,-0.8018695712089539,0.003660941030830145,0.999984085559845,0.004293406847864389,0.8018810153007507,-0.00037040459574200213,-0.5974836945533752],[-12455.44140625,8.261252403259278,557.52685546875,-0.6185433268547058,0.00835417676717043,-0.7857062816619873,0.007961757481098175,0.9999587535858154,0.0043644048273563389,0.785710334777832,-0.0035560294054448606,-0.6185843348503113],[-12449.958984375,8.248029708862305,562.776123046875,-0.6444095969200134,0.01217634603381157,-0.7645835280418396,0.013428096659481526,0.9998992085456848,0.004606330301612616,0.7645626068115234,-0.007298538461327553,-0.6445081830024719],[-12444.716796875,8.236577987670899,568.4271850585938,-0.6757951974868774,0.014920259825885296,-0.7369384169578552,0.01655183732509613,0.9998501539230347,0.00506470026448369,0.7369036078453064,-0.008774984627962113,-0.6759409308433533],[-12440.1708984375,8.229755401611329,574.038818359375,-0.7096717357635498,0.017609165981411935,-0.7043123841285706,0.018791014328598977,0.9998050332069397,0.00606304919347167,0.7042818069458008,-0.008931968361139298,-0.7098643183708191],[-12435.9765625,8.220295906066895,580.0243530273438,-0.7471195459365845,0.019622689113020898,-0.6643999814987183,0.020270811393857003,0.9997718334197998,0.0067331306636333469,0.6643804907798767,-0.008437473326921463,-0.7473468780517578],[-12431.966796875,8.170539855957032,586.6262817382813,-0.7857566475868225,0.020667480304837228,-0.618190348148346,0.01863943599164486,0.9997788667678833,0.009733002632856369,0.6182548403739929,-0.0038749484810978176,-0.7859681248664856],[-12428.46875,8.177411079406739,593.4461669921875,-0.8237015008926392,0.021414877846837045,-0.5666190981864929,0.019629133865237237,0.9997645616531372,0.00925010722130537,0.5666837692260742,-0.0035029149148613216,-0.8239279389381409],[-12425.6279296875,8.177629470825196,600.0032958984375,-0.8565719723701477,0.02225293032824993,-0.515547513961792,0.020458582788705827,0.999748706817627,0.009161307476460934,0.5156218409538269,-0.0027000519912689926,-0.8568120002746582],[-12423.0029296875,8.17575740814209,607.3656005859375,-0.8892374634742737,0.022904405370354654,-0.4568721354007721,0.021036174148321153,0.9997366070747376,0.00917590968310833,0.4569619596004486,-0.0014512791531160474,-0.8894850611686707],[-12420.9365234375,8.17342758178711,614.6686401367188,-0.9172292947769165,0.023472899571061136,-0.3976675271987915,0.02158365398645401,0.9997244477272034,0.009226985275745392,0.3977745473384857,-0.00011985718447249383,-0.9174832105636597],[-12419.3876953125,8.17128849029541,621.85693359375,-0.9404724836349487,0.023729104548692704,-0.33904051780700686,0.021876098588109018,0.9997175335884094,0.009286603890359402,0.3391651213169098,0.001316911424510181,-0.9407259225845337],[-12418.2431640625,8.169438362121582,629.501708984375,-0.9608024954795837,0.023985669016838075,-0.27619415521621706,0.022270988672971727,0.9997082948684692,0.009343608282506466,0.27633771300315859,0.002826245501637459,-0.9610564708709717],[-12417.59765625,8.167244911193848,637.2763061523438,-0.9769918918609619,0.024264780804514886,-0.2118915468454361,0.022791657596826555,0.9996961355209351,0.00939226895570755,0.2120550572872162,0.004346811678260565,-0.9772480726242065],[-12417.458984375,8.164483070373536,645.1475830078125,-0.9889166355133057,0.02448645606637001,-0.14643853902816773,0.02335377410054207,0.999682605266571,0.00944934319704771,0.14662344753742219,0.005924719851464033,-0.9891746640205383],[-12417.833984375,8.162735939025879,653.0828247070313,-0.9964715242385864,0.024410443380475045,-0.08030351996421814,0.02372160367667675,0.9996732473373413,0.009520947001874447,0.08050969243049622,0.007582424208521843,-0.9967249631881714],[-12418.7861328125,8.162017822265625,661.365478515625,-0.9996482729911804,0.02408934384584427,-0.011091516353189946,0.023982902988791467,0.9996659755706787,0.009631767868995667,0.011319833807647229,0.009362373501062394,-0.9998921155929565],[-12420.208984375,8.212106704711914,669.3190307617188,-0.9983620643615723,0.020912662148475648,0.05325254052877426,0.02136145904660225,0.9997408390045166,0.007872466929256916,-0.05307410657405853,0.008997123688459397,-0.9985500574111939],[-12421.8896484375,8.247173309326172,677.2688598632813,-0.9944881200790405,0.010323490016162396,0.10433972626924515,0.011092388071119786,0.9999154210090637,0.006791582331061363,-0.10426078736782074,0.00791152473539114,-0.994518518447876],[-12423.630859375,8.25966739654541,685.5753784179688,-0.9903958439826965,0.0007444197544828057,0.1382589340209961,0.0017027858411893249,0.999975323677063,0.006813524290919304,-0.1382504552602768,0.006983511615544558,-0.9903726577758789],[-12425.060546875,8.265124320983887,692.9844970703125,-0.9880462884902954,-0.0023331923875957729,0.15413972735404969,-0.0013268294278532267,0.9999771118164063,0.006631450727581978,-0.15415167808532716,0.00634766323491931,-0.9880267977714539],[-12426.6650390625,8.258049964904786,701.7709350585938,-0.9864886403083801,-0.0009313339833170176,0.16382719576358796,0.00015271907614078373,0.9999781847000122,0.006604332476854324,-0.1638297736644745,0.006540118250995874,-0.9864669442176819],[-12428.0751953125,8.25313663482666,709.6699829101563,-0.9857513904571533,-0.00011589418136281893,0.16820861399173737,0.0010030852863565088,0.9999779462814331,0.006567347329109907,-0.16820566356182099,0.006642499472945929,-0.9857295155525208],[-12429.5556640625,8.250048637390137,717.9954223632813,-0.9853441119194031,-0.00043575046584010124,0.17057771980762483,0.0006901438464410603,0.9999783635139465,0.006541125476360321,-0.17057687044143678,0.006562982685863972,-0.9853225350379944],[-12431.0458984375,8.247973442077637,726.4285278320313,-0.9851318597793579,-0.0008394038886763156,0.17179791629314423,0.00027585975476540625,0.9999790191650391,0.006467741448432207,-0.17179974913597108,0.006418970413506031,-0.9851109981536865],[-12432.556640625,8.245556831359864,734.9768676757813,-0.9850148558616638,-0.0008894985658116639,0.17246738076210023,0.00021525980264414102,0.999979555606842,0.006386798806488514,-0.17246954143047334,0.006328216753900051,-0.9849945306777954],[-12434.0859375,8.242700576782227,743.6470947265625,-0.9849112629890442,-0.000557440216653049,0.17305909097194673,0.0005445049027912319,0.9999798536300659,0.006319910753518343,-0.1730591356754303,0.006318782921880484,-0.9848911762237549],[-12435.708984375,8.237371444702149,752.43798828125,-0.9842259883880615,0.0015866848407313228,0.17690865695476533,0.0027357893995940687,0.9999766945838928,0.0062517402693629269,-0.17689462006092072,0.006637110374867916,-0.9842073917388916],[-12437.4765625,8.23685073852539,761.7125244140625,-0.9835286140441895,0.0008270121179521084,0.18075060844421388,0.0019800106529146435,0.9999788403511047,0.006198609247803688,-0.18074166774749757,0.006454397924244404,-0.9835094213485718],[-12439.201171875,8.23835563659668,770.7715454101563,-0.9831744432449341,-0.0009804595028981567,0.18266654014587403,0.00013777436106465757,0.9999813437461853,0.006108931731432676,-0.18266911804676057,0.0060313125140964989,-0.9831559658050537],[-12441.0087890625,8.237238883972168,780.3494873046875,-0.9829972386360169,-0.001305685262195766,0.18361565470695496,-0.00020390987629070878,0.9999818801879883,0.006019196473062038,-0.18362018465995789,0.005879412405192852,-0.9829796552658081],[-12442.7666015625,8.234889030456543,789.7153930664063,-0.98291015625,-0.0009519278537482023,0.1840834766626358,0.00014485689462162554,0.9999822974205017,0.005944543983787298,-0.184085875749588,0.005869618616998196,-0.982892632484436],[-12444.556640625,8.233078956604004,799.2399291992188,-0.982864260673523,-0.0008063889690674841,0.18432916700839997,0.0002796105109155178,0.9999827742576599,0.005865562241524458,-0.18433073163032533,0.005816591437906027,-0.9828470349311829],[-12446.44921875,8.231651306152344,809.3209228515625,-0.9828453063964844,-0.0008784178644418716,0.1844298243522644,0.0001924475363921374,0.9999832510948181,0.005788377020508051,-0.18443180620670319,0.0057245721109211449,-0.9828286170959473],[-12448.30078125,8.230395317077637,819.1888427734375,-0.982836127281189,-0.0009485924965701997,0.18447838723659516,0.00010738041601143777,0.9999836683273315,0.005714026279747486,-0.18448078632354737,0.005635760724544525,-0.9828199744224548],[-12450.1884765625,8.22912311553955,829.2307739257813,-0.9828300476074219,-0.0009356305818073452,0.18451091647148133,0.00010615839710226282,0.999984085559845,0.005636259447783232,-0.18451325595378877,0.0055590723641216759,-0.9828143119812012],[-12452.185546875,8.226192474365235,839.855224609375,-0.9827933311462402,-0.0008066539885476232,0.18470695614814759,0.0002486626908648759,0.9999837875366211,0.005690229125320911,-0.18470855057239533,0.00563824875280261,-0.9827771782875061],[-12454.1591796875,8.220008850097657,849.97607421875,-0.9821268916130066,0.001497679390013218,0.18821395933628083,0.0026075374335050585,0.999980628490448,0.005649327300488949,-0.18820185959339143,0.006039130967110395,-0.9821118116378784],[-12456.5,8.214886665344239,860.9124145507813,-0.9800128936767578,0.005781106185168028,0.19884997606277467,0.006993869785219431,0.9999609589576721,0.005397043190896511,-0.19881100952625276,0.006679902784526348,-0.9800150990486145],[-12458.701171875,8.220553398132325,870.7770385742188,-0.9785412549972534,0.0028101601637899877,0.2060318887233734,0.004020997788757086,0.9999769926071167,0.005458457861095667,-0.2060118168592453,0.006169780157506466,-0.9785300493240356],[-12461.11328125,8.226719856262207,881.635498046875,-0.9777497053146362,-0.0015141142066568137,0.20976930856704713,-0.0003906138881575316,0.9999853372573853,0.0053972117602825169,-0.20977440476417542,0.005195183679461479,-0.9777359962463379],[-12463.34375,8.226012229919434,891.8246459960938,-0.9774071574211121,-0.0018538034055382014,0.2113570272922516,-0.0007398164598271251,0.99998539686203,0.005349594634026289,-0.21136386692523957,0.005072366911917925,-0.9773942828178406],[-12465.689453125,8.223201751708985,902.6048583984375,-0.9772381782531738,-0.0010089240968227387,0.2121426910161972,0.00011788665869971737,0.999985933303833,0.0052988543175160889,-0.21214506030082704,0.005203251726925373,-0.9772243499755859],[-12468.1689453125,8.221793174743653,913.993408203125,-0.9771600961685181,-0.0007603564881719649,0.21250300109386445,0.0003593028523027897,0.9999862313270569,0.005230243783444166,-0.212504044175148,0.005187138449400663,-0.9771464467048645],[-12470.6943359375,8.227397918701172,925.5604248046875,-0.977081298828125,-0.0006504032062366605,0.21286559104919434,0.00039122888119891286,0.9999881386756897,0.004851220641285181,-0.21286621689796449,0.004823315888643265,-0.9770694375038147],[-12473.1142578125,8.364799499511719,936.3596801757813,-0.9761003851890564,0.006992307957261801,0.21720752120018006,0.006541055627167225,0.9999746680259705,-0.002796420594677329,-0.21722157299518586,-0.0013088207924738527,-0.9761214256286621],[-12475.9287109375,8.519885063171387,947.7041625976563,-0.9730610251426697,0.015568968839943409,0.23002149164676667,0.013425145298242569,0.9998506307601929,-0.010882277972996235,-0.2301565557718277,-0.007501048035919666,-0.9731246829032898],[-12479.14453125,8.718368530273438,959.055908203125,-0.967204749584198,0.02445928007364273,0.2528174817562103,0.02208625338971615,0.9996813535690308,-0.012220504693686962,-0.25303584337234499,-0.006235939450562,-0.9674367904663086],[-12482.796875,8.939029693603516,970.339111328125,-0.9598161578178406,0.02589741162955761,0.2794319689273834,0.0233477670699358,0.9996498823165894,-0.012449471279978753,-0.2796565592288971,-0.0054250918328762058,-0.9600847959518433],[-12486.787109375,9.18430233001709,982.04736328125,-0.9545255303382874,0.015050694346427918,0.29774895310401919,0.011857457458972931,0.9998512268066406,-0.012528033927083016,-0.297893226146698,-0.008427783846855164,-0.9545620083808899],[-12490.583984375,9.41292667388916,993.3489990234375,-0.9521093368530273,0.007005579769611359,0.30567750334739687,0.0033134284894913437,0.9999151825904846,-0.01259575691074133,-0.3057398200035095,-0.010979697108268738,-0.9520518183708191],[-12494.3291015625,9.626057624816895,1004.7110595703125,-0.9509766101837158,0.00738794868811965,0.3091745674610138,0.003657309804111719,0.9999133944511414,-0.012644289061427117,-0.3092412054538727,-0.010893675498664379,-0.9509212374687195],[-12497.919921875,9.828617095947266,1015.6646118164063,-0.9504745602607727,0.00957223679870367,0.3106549382209778,0.005919130984693766,0.9999018311500549,-0.012699986808001995,-0.3107460141181946,-0.010232207365334034,-0.9504379034042358],[-12501.5263671875,10.036115646362305,1026.6558837890626,-0.9502596855163574,0.009964068420231343,0.31129929423332217,0.006296657491475344,0.9998984336853027,-0.012783829122781754,-0.3113950490951538,-0.010187813080847264,-0.9502259492874146],[-12505.4013671875,10.26822566986084,1038.6187744140626,-0.9510756731033325,0.007234511431306601,0.3088732361793518,0.0034190304577350618,0.9999110698699951,-0.012892380356788636,-0.30893903970718386,-0.011205581948161126,-0.951015830039978],[-12508.931640625,10.49491024017334,1050.199462890625,-0.9542415142059326,0.001404857262969017,0.29903361201286318,-0.002527297008782625,0.999915361404419,-0.012762411497533322,-0.2990262508392334,-0.012934169732034207,-0.9541572332382202],[-12512.1748046875,10.724079132080079,1062.156494140625,-0.9603471755981445,-0.004647433757781982,0.2787681519985199,-0.008124854415655136,0.9999029040336609,-0.01132015511393547,-0.2786884903907776,-0.01313622947782278,-0.9602916836738586],[-12514.60546875,10.925487518310547,1072.94775390625,-0.9680259227752686,-0.009349553845822811,0.25067591667175295,-0.012200427241623402,0.9998773336410523,-0.009821134619414807,-0.2505533695220947,-0.012565466575324536,-0.9680212140083313],[-12516.474609375,11.139514923095704,1083.9119873046876,-0.9771254658699036,-0.0131832305341959,0.21225471794605256,-0.015580260194838047,0.999832272529602,-0.009624514728784562,-0.21209223568439485,-0.012711341492831707,-0.9771669507026672],[-12517.7744140625,11.204834938049317,1095.0306396484376,-0.9855750203132629,-0.012882211245596409,0.1687481850385666,-0.013564664870500565,0.9999037981033325,-0.0028920203913003208,-0.16869470477104188,-0.005139315500855446,-0.9856549501419067],[-12518.2900390625,11.31413459777832,1105.83642578125,-0.9932927489280701,-0.01671001687645912,0.11441260576248169,-0.016590379178524019,0.9998603463172913,0.0019978589843958618,-0.1144300177693367,0.00008631029777461663,-0.9934313297271729],[-12518.0576171875,11.357337951660157,1115.9049072265626,-0.9986344575881958,-0.013708524405956269,0.05041102319955826,-0.013448935002088547,0.9998944997787476,0.005485073663294315,-0.05048089846968651,0.004799609072506428,-0.998713493347168],[-12517.1328125,11.355131149291993,1125.611328125,-0.9996591210365295,-0.020658591762185098,-0.015965474769473077,-0.02079194039106369,0.9997499585151672,0.00823201984167099,0.01579141989350319,0.008561166934669018,-0.999838650226593],[-12515.4462890625,11.344847679138184,1135.31201171875,-0.9960501790046692,-0.02012632042169571,-0.08648104965686798,-0.02126883715391159,0.9996979832649231,0.01231006346642971,0.08620717376470566,0.014100792817771435,-0.9961774349212647],[-12513.0947265625,11.299429893493653,1144.5989990234376,-0.9874320030212402,-0.019619131460785867,-0.15682180225849152,-0.021995997056365014,0.999667763710022,0.013435235247015953,0.15650612115859986,0.01671583391726017,-0.9875355362892151],[-12510.6865234375,11.559219360351563,1153.596435546875,-0.9783034920692444,-0.042254529893398288,-0.2028220295906067,-0.0433666966855526,0.9990586638450623,0.0010405011707916856,0.20258714258670808,0.009813647717237473,-0.9792150855064392],[-12507.974609375,11.466233253479004,1162.44677734375,-0.9680099487304688,-0.0608309768140316,-0.2434261590242386,-0.06432493031024933,0.997908353805542,0.0064226300455629829,0.24252630770206452,0.021875539794564248,-0.9698981642723084],[-12504.810546875,11.421808242797852,1170.8934326171876,-0.9419125914573669,-0.06723655760288239,-0.32905909419059756,-0.08528126031160355,0.9955254197120667,0.04069721698760986,0.3248503506183624,0.06639579683542252,-0.9434319734573364],[-12501.205078125,11.220698356628418,1178.7396240234376,-0.8873684406280518,-0.08735138922929764,-0.45271071791648867,-0.11619729548692703,0.9925646781921387,0.03624369949102402,0.44617873430252077,0.08476527780294419,-0.8909205198287964],[-12496.7802734375,11.105459213256836,1186.2559814453126,-0.8305341601371765,-0.07293142378330231,-0.552172064781189,-0.1081623062491417,0.9936357140541077,0.03144894540309906,0.5463642477989197,0.08584363013505936,-0.8331368565559387],[-12491.8173828125,10.72264289855957,1192.9696044921876,-0.7725544571876526,-0.029427289962768556,-0.634266197681427,-0.06089689955115318,0.9977545738220215,0.027882549911737443,0.6320214867591858,0.060165636241436008,-0.7726117372512817],[-12485.8828125,10.494178771972657,1199.3819580078126,-0.7087317705154419,-0.008372774347662926,-0.7054283618927002,-0.037960588932037356,0.9989335536956787,0.026281947270035745,0.7044560313224793,0.04540532827377319,-0.7082937955856323],[-12479.5732421875,10.381353378295899,1204.9769287109376,-0.6444939374923706,-0.010526574216783047,-0.76453697681427,-0.04885639250278473,0.9984288811683655,0.027438323944807054,0.76304692029953,0.05503635108470917,-0.6439956426620483],[-12472.7255859375,10.30445671081543,1209.995361328125,-0.5844908952713013,-0.01694365404546261,-0.8112233281135559,-0.0644087940454483,0.9975959658622742,0.02557055838406086,0.8088398575782776,0.06719567626714707,-0.5841770768165588],[-12465.330078125,10.187002182006836,1214.3087158203126,-0.5294841527938843,-0.013472120277583599,-0.8482128381729126,-0.059603963047266009,0.9979936480522156,0.021355800330638887,0.8462232947349548,0.06186440587043762,-0.5292248129844666],[-12457.14453125,10.074069023132325,1218.1663818359376,-0.4831984341144562,-0.008697270415723324,-0.8754676580429077,-0.05136701837182045,0.9985097646713257,0.018431467935442926,0.8740026950836182,0.05387621745467186,-0.4829251170158386],[-12448.9716796875,10.006604194641114,1221.5377197265626,-0.44805842638015749,-0.002113910624757409,-0.8940017819404602,-0.03594035282731056,0.9992313981056213,0.015649959444999696,0.8932815790176392,0.03914283588528633,-0.4477899968624115],[-12440.62109375,9.952431678771973,1224.796875,-0.4191719889640808,0.0014213909162208439,-0.9079057574272156,-0.02451108954846859,0.9996165633201599,0.012881522066891194,0.9075759053230286,0.02765333279967308,-0.41897642612457278],[-12431.77734375,9.932902336120606,1228.107666015625,-0.3930865526199341,0.0007386322249658406,-0.9195011854171753,-0.022631457075476648,0.999688982963562,0.010477989912033081,0.919222891330719,0.02492840774357319,-0.39294758439064028],[-12423.158203125,9.894410133361817,1231.35205078125,-0.3785431385040283,0.0016661258414387704,-0.9255821704864502,-0.01908411644399166,0.999771773815155,0.009604665450751782,0.925386905670166,0.02129969745874405,-0.3784249424934387],[-12413.7509765625,9.874137878417969,1234.9501953125,-0.3711410462856293,0.0027552254032343628,-0.928572416305542,-0.01534858625382185,0.9998407959938049,0.009101365692913533,0.9284496307373047,0.017630163580179216,-0.37103965878486636],[-12404.95703125,9.850906372070313,1238.3416748046876,-0.3675146996974945,0.0032851018477231266,-0.9300119280815125,-0.011718133464455605,0.9998980164527893,0.00816264096647501,0.929943859577179,0.013897894881665707,-0.36743873357772829],[-12395.724609375,9.841083526611329,1241.9423828125,-0.3658055365085602,0.00218573329038918,-0.930688738822937,-0.01226228941231966,0.99989914894104,0.0071679456159472469,0.9306105375289917,0.014034449122846127,-0.3657418489456177],[-12386.041015625,9.853242874145508,1245.717529296875,-0.3650825619697571,0.0024277986958622934,-0.9309719800949097,-0.012018037959933281,0.9999009966850281,0.007320450618863106,0.93089759349823,0.013861025683581829,-0.36501723527908327],[-12376.6240234375,9.840436935424805,1249.383544921875,-0.3646065890789032,0.002715888200327754,-0.9311577081680298,-0.009686198085546494,0.9999305605888367,0.0067092301324009899,0.9311112761497498,0.011465607210993767,-0.3645549714565277],[-12367.1240234375,9.863786697387696,1253.09521484375,-0.3643721342086792,0.001984917325899005,-0.9312513470649719,-0.009739667177200318,0.9999349117279053,0.0059421672485768799,0.9312024712562561,0.011235238052904606,-0.364329069852829],[-12358.28125,9.864025115966797,1256.53759765625,-0.36420127749443056,0.002507345052435994,-0.9313168525695801,-0.007946503348648548,0.9999516010284424,0.005799691658467054,0.9312863349914551,0.009512968361377716,-0.36416375637054446],[-12348.6328125,9.890456199645996,1260.3023681640626,-0.36412668228149416,0.0021366507280617954,-0.9313469529151917,-0.006844550371170044,0.9999642372131348,0.004970067646354437,0.931324303150177,0.008184385485947132,-0.36409902572631838],[-12339.2841796875,9.903217315673829,1263.9490966796876,-0.3641030192375183,0.0023214451503008606,-0.9313557744026184,-0.0060923476703464989,0.9999695420265198,0.00487420242279768,0.9313387274742127,0.007448854856193066,-0.36407777667045596],[-12329.1123046875,9.929084777832032,1267.9166259765626,-0.36403927206993105,0.0021840697154402735,-0.9313810467720032,-0.004820079077035189,0.9999794363975525,0.004228905774652958,0.9313711524009705,0.006028817966580391,-0.3640212416648865],[-12319.625,9.952070236206055,1271.6201171875,-0.3640376031398773,0.002184917451813817,-0.9313817024230957,-0.004513083957135677,0.9999813437461853,0.004109818022698164,0.9313732981681824,0.005699532106518745,-0.364020973443985],[-12309.685546875,9.9744873046875,1275.4931640625,-0.3640691041946411,0.002597704529762268,-0.9313682913780212,-0.0028892639093101026,0.9999881386756897,0.003918498754501343,0.9313674569129944,0.004117573145776987,-0.3640572726726532],[-12300.4521484375,9.999744415283204,1279.099609375,-0.3640817701816559,0.0027764211408793928,-0.9313628673553467,-0.00245568691752851,0.9999892115592957,0.003940958064049482,0.9313637614250183,0.003721966641023755,-0.3640710413455963],[-12290.7861328125,10.015575408935547,1282.9337158203126,-0.366735577583313,0.004174927715212107,-0.9303158521652222,0.0006648045964539051,0.9999908804893494,0.004225534852594137,0.9303249716758728,0.000931175600271672,-0.36673498153686526],[-12281.5009765625,10.036629676818848,1286.7974853515626,-0.3751092255115509,0.005968330428004265,-0.9269614219665527,0.005248037166893482,0.9999769330024719,0.00431474857032299,0.9269657731056213,-0.0032462256494909527,-0.37513190507888796],[-12271.4169921875,10.059426307678223,1291.115966796875,-0.38300570845603945,0.005365877877920866,-0.9237303733825684,0.0037747062742710115,0.9999838471412659,0.004243724513798952,0.9237382411956787,-0.0018614401342347265,-0.3830197751522064],[-12261.662109375,10.089962005615235,1295.2891845703126,-0.38655751943588259,0.0038706527557224037,-0.9222571849822998,-0.00031673978082835674,0.9999905824661255,0.004329653922468424,0.9222652316093445,0.001965775853022933,-0.386552631855011],[-12251.4560546875,10.113502502441407,1299.6712646484376,-0.39046555757522585,0.003817868884652853,-0.9206096529960632,0.0003923316835425794,0.9999920129776001,0.003980673383921385,0.9206174612045288,0.0011931315530091525,-0.3904639184474945],[-12242.0166015625,10.104796409606934,1303.875732421875,-0.39891961216926577,0.007474137935787439,-0.9169554710388184,0.006122169084846973,0.9999662041664124,0.005487324204295874,0.9169654846191406,-0.0034247550647705795,-0.3989518880844116],[-12232.2236328125,10.134897232055664,1308.4976806640626,-0.41335633397102358,0.01215583086013794,-0.9104881882667542,0.011944061145186425,0.9998972415924072,0.00792698748409748,0.9104909896850586,-0.0075982557609677319,-0.41345906257629397],[-12222.4365234375,10.15951156616211,1313.23486328125,-0.42185062170028689,0.007757809478789568,-0.9066321849822998,0.00542571023106575,0.999967098236084,0.006031900178641081,0.906649112701416,-0.002374562667682767,-0.4218788146972656],[-12212.185546875,10.1939058303833,1318.17138671875,-0.42590707540512087,0.004551165271550417,-0.9047554731369019,-0.0016008075326681138,0.9999819993972778,0.005783748812973499,0.9047654867172241,0.003911679144948721,-0.4258921444416046],[-12202.2490234375,10.214324951171875,1322.90283203125,-0.427668958902359,0.00438736891373992,-0.9039247632026672,-0.001467862748540938,0.999983549118042,0.00554809020832181,0.9039342403411865,0.0036995834670960905,-0.42765548825263979],[-12191.8623046875,10.23037338256836,1327.8929443359376,-0.4311961233615875,0.0060058399103581909,-0.9022382497787476,0.0029364863876253368,0.9999818801879883,0.005253079812973738,0.9022534489631653,-0.00038430248969234526,-0.43120595812797549],[-12181.4931640625,10.246978759765625,1333.1226806640626,-0.44159558415412905,0.008357682265341282,-0.8971752524375916,0.008814019151031971,0.9999487996101379,0.004976755939424038,0.897170901298523,-0.005710007157176733,-0.44164663553237917],[-12171.583984375,10.27198600769043,1338.4281005859376,-0.45552578568458559,0.00857193861156702,-0.890181303024292,0.009759982116520405,0.9999416470527649,0.004634465556591749,0.890169084072113,-0.006577035412192345,-0.455582857131958],[-12160.8564453125,10.308891296386719,1344.2469482421876,-0.46410033106803896,0.0049938056617975239,-0.8857685327529907,0.002171581843867898,0.9999875426292419,0.004499946720898151,0.8857799768447876,0.00016490781854372472,-0.46410539746284487],[-12151.2529296875,10.336472511291504,1349.41357421875,-0.467629611492157,0.0032722102478146555,-0.8839184641838074,-0.001451973570510745,0.9999889731407166,0.00447005033493042,0.8839232921600342,0.00337375421077013,-0.46761971712112429],[-12141.1953125,10.354581832885743,1354.8367919921876,-0.4713625907897949,0.004278999753296375,-0.8819291591644287,0.0010136635974049569,0.9999902248382568,0.0043100458569824699,0.8819389343261719,0.0011376148322597147,-0.47136232256889346],[-12130.6875,10.377603530883789,1360.5245361328126,-0.47364047169685366,0.004435854963958263,-0.8807071447372437,0.001669418066740036,0.9999900460243225,0.004138840828090906,0.8807167410850525,0.0004900540807284415,-0.47364315390586855],[-12120.9375,10.401735305786133,1365.806396484375,-0.4745934307575226,0.003755038371309638,-0.8801971077919006,0.0005150199285708368,0.9999918937683106,0.0039884052239358429,0.880204975605011,0.0014395519392564893,-0.47459155321121218],[-12110.314453125,10.42727279663086,1371.55419921875,-0.47506406903266909,0.003332693362608552,-0.879944920539856,-0.0001026715399348177,0.9999926090240479,0.0038427910767495634,0.8799512386322022,0.0019159171497449279,-0.47506019473075869],[-12099.6279296875,10.451469421386719,1377.3289794921876,-0.4752667248249054,0.003295905189588666,-0.8798356056213379,0.0000466122328361962,0.999993085861206,0.003720842069014907,0.8798417448997498,0.0017273812554776669,-0.4752635955810547],[-12089.7119140625,10.474181175231934,1382.6876220703126,-0.4753514230251312,0.00324584124609828,-0.8797900080680847,0.0001515286130597815,0.9999935030937195,0.0036074412055313589,0.879796028137207,0.0015814888756722212,-0.4753488004207611],[-12079.3310546875,10.497759819030762,1388.2978515625,-0.47539061307907107,0.003151301760226488,-0.8797692060470581,0.00015648787666577846,0.9999938607215881,0.003497382625937462,0.879774808883667,0.0015249496791511775,-0.47538819909095766],[-12068.8974609375,10.522590637207032,1393.936279296875,-0.4754091501235962,0.003054079134017229,-0.8797595500946045,0.00013024781947024167,0.9999942183494568,0.0034010892268270256,0.8797647953033447,0.001502322149462998,-0.47540679574012759],[-12058.8330078125,10.545970916748047,1399.3756103515626,-0.47541630268096926,0.002935269381850958,-0.8797560334205627,0.00005785665052826516,0.9999945163726807,0.003305174643173814,0.8797609806060791,0.0015204341616481543,-0.47541385889053347],[-12047.451171875,10.57248592376709,1405.5255126953126,-0.4754221737384796,0.002862743102014065,-0.8797531127929688,0.00008843120303936303,0.9999948740005493,0.0032062248792499305,0.8797577619552612,0.0014465127605944872,-0.4754199981689453],[-12036.8603515625,10.597297668457032,1411.2484130859376,-0.47542136907577517,0.0027958406135439874,-0.8797537684440613,0.00011384971003280953,0.9999951124191284,0.0031164404936134817,0.8797582387924194,0.0013814626727253199,-0.47541937232017519],[-12026.2197265625,10.622357368469239,1416.9989013671876,-0.47541898488998415,0.0027093556709587576,-0.8797553181648254,0.0000737254013074562,0.9999953508377075,0.003039814066141844,0.8797594904899597,0.001380325062200427,-0.47541698813438418],[-12015.5302734375,10.647676467895508,1422.77587890625,-0.475422203540802,0.0025978845078498127,-0.8797539472579956,-0.000005447168405225966,0.9999956488609314,0.002955897944048047,0.8797577619552612,0.0014100916450843216,-0.47542011737823489],[-12005.224609375,10.672176361083985,1428.345458984375,-0.47542110085487368,0.002553476020693779,-0.8797546625137329,0.000026212259399471806,0.9999958276748657,0.0028883093036711218,0.879758358001709,0.001350102829746902,-0.47541919350624087],[-11994.0107421875,10.698410034179688,1434.4058837890626,-0.47542357444763186,0.002476724097505212,-0.8797535300254822,0.000004965165771864122,0.9999960660934448,0.002812553197145462,0.8797570466995239,0.0013327859342098237,-0.4754216969013214],[-11983.1806640625,10.723953247070313,1440.2591552734376,-0.4754272401332855,0.0024383366107940675,-0.8797516822814941,0.00003734807251021266,0.9999961853027344,0.0027514256071299316,0.8797550201416016,0.0012752455659210682,-0.47542551159858706],[-11972.7