{"DriveData":[[-1913.2103271484376,29.694602966308595,7145.34521484375,0.9403110146522522,0.007250788155943155,-0.34023910760879519,-0.004537827800959349,0.9999512434005737,0.00876873079687357,0.34028610587120058,-0.006701387465000153,0.9402980804443359],[-1913.190185546875,29.695371627807618,7145.2890625,0.9403121471405029,0.007206276524811983,-0.34023693203926089,-0.00451413681730628,0.999951958656311,0.0087034422904253,0.34028327465057375,-0.006648076232522726,0.9402994513511658],[-1913.14794921875,29.69613265991211,7145.17236328125,0.940312922000885,0.007151332218199968,-0.3402358591556549,-0.004481490235775709,0.9999526739120483,0.008632220327854157,0.34028148651123049,-0.0065922243520617489,0.9403005242347717],[-1913.055419921875,29.700395584106447,7144.9140625,0.9403142929077148,0.007008497137576342,-0.3402351140975952,-0.004454821348190308,0.9999557733535767,0.008286195807158947,0.34027811884880068,-0.006275941617786884,0.9403039216995239],[-1912.844970703125,29.701330184936525,7144.3330078125,0.9403165578842163,0.006964206695556641,-0.34022974967956545,-0.004442267585545778,0.9999566078186035,0.008190837688744069,0.3402720093727112,-0.006190589163452387,0.9403066635131836],[-1912.497802734375,29.702714920043947,7143.37060546875,0.9403194785118103,0.006901134736835957,-0.3402229845523834,-0.004425130784511566,0.999957799911499,0.008052974939346314,0.3402642011642456,-0.006066837813705206,0.9403102993965149],[-1912.0364990234376,29.704320907592775,7142.09423828125,0.9403281807899475,0.006833850406110287,-0.3402002155780792,-0.004411238245666027,0.9999591112136841,0.007894054986536503,0.3402402400970459,-0.005922298412770033,0.9403198957443237],[-1911.4326171875,29.70669174194336,7140.37646484375,0.940649688243866,0.007162445690482855,-0.3393034338951111,-0.004829136189073324,0.9999585151672363,0.007720591966062784,0.33934465050697329,-0.0056238300167024139,0.9406452775001526],[-1910.7623291015626,29.71131134033203,7138.31103515625,0.9419243335723877,0.008073028177022934,-0.33572816848754885,-0.005903588607907295,0.9999545812606812,0.007482027169317007,0.3357733190059662,-0.0050655025988817219,0.9419292211532593],[-1910.0465087890626,29.721038818359376,7135.7939453125,0.9448302388191223,0.009684249758720398,-0.327417254447937,-0.007803710177540779,0.9999446272850037,0.007056842558085918,0.3274674713611603,-0.004112448543310165,0.9448534846305847],[-1909.3485107421876,29.738178253173829,7132.81201171875,0.9498793482780457,0.011881458573043347,-0.3123908042907715,-0.010290425270795823,0.9999243021011353,0.006741225253790617,0.3124472498893738,-0.0031887167133390905,0.9499297738075256],[-1908.8182373046876,29.75902557373047,7129.7705078125,0.956449568271637,0.012404319830238819,-0.2916339635848999,-0.011239110492169857,0.9999207854270935,0.0056704431772232059,0.2916812002658844,-0.002145786304026842,0.9565131664276123],[-1908.48388671875,29.76309585571289,7126.70947265625,0.9641275405883789,0.01210823468863964,-0.26516321301460268,-0.011071378365159035,0.9999241232872009,0.0054045808501541618,0.26520851254463198,-0.002274982864037156,0.9641883969306946],[-1908.3544921875,29.762468338012697,7123.865234375,0.9717621803283691,0.011930214241147042,-0.23566071689128877,-0.010968716815114022,0.9999253153800964,0.005390540696680546,0.23570743203163148,-0.0026534278877079489,0.9718204140663147],[-1908.38623046875,29.76495361328125,7121.0126953125,0.9792080521583557,0.011501878499984742,-0.20253221690654756,-0.010686883702874184,0.9999297857284546,0.005117153283208609,0.20257686078548432,-0.002846319694072008,0.9792622327804565],[-1908.5498046875,29.775920867919923,7118.30712890625,0.9856154322624207,0.012073605321347714,-0.1685718595981598,-0.011448169127106667,0.9999235272407532,0.004681624937802553,0.16861549019813538,-0.0026844425592571499,0.9856782555580139],[-1908.841796875,29.78095817565918,7115.48388671875,0.9911871552467346,0.012717138975858689,-0.13185715675354005,-0.012229155749082566,0.9999150633811951,0.004510007798671722,0.13190330564975739,-0.0028577600605785848,0.991258442401886],[-1909.292724609375,29.784696578979493,7112.43115234375,0.995751678943634,0.012856824323534966,-0.09117745608091355,-0.012505647726356984,0.9999120235443115,0.004421854391694069,0.09122628718614578,-0.0032628357876092197,0.9958248138427734],[-1909.9005126953126,29.78815460205078,7109.2646484375,0.9987446665763855,0.012819376774132252,-0.048422109335660937,-0.012624057941138745,0.9999108910560608,0.0043373447842895988,0.04847339540719986,-0.00372061668895185,0.9988175630569458],[-1910.6739501953126,29.791353225708009,7105.9921875,0.9999108910560608,0.012760065495967865,-0.003924858756363392,-0.012743383646011353,0.9999097585678101,0.00424630893394351,0.003978687804192305,-0.004195914603769779,0.9999833106994629],[-1911.65380859375,29.770492553710939,7102.47802734375,0.9989928603172302,0.012298707850277424,0.04315103963017464,-0.012542461976408959,0.9999068379402161,0.005382673814892769,-0.04308082163333893,-0.0059184730052948,0.9990540742874146],[-1912.789794921875,29.742326736450197,7098.9892578125,0.9958714246749878,0.012451596558094025,0.08991707116365433,-0.013127230107784272,0.9998898506164551,0.0069264802150428299,-0.08982092142105103,-0.00807824544608593,0.9959251880645752],[-1914.0865478515626,29.74393653869629,7095.5517578125,0.9905620813369751,0.012939496897161007,0.13645261526107789,-0.014019401744008065,0.9998775124549866,0.006956083234399557,-0.13634589314460755,-0.008803416043519974,0.9906221628189087],[-1915.6549072265626,29.74471664428711,7091.8984375,0.9825325012207031,0.012987564317882061,0.18563729524612428,-0.014536414295434952,0.9998699426651001,0.006984719540923834,-0.1855224370956421,-0.009561214596033097,0.9825935363769531],[-1917.598388671875,29.771121978759767,7088.09423828125,0.9706239700317383,0.010887637734413147,0.24035511910915376,-0.012594855390489102,0.9999051690101624,0.005567854270339012,-0.2402717024087906,-0.008431530557572842,0.9706690311431885],[-1919.7559814453126,29.740829467773439,7084.4052734375,0.9560049176216126,0.0042393142357468609,0.29332002997398379,-0.0064599718898534779,0.9999573230743408,0.006602452602237463,-0.2932795286178589,-0.008206816390156746,0.9559915065765381],[-1922.0904541015626,29.800249099731447,7080.650390625,0.9390121102333069,0.006772464606910944,0.3438173532485962,-0.008590519428253174,0.9999560117721558,0.0037648931611329319,-0.34377673268318179,-0.006488849874585867,0.9390289783477783],[-1924.6806640625,29.80801010131836,7076.87890625,0.918967068195343,0.010899062268435955,0.39418360590934756,-0.01356165949255228,0.9999001622200012,0.0039695813320577148,-0.39410099387168887,-0.00899369828402996,0.9190231561660767],[-1927.3238525390626,29.782978057861329,7073.552734375,0.8967660665512085,0.011617353186011315,0.44235241413116457,-0.01562279649078846,0.99986332654953,0.005412490572780371,-0.4422290623188019,-0.011764519847929478,0.8968250155448914],[-1930.1754150390626,29.75083351135254,7070.3759765625,0.8719348907470703,0.008021360263228417,0.48955610394477847,-0.013055163435637951,0.9998911619186401,0.006869009230285883,-0.4894477427005768,-0.012380563654005528,0.8719447255134583],[-1932.8719482421876,29.745080947875978,7067.662109375,0.8475279808044434,0.005478401202708483,0.530722439289093,-0.010790224187076092,0.9999179244041443,0.006909573916345835,-0.5306410193443298,-0.011582670733332634,0.8475175499916077],[-1935.7529296875,29.78984832763672,7064.98828125,0.8210470080375671,0.00567543925717473,0.5708323121070862,-0.010100208222866059,0.9999384880065918,0.00458568288013339,-0.5707712173461914,-0.009530587121844292,0.8210538625717163],[-1938.76123046875,29.829139709472658,7062.32958984375,0.7941208481788635,0.008835366927087307,0.6076956987380981,-0.013297862373292447,0.9999075531959534,0.0028395121917128565,-0.6076143980026245,-0.010335969738662243,0.7941648960113525],[-1941.8770751953126,29.963912963867189,7059.7197265625,0.7644456624984741,0.026236986741423608,0.6441540122032166,-0.03235209360718727,0.9994738698005676,-0.002315851394087076,-0.6438758969306946,-0.019069388508796693,0.7648922801017761],[-1945.0648193359376,30.21872329711914,7057.3876953125,0.7321215867996216,0.04296606034040451,0.6798175573348999,-0.04539923742413521,0.9988674521446228,-0.014238581992685795,-0.679659366607666,-0.020438823848962785,0.7332430481910706],[-1948.9228515625,30.481189727783204,7054.9833984375,0.6934583783149719,0.04896099865436554,0.7188312411308289,-0.04158961772918701,0.9987450242042542,-0.02790486067533493,-0.7192953824996948,-0.010545056313276291,0.6946243643760681],[-1952.9093017578126,30.638687133789064,7052.76611328125,0.6545031070709229,0.04963606968522072,0.7544282078742981,-0.03382464870810509,0.9987658858299255,-0.03636724129319191,-0.7553023099899292,-0.0017157963011413813,0.6553743481636047],[-1956.98193359375,30.842273712158204,7050.71923828125,0.6129029989242554,0.05594971030950546,0.7881748676300049,-0.03395184129476547,0.9984334707260132,-0.04447348043322563,-0.7894284129142761,0.0004979418008588254,0.6138424277305603],[-1961.2391357421876,31.134891510009767,7048.7060546875,0.5668479204177856,0.07078918069601059,0.8207754492759705,-0.05489691346883774,0.9973326325416565,-0.04810348153114319,-0.8219913244247437,-0.017790677025914193,0.5692220330238342],[-1965.73046875,31.448345184326173,7046.88232421875,0.5204513072967529,0.07542701810598374,0.8505534529685974,-0.0703032985329628,0.9964942336082459,-0.04535064101219177,-0.8509923219680786,-0.03619391471147537,0.5239294767379761],[-1970.2574462890626,31.76276969909668,7045.41357421875,0.4756945073604584,0.0709870308637619,0.8767414689064026,-0.06505762785673142,0.9968476295471191,-0.045413270592689517,-0.8772013783454895,-0.03543587401509285,0.47881317138671877],[-1974.6055908203126,32.09687042236328,7044.232421875,0.43108344078063967,0.07131540775299072,0.8994894027709961,-0.06376181542873383,0.9967873096466065,-0.04847153276205063,-0.9000564217567444,-0.03645780310034752,0.43424567580223086],[-1978.7510986328126,32.45792770385742,7043.33837890625,0.38676440715789797,0.07647361606359482,0.9190022349357605,-0.06569475680589676,0.9963085055351257,-0.05525876209139824,-0.9198355674743652,-0.03900150582194328,0.39036059379577639],[-1982.8507080078126,32.80942153930664,7042.70751953125,0.34216055274009707,0.0792926698923111,0.93628990650177,-0.06193820387125015,0.9961692690849304,-0.061728861182928088,-0.9375978708267212,-0.03687093406915665,0.34576109051704409],[-1986.71630859375,33.14557647705078,7042.33251953125,0.2986762225627899,0.08101366460323334,0.9509097337722778,-0.05576678365468979,0.9961694478988648,-0.06735353171825409,-0.9527238011360169,-0.032912276685237887,0.30204999446868899],[-1990.188720703125,33.46366882324219,7042.14013671875,0.25759679079055788,0.08305814862251282,0.9626761078834534,-0.05471755191683769,0.9959538578987122,-0.07128775864839554,-0.9647019505500794,-0.03431177884340286,0.261099249124527],[-1993.5235595703126,33.7850227355957,7042.08740234375,0.21592208743095399,0.08635880053043366,0.972584068775177,-0.059810176491737369,0.9953803420066834,-0.07510457932949066,-0.974577009677887,-0.041953690350055698,0.22008973360061646],[-1996.16015625,34.07126998901367,7042.1796875,0.18118488788604737,0.08905475586652756,0.9794086217880249,-0.06398555636405945,0.9948489665985107,-0.0786217451095581,-0.9813653230667114,-0.04842293635010719,0.18594981729984284],[-1999.2430419921876,34.410438537597659,7042.46923828125,0.1405254602432251,0.09037357568740845,0.9859437942504883,-0.059969425201416019,0.9947738647460938,-0.08263558149337769,-0.9882591962814331,-0.04751408100128174,0.14521071314811707],[-2002.15478515625,34.69265365600586,7042.88623046875,0.10193107277154923,0.08946497738361359,0.990760326385498,-0.05252502113580704,0.9950425624847412,-0.08444780111312866,-0.9934038519859314,-0.043431855738162997,0.10612490028142929],[-2005.0155029296876,34.98830032348633,7043.4052734375,0.06257713586091995,0.08960766345262528,0.9940093159675598,-0.04866119846701622,0.9950507283210754,-0.08663810789585114,-0.9968531727790833,-0.042948123067617419,0.06662784516811371],[-2008.0777587890626,35.30814743041992,7044.0791015625,0.01980486884713173,0.08949961513280869,0.9957899451255798,-0.04684563726186752,0.9949744939804077,-0.08849462866783142,-0.9987058043479919,-0.04489578679203987,0.023898005485534669],[-2011.35498046875,35.62116241455078,7044.93603515625,-0.0249111857265234,0.08774959295988083,0.9958310127258301,-0.04377688840031624,0.9950888752937317,-0.08877929300069809,-0.9987307190895081,-0.045805979520082477,-0.020947439596056939],[-2014.970947265625,35.97761154174805,7046.052734375,-0.07428490370512009,0.0858880877494812,0.9935315847396851,-0.04013190418481827,0.9952197074890137,-0.08903462439775467,-0.9964292049407959,-0.04648623988032341,-0.07048294693231583],[-2018.6353759765626,36.367271423339847,7047.3759765625,-0.12418416887521744,0.08512844890356064,0.9886007308959961,-0.03597082197666168,0.9952719211578369,-0.09022141993045807,-0.9916069507598877,-0.04676485061645508,-0.12053487449884415],[-2022.303955078125,36.78542709350586,7048.8994140625,-0.17399054765701295,0.08560726046562195,0.9810191988945007,-0.0310917217284441,0.9952399134635925,-0.09236253798007965,-0.984256386756897,-0.04657178372144699,-0.17050065100193025],[-2026.21240234375,37.31710433959961,7050.78857421875,-0.2217990905046463,0.09610610455274582,0.9703446626663208,-0.007105263881385326,0.9949452877044678,-0.10016673803329468,-0.9750664830207825,-0.02911144681274891,-0.21999509632587434],[-2030.5999755859376,37.69316101074219,7052.85302734375,-0.2567233443260193,0.10231152921915055,0.9610543251037598,0.02967057377099991,0.994746744632721,-0.09797253459692002,-0.9660294055938721,0.003363196039572358,-0.25841036438941958],[-2035.2376708984376,38.0413932800293,7054.67041015625,-0.2765396237373352,0.1005130484700203,0.9557316303253174,0.04481631889939308,0.994782030582428,-0.09165238589048386,-0.9599569439888,0.017486857250332834,-0.2796012759208679],[-2040.25,38.435157775878909,7056.30615234375,-0.2859717011451721,0.09190452843904495,0.9538205862045288,0.03853277489542961,0.9956878423690796,-0.08438581973314285,-0.9574630260467529,0.012621399946510792,-0.28827986121177676],[-2045.578369140625,38.786170959472659,7057.83935546875,-0.28510838747024538,0.07975540310144425,0.9551713466644287,0.031822141259908679,0.9967703819274902,-0.07373029738664627,-0.9579668641090393,0.009374473243951798,-0.28672558069229128],[-2051.1591796875,39.05595397949219,7059.26171875,-0.2705689072608948,0.06661990284919739,0.9603927731513977,0.03615724667906761,0.997602105140686,-0.05901453271508217,-0.9620213508605957,0.018757661804556848,-0.2723289132118225],[-2056.709228515625,39.51273727416992,7060.65771484375,-0.25164228677749636,0.06343942135572434,0.9657388925552368,0.05682527273893356,0.9970963597297669,-0.0506923533976078,-0.9661506414413452,0.04212203621864319,-0.2545165717601776],[-2062.505615234375,39.66476821899414,7061.72607421875,-0.22691431641578675,0.05700823292136192,0.9722447991371155,0.07429279386997223,0.9963898062705994,-0.04108463600277901,-0.9710769653320313,0.06290809065103531,-0.23033040761947633],[-2068.48193359375,39.78275680541992,7062.42529296875,-0.1948322355747223,0.04421672224998474,0.9798394441604614,0.07800987362861633,0.9965173006057739,-0.029457775875926019,-0.9777294397354126,0.07069782167673111,-0.1976030319929123],[-2074.827880859375,39.8415641784668,7062.7138671875,-0.15124893188476563,0.02939329482614994,0.9880586266517639,0.07316730171442032,0.9971487522125244,-0.018463490530848504,-0.985784113407135,0.06950099766254425,-0.15296831727027894],[-2080.58935546875,40.012657165527347,7062.5048828125,-0.09361885488033295,0.003128377953544259,0.9956032037734985,0.02870764583349228,0.9995877742767334,-0.0004414522845763713,-0.995194137096405,0.028540095314383508,-0.0936700701713562],[-2086.61767578125,39.582828521728519,7062.03662109375,-0.04214656352996826,-0.03152716904878616,0.9986138939857483,0.042001448571681979,0.9985625147819519,0.033298224210739139,-0.9982281923294067,0.04334663599729538,-0.0407617911696434],[-2092.32177734375,39.6100959777832,7061.06396484375,0.01814110204577446,-0.02641010470688343,0.9994865655899048,0.03676130995154381,0.9989928007125855,0.025729823857545854,-0.9991593956947327,0.03627566993236542,0.019093699753284456],[-2097.529052734375,39.77561569213867,7059.71826171875,0.07399913668632508,-0.025880930945277215,0.9969224333763123,0.014977207407355309,0.9995793104171753,0.02483818307518959,-0.9971458315849304,0.013093109242618084,0.07435563206672669],[-2102.29931640625,39.783912658691409,7058.38134765625,0.12607640027999879,-0.031814709305763248,0.991510272026062,0.022308913990855218,0.9993237853050232,0.029228711500763894,-0.9917696714401245,0.018434466794133188,0.12670090794563294],[-2106.999267578125,39.72483444213867,7056.76220703125,0.17608663439750672,-0.030738849192857744,0.9838946461677551,0.030733199790120126,0.9991967678070068,0.0257166288793087,-0.9838947653770447,0.02570987492799759,0.17688989639282227],[-2111.46533203125,39.62300109863281,7055.03564453125,0.22958116233348847,-0.026147065684199334,0.9729382395744324,0.06698131561279297,0.9976935386657715,0.0110069764778018,-0.9709819555282593,0.0626416876912117,0.2308030128479004],[-2115.64697265625,39.628902435302737,7052.82958984375,0.27733156085014346,-0.018897539004683496,0.9605883955955505,0.0555623359978199,0.9984487295150757,0.003600952448323369,-0.9591663479804993,0.05237387865781784,0.27795132994651797],[-2119.76123046875,39.74137496948242,7050.18994140625,0.32830774784088137,-0.006422220729291439,0.9445489645004273,0.01051050703972578,0.9999397993087769,0.003145578783005476,-0.9445123076438904,0.008894971571862698,0.32835549116134646],[-2123.557373046875,39.72761917114258,7047.72119140625,0.3718120753765106,-0.003923465497791767,0.9282997250556946,-0.004923724569380283,0.9999686479568481,0.006198475137352943,-0.9282949566841126,-0.006875359918922186,0.3717811107635498],[-2127.64990234375,39.69389724731445,7044.91796875,0.4199528694152832,-0.009938005357980729,0.9074915051460266,0.0070275510661304,0.9999457001686096,0.007698391564190388,-0.9075186848640442,0.0031444812193512918,0.419999897480011],[-2131.675048828125,39.6692008972168,7041.82861328125,0.46837127208709719,-0.015910647809505464,0.8833884596824646,0.01922496035695076,0.9997846484184265,0.007814006879925728,-0.8833225965499878,0.013323252089321614,0.4685762822628021],[-2135.410400390625,39.73016357421875,7038.5087890625,0.5160619616508484,-0.014341172762215138,0.8564311861991882,0.020169099792838098,0.9997860789299011,0.004588341806083918,-0.8563137650489807,0.014905576594173909,0.5162408351898193],[-2138.901611328125,39.739013671875,7035.064453125,0.5593879818916321,-0.011562429368495942,0.8288252949714661,0.013891978189349175,0.999893069267273,0.004572962410748005,-0.8287895321846008,0.00895596295595169,0.5594887733459473],[-2142.583984375,39.686744689941409,7031.1025390625,0.604400098323822,-0.012964152731001377,0.7965754270553589,0.011649391613900662,0.9999045133590698,0.0074343509040772919,-0.7965957522392273,0.004786296747624874,0.6044934391975403],[-2146.637451171875,39.677181243896487,7026.22021484375,0.6551054120063782,-0.015968089923262597,0.7553687691688538,0.01574970968067646,0.9998480081558228,0.00747706787660718,-0.7553733587265015,0.00699857110157609,0.6552572846412659],[-2149.73876953125,39.67254638671875,7022.00390625,0.6944529414176941,-0.017874425277113916,0.7193160653114319,0.017919860780239106,0.9998109936714172,0.0075440374203026299,-0.7193149328231812,0.007651064544916153,0.6946419477462769],[-2152.780517578125,39.67281723022461,7017.35595703125,0.7335878610610962,-0.01842655800282955,0.6793447732925415,0.01789231039583683,0.9998095035552979,0.007797905709594488,-0.6793590784072876,0.006434598471969366,0.7337778210639954],[-2155.72412109375,39.67148971557617,7012.263671875,0.7720356583595276,-0.017787659540772439,0.6353302597999573,0.01659967191517353,0.9998316168785095,0.007821327075362206,-0.635362446308136,0.004507931414991617,0.7722009420394898],[-2158.338623046875,39.66962814331055,7007.1142578125,0.8068897724151611,-0.01837874948978424,0.5904160737991333,0.01703869178891182,0.9998241066932678,0.007837135344743729,-0.5904562473297119,0.0037362133152782919,0.8070610165596008],[-2160.717041015625,39.66584014892578,7001.732421875,0.8393042683601379,-0.019730476662516595,0.5433038473129273,0.018414629623293878,0.9997995495796204,0.007861243560910225,-0.5433500409126282,0.0034067637752741577,0.8394993543624878],[-2162.83642578125,39.662601470947269,6996.12744140625,0.8690465092658997,-0.02083871327340603,0.4942913055419922,0.01946960762143135,0.9997791051864624,0.007918640971183777,-0.49434712529182436,0.0027419906109571459,0.8692602515220642],[-2164.667236328125,39.659019470214847,6990.30712890625,0.8962051868438721,-0.021738732233643533,0.44310688972473147,0.020255092531442643,0.9997621774673462,0.008081218227744103,-0.443177193403244,0.0017327420646324754,0.8964323401451111],[-2166.210693359375,39.70393371582031,6984.30126953125,0.9200201034545898,-0.020255092531442643,0.3913472890853882,0.019344322383403779,0.9997932314872742,0.006269978359341621,-0.39139336347579958,0.0018018420087173582,0.9202216863632202],[-2167.59130859375,39.74258804321289,6978.17041015625,0.9380568265914917,-0.01316896639764309,0.34623101353645327,0.012255228124558926,0.999913215637207,0.00482834642753005,-0.3462645709514618,-0.0002861231623683125,0.938136875629425],[-2168.997802734375,39.75713348388672,6971.974609375,0.9494668245315552,-0.004600141197443008,0.3138337731361389,0.0032388370018452408,0.9999829530715942,0.004858923610299826,-0.3138507604598999,-0.0035969302989542486,0.9494655132293701],[-2170.619140625,39.769371032714847,6965.50634765625,0.9556010961532593,0.0007649454055353999,0.2946624159812927,-0.0022281541023403408,0.9999868273735046,0.004630013834685087,-0.2946549952030182,-0.005080999806523323,0.9555901885032654],[-2172.377685546875,39.76573181152344,6958.97900390625,0.9587388634681702,-0.00031528042745776474,0.28428810834884646,-0.0010410778922960163,0.9999887943267822,0.004619956482201815,-0.28428637981414797,-0.004725297912955284,0.9587277770042419],[-2174.005859375,39.759525299072269,6953.107421875,0.9602470993995667,-0.002390543930232525,0.2791411578655243,0.001122285844758153,0.999988317489624,0.004703155253082514,-0.2791491448879242,-0.0042029148899018768,0.9602385759353638],[-2175.804931640625,39.755252838134769,6946.66015625,0.9611578583717346,-0.0028683533892035486,0.27598434686660769,0.0016075727762654424,0.9999871850013733,0.004794422537088394,-0.27599456906318667,-0.004164531826972961,0.9611501693725586],[-2177.609130859375,39.748291015625,6940.18505859375,0.9617944955825806,-0.002649442758411169,0.273759663105011,0.001289206207729876,0.999985933303833,0.0051485090516507629,-0.27376943826675417,-0.004598875064402819,0.9617843627929688],[-2179.30517578125,39.742496490478519,6933.84521484375,0.9631805419921875,-0.0043033575639128689,0.26882094144821169,0.003014917252585292,0.9999818801879883,0.005205584689974785,-0.26883846521377566,-0.004203444812446833,0.9631761312484741],[-2180.91015625,39.7397575378418,6927.6572265625,0.9645606279373169,-0.004224363248795271,0.26382747292518618,0.0029407087713479997,0.9999818205833435,0.005260235629975796,-0.26384490728378298,-0.004297976847738028,0.964555561542511],[-2182.48095703125,39.74016571044922,6921.63134765625,0.9653050303459168,-0.0022564006503671409,0.261115163564682,0.0008962213178165257,0.99998539686203,0.0053280736319720749,-0.261123389005661,-0.004909199196845293,0.9652929306030273],[-2184.07763671875,39.74103546142578,6915.48974609375,0.9660395383834839,-0.0020649898797273638,0.25838595628738406,0.0007656222442165017,0.9999865293502808,0.005129306577146053,-0.2583930790424347,-0.004757286980748177,0.9660281538963318],[-2185.53076171875,39.732444763183597,6909.546875,0.9677822589874268,-0.00532721308991313,0.2517321705818176,0.004137745127081871,0.9999776482582092,0.0052542248740792278,-0.2517545521259308,-0.00404334207996726,0.9677826762199402],[-2186.828857421875,39.72643280029297,6903.4375,0.971148669719696,-0.009623336605727673,0.23828066885471345,0.008653882890939713,0.9999494552612305,0.005114322993904352,-0.2383178472518921,-0.002904715249314904,0.9711828827857971],[-2187.7998046875,39.72300338745117,6897.6376953125,0.9758425951004028,-0.012432783842086792,0.21812069416046143,0.011625912971794606,0.9999200105667114,0.0049822330474853519,-0.21816518902778626,-0.002326023066416383,0.9759090542793274],[-2188.449951171875,39.7181282043457,6891.92138671875,0.9816115498542786,-0.014255469664931298,0.19035635888576508,0.013546200469136238,0.9998956322669983,0.00502675399184227,-0.1904081553220749,-0.002355714328587055,0.9817022085189819],[-2188.74169921875,39.71453094482422,6886.298828125,0.9878327250480652,-0.0158983301371336,0.15470550954341889,0.015291628427803517,0.9998700022697449,0.005110955331474543,-0.15476664900779725,-0.0026830697897821666,0.987947404384613],[-2188.65380859375,39.712886810302737,6880.7919921875,0.9935762286186218,-0.017188958823680879,0.11185190826654434,0.016715433448553087,0.9998469352722168,0.005169964395463467,-0.11192364990711212,-0.003267100313678384,0.9937114119529724],[-2188.22314453125,39.71499252319336,6875.42919921875,0.9977377653121948,-0.01667269505560398,0.06512609124183655,0.016377616673707963,0.9998530745506287,0.005062159616500139,-0.06520091742277146,-0.003984097391366959,0.9978641867637634],[-2187.456298828125,39.71928024291992,6870.03515625,0.9997758865356445,-0.015508202835917473,0.01441171020269394,0.015437837690114975,0.9998683929443359,0.004981029778718948,-0.014487060718238354,-0.0047574276104569439,0.9998837113380432],[-2186.439697265625,39.71943283081055,6865.04248046875,0.9992684721946716,-0.014371977187693119,-0.03544044867157936,0.014562850818037987,0.9998807907104492,0.005133486818522215,0.03536244481801987,-0.0056458450853824619,0.999358594417572],[-2185.20263671875,39.72254180908203,6860.2998046875,0.9963380694389343,-0.013142642565071583,-0.08448473364114762,0.013612844049930573,0.9998948574066162,0.004991841036826372,0.08441025018692017,-0.006123639177531004,0.9964122772216797],[-2183.75244140625,39.72533416748047,6855.755859375,0.9909992814064026,-0.012587649747729302,-0.13327383995056153,0.013357705436646939,0.9998988509178162,0.004885431844741106,0.13319885730743409,-0.006621692329645157,0.9910672307014465],[-2182.1103515625,39.72749328613281,6851.41552734375,0.9833198189735413,-0.01230328343808651,-0.1814684122800827,0.01340775191783905,0.9998983144760132,0.00486076669767499,0.18139015138149262,-0.0072127715684473518,0.9833847880363464],[-2180.28564453125,39.72710418701172,6847.283203125,0.9733223915100098,-0.012017559260129929,-0.22912678122520448,0.013482699170708657,0.9998974204063416,0.004830017685890198,0.22904524207115174,-0.007790411822497845,0.9733846187591553],[-2178.2041015625,39.73362350463867,6843.1884765625,0.9605649709701538,-0.010994557291269303,-0.27783820033073428,0.0127654317766428,0.9999080896377564,0.004565531853586435,0.2777624726295471,-0.007932214997708798,0.9606170058250427],[-2176.391357421875,39.69194030761719,6839.94873046875,0.9488201141357422,-0.008869758807122708,-0.3156924247741699,0.0116046741604805,0.9999096393585205,0.006784422788769007,0.31560373306274416,-0.010100704617798329,0.9488373398780823],[-2173.955078125,39.68360900878906,6836.06298828125,0.9316527843475342,-0.008418719284236431,-0.3632522523403168,0.011853019706904889,0.9999036192893982,0.007226357702165842,0.36315640807151797,-0.011038091965019703,0.9316627979278565],[-2171.382568359375,39.68441390991211,6832.39208984375,0.9124026298522949,-0.008864632807672024,-0.4091978669166565,0.012877898290753365,0.9998921751976013,0.007053192239254713,0.4090912342071533,-0.011704959906637669,0.9124184250831604],[-2168.573486328125,39.683616638183597,6828.78125,0.8905029892921448,-0.008893447928130627,-0.4548904001712799,0.013593241572380066,0.999882698059082,0.007061960641294718,0.45477423071861269,-0.01247213315218687,0.8905194401741028],[-2165.40625,39.682640075683597,6825.11279296875,0.8649631142616272,-0.008530217222869397,-0.5017629861831665,0.013981605879962445,0.9998770356178284,0.007103762123733759,0.5016406774520874,-0.01315994467586279,0.8649759888648987],[-2162.11767578125,39.68056106567383,6821.67333984375,0.8378032445907593,-0.007924812845885754,-0.5459147095680237,0.014174188487231732,0.9998733401298523,0.007238075602799654,0.5457882285118103,-0.013801981694996357,0.8378095030784607],[-2158.593505859375,39.682498931884769,6818.353515625,0.808142900466919,-0.006324654910713434,-0.5889525413513184,0.013523351401090622,0.9998779892921448,0.007818825542926789,0.5888311862945557,-0.014283339492976666,0.8081297874450684],[-2154.841552734375,39.681358337402347,6815.1533203125,0.7757935523986816,-0.0057008168660104279,-0.6309610605239868,0.013695386238396168,0.9998757243156433,0.007805052679032087,0.63083815574646,-0.014696365222334862,0.7757752537727356],[-2150.8623046875,39.67757797241211,6812.09130859375,0.740960419178009,-0.005772280972450972,-0.6715238690376282,0.014840022660791874,0.999859631061554,0.0077799162827432159,0.6713846921920776,-0.01573004014790058,0.7409420609474182],[-2146.654541015625,39.674224853515628,6809.1865234375,0.7036759853363037,-0.0056920344941318039,-0.7104982137680054,0.015950793400406839,0.9998424649238586,0.007787567097693682,0.7103419303894043,-0.01681293360888958,0.7036559581756592],[-2142.046142578125,39.67001724243164,6806.353515625,0.6625922322273254,-0.005042804405093193,-0.7489633560180664,0.016580235213041307,0.9998310208320618,0.007936280220746994,0.7487967610359192,-0.01767650432884693,0.6625639200210571],[-2137.3837890625,39.66804122924805,6803.82470703125,0.6205718517303467,-0.004307850729674101,-0.7841377258300781,0.01704648695886135,0.999822735786438,0.007997935637831688,0.7839642763137817,-0.018330087885260583,0.6205352544784546],[-2132.508544921875,39.6664924621582,6801.50439453125,0.576362133026123,-0.0035727329086512329,-0.8171865940093994,0.01756727322936058,0.9998134970664978,0.008019031956791878,0.8170055150985718,-0.018977606669068338,0.5763174295425415],[-2127.4306640625,39.66453552246094,6799.40966796875,0.530117392539978,-0.0027771026361733677,-0.8479197025299072,0.01813758909702301,0.9998029470443726,0.008065028116106987,0.8477302193641663,-0.01965462975203991,0.5300633311271668],[-2121.95263671875,39.660728454589847,6797.4931640625,0.48009365797042849,-0.0016727832844480873,-0.8772156238555908,0.018513744696974756,0.9997947812080383,0.00822590384632349,0.877021849155426,-0.02018975093960762,0.48002609610557558],[-2116.48974609375,39.659400939941409,6795.916015625,0.42993074655532839,-0.0007464832160621882,-0.9028615355491638,0.019089819863438607,0.9997836351394653,0.008263702504336834,0.9026600122451782,-0.02078828401863575,0.4298519790172577],[-2110.637451171875,39.65764617919922,6794.5693359375,0.37626901268959048,0.0003485234046820551,-0.9265103936195374,0.019529424607753755,0.9997747540473938,0.008307259529829026,0.9263046383857727,-0.021219979971647264,0.37617745995521548],[-2104.842041015625,39.65340805053711,6793.5751953125,0.3228665888309479,0.0015421612188220025,-0.9464432597160339,0.020067431032657625,0.9997627139091492,0.00847478024661541,0.9462317228317261,-0.021728908643126489,0.3227590322494507],[-2099.13720703125,39.65292739868164,6792.9111328125,0.27022913098335268,0.00258256820961833,-0.9627925753593445,0.020619526505470277,0.9997515082359314,0.008469033986330033,0.9625751972198486,-0.022140907123684884,0.27010872960090639],[-2092.872314453125,39.72263717651367,6792.48828125,0.21408933401107789,-0.00006967849913053215,-0.9768140912055969,0.02223253808915615,0.9997413158416748,0.0048014139756560329,0.9765610694885254,-0.022744987159967424,0.2140354961156845],[-2086.828369140625,40.117950439453128,6792.4384765625,0.15572631359100343,-0.021130073815584184,-0.9875742197036743,0.03235340490937233,0.9993438720703125,-0.01628022827208042,0.9872702360153198,-0.029416127130389215,0.15630777180194856],[-2080.7265625,40.51802444458008,6792.77392578125,0.09735441952943802,-0.03965087980031967,-0.9944596290588379,0.03266667574644089,0.9987949728965759,-0.03662577271461487,0.994713544845581,-0.02892000786960125,0.09853237122297287],[-2074.54736328125,40.90244674682617,6793.4873046875,0.03889985755085945,-0.05633817985653877,-0.9976536631584168,0.027088595554232599,0.9981018304824829,-0.05530726909637451,0.9988758563995361,-0.02487359195947647,0.04035213962197304],[-2068.0361328125,41.33371353149414,6794.5966796875,-0.023925097659230233,-0.07005765289068222,-0.9972559809684753,0.024201223626732827,0.9972085952758789,-0.07063493132591248,0.9994207620620728,-0.025824762880802156,-0.02216283231973648],[-2061.71435546875,41.81543731689453,6795.99560546875,-0.08315097540616989,-0.06906845420598984,-0.9941405653953552,0.030326563864946367,0.9969578385353088,-0.07180073112249375,0.9960753917694092,-0.03611917048692703,-0.08080340921878815],[-2055.170166015625,42.332149505615237,6797.9013671875,-0.14426855742931367,-0.06739652156829834,-0.987240731716156,0.028902297839522363,0.996965229511261,-0.07228397578001023,0.989116370677948,-0.038961831480264667,-0.14188282191753388],[-2049.158447265625,42.8236083984375,6800.0625,-0.1997152864933014,-0.06675403565168381,-0.9775774478912354,0.021512240171432496,0.9971374869346619,-0.0724845677614212,0.9796177744865418,-0.03550615906715393,-0.19770757853984834],[-2042.722900390625,43.35649490356445,6802.75439453125,-0.25639528036117556,-0.06682123988866806,-0.9642595052719116,0.012159330770373345,0.9973055720329285,-0.07234442234039307,0.9664955139160156,-0.030273517593741418,-0.25489193201065066],[-2036.2989501953126,43.89362335205078,6805.59326171875,-0.3001437187194824,-0.0685104951262474,-0.9514305591583252,0.00029132867348380387,0.9974108338356018,-0.07191334664821625,0.9538939595222473,-0.021861519664525987,-0.2993466556072235],[-2030.06005859375,44.416656494140628,6808.28759765625,-0.32637766003608706,-0.0711590126156807,-0.942557156085968,-0.010475863702595234,0.9973734021186829,-0.07166994363069534,0.9451814293861389,-0.013517367653548718,-0.3262658417224884],[-2023.73486328125,44.93971633911133,6810.86865234375,-0.34030938148498537,-0.07264876365661621,-0.937502920627594,-0.0155057767406106,0.9973089694976807,-0.07165471464395523,0.9401856660842896,-0.009848060086369515,-0.34052008390426638],[-2017.317138671875,45.45600509643555,6813.330078125,-0.34497082233428957,-0.07282841950654984,-0.9357836842536926,-0.01637854054570198,0.9973005056381226,-0.07157818973064423,0.9384704828262329,-0.009365616366267205,-0.34523239731788638],[-2010.80029296875,45.9813346862793,6815.63232421875,-0.3401664197444916,-0.07346229255199433,-0.9374913573265076,-0.018233394250273706,0.997271716594696,-0.0715307667851448,0.940188467502594,-0.007238715887069702,-0.3405778408050537],[-2003.65673828125,46.560150146484378,6817.8603515625,-0.32433173060417178,-0.07489742338657379,-0.9429736733436585,-0.02164999209344387,0.9971871376037598,-0.071757011115551,0.9456956386566162,-0.0028577023185789587,-0.32504093647003176],[-1997.158935546875,47.08054733276367,6819.55029296875,-0.30106982588768008,-0.07583367079496384,-0.9505820274353027,-0.023976456373929979,0.9971198439598084,-0.07195241004228592,0.9533006548881531,0.0011288865935057402,-0.30202093720436098],[-1990.03369140625,47.64393615722656,6821.10400390625,-0.27314430475234988,-0.07544334977865219,-0.9590101838111877,-0.02076919935643673,0.9971500635147095,-0.07252827286720276,0.9617488384246826,0.00010718777048168704,-0.2739327847957611],[-1983.1015625,48.168216705322269,6822.5361328125,-0.2536190450191498,-0.07292693108320236,-0.9645512104034424,-0.011106952093541623,0.9973077774047852,-0.07248309999704361,0.9672403931617737,-0.007669869344681501,-0.25374624133110049],[-1976.1358642578126,48.70199966430664,6824.0546875,-0.24317556619644166,-0.07108526676893234,-0.9673740267753601,-0.0027815685607492925,0.9973580241203308,-0.07258935272693634,0.9699783325195313,-0.014961139298975468,-0.24273082613945008],[-1969.1424560546876,49.2515754699707,6825.64013671875,-0.2360360473394394,-0.07119348645210266,-0.9691328406333923,-0.0028031952679157259,0.9973583221435547,-0.07258423417806626,0.9717402458190918,-0.014415827579796315,-0.23561209440231324],[-1962.10693359375,49.811954498291019,6827.18212890625,-0.22740446031093598,-0.07241298258304596,-0.9711043238639832,-0.0073944274336099628,0.9973310232162476,-0.07263708859682083,0.9737723469734192,-0.009337237104773522,-0.2273329794406891],[-1954.75537109375,50.386775970458987,6828.76220703125,-0.22169210016727448,-0.07230910658836365,-0.972432017326355,-0.006886465474963188,0.9973379969596863,-0.0725911408662796,0.9750924110412598,-0.009396263398230076,-0.22159992158412934],[-1947.641845703125,50.937191009521487,6830.294921875,-0.21901068091392518,-0.07159379124641419,-0.9730923175811768,-0.003714845282956958,0.9973583817481995,-0.07254303991794586,0.9757153987884522,-0.01227281428873539,-0.21869809925556184],[-1940.5029296875,51.49320983886719,6831.85546875,-0.21755395829677583,-0.07122140377759934,-0.9734463691711426,-0.0021962143946439029,0.9973673820495606,-0.07248073816299439,0.9760458469390869,-0.013630575500428677,-0.2171376347541809],[-1933.3406982421876,52.0541877746582,6833.4365234375,-0.21670787036418916,-0.07122760266065598,-0.9736346006393433,-0.0023938114754855634,0.9973705410957336,-0.07243122905492783,0.9762335419654846,-0.013365720398724079,-0.21630854904651643],[-1926.154296875,52.61747741699219,6835.02685546875,-0.21623444557189942,-0.07130245119333267,-0.9737343788146973,-0.00286362087354064,0.9973717331886292,-0.07239740341901779,0.9763372540473938,-0.01286640577018261,-0.21587030589580537],[-1918.945068359375,53.182167053222659,6836.62060546875,-0.21598774194717408,-0.07129129022359848,-0.9737899303436279,-0.0029786310624331238,0.9973743557929993,-0.07235723733901978,0.9763915538787842,-0.012727716006338597,-0.21563297510147096],[-1911.71533203125,53.74813461303711,6838.22021484375,-0.2158978432416916,-0.0712333545088768,-0.9738141298294067,-0.0028951079584658148,0.9973776340484619,-0.07231514155864716,0.9764116406440735,-0.012793386355042458,-0.2155379056930542],[-1904.1871337890626,54.337486267089847,6839.880859375,-0.21584965288639069,-0.07115322351455689,-0.9738306403160095,-0.002694066846743226,0.9973809719085693,-0.07227679342031479,0.976422905921936,-0.0129773560911417,-0.21547603607177735],[-1896.919677734375,54.906375885009769,6841.490234375,-0.2158087193965912,-0.07110761106014252,-0.9738430380821228,-0.0026307005900889637,0.9973835349082947,-0.07224350422620774,0.9764320850372315,-0.013028888963162899,-0.21543113887310029],[-1889.635986328125,55.47700500488281,6843.10205078125,-0.2157168686389923,-0.07108987867832184,-0.9738646745681763,-0.0026751128025352957,0.997385561466217,-0.07221429795026779,0.9764522910118103,-0.012972643598914147,-0.21534305810928346],[-1882.3323974609376,56.05180358886719,6844.66943359375,-0.21307781338691712,-0.0714099258184433,-0.9744220972061157,-0.0041257827542722229,0.9973823428153992,-0.07219035923480988,0.9770265221595764,-0.011361910030245781,-0.21281465888023377],[-1874.9993896484376,56.632694244384769,6846.11474609375,-0.20543617010116578,-0.07218087464570999,-0.9760050773620606,-0.0067777265794575218,0.9973574876785278,-0.07233338057994843,0.9786470532417297,-0.008244797587394715,-0.20538252592086793],[-1867.3455810546876,57.173583984375,6847.56103515625,-0.19951936602592469,-0.06911177188158035,-0.9774536490440369,-0.004110998008400202,0.9975599050521851,-0.06969426572322846,0.9798852801322937,-0.009887046180665493,-0.19931665062904359],[-1860.24072265625,57.67031478881836,6848.9208984375,-0.19683250784873963,-0.06590402126312256,-0.9782196283340454,-0.0005613808170892298,0.9977