{"DriveData":[[-1387.1783447265626,28.329662322998048,7999.07275390625,-0.8363487720489502,0.004691767506301403,-0.5481776595115662,-0.00034247778239659965,0.9999586939811707,0.009081006050109864,0.5481976270675659,0.007782626897096634,-0.8363125920295715],[-1387.177490234375,28.329809188842775,7999.07275390625,-0.8363489508628845,0.004682968370616436,-0.5481774806976318,-0.0003427797055337578,0.999958872795105,0.009065420366823674,0.5481973886489868,0.0077697583474218849,-0.8363128900527954],[-1387.172119140625,28.329784393310548,7999.083984375,-0.8363504409790039,0.0046773627400398258,-0.5481752157211304,-0.0003480584127828479,0.999958872795105,0.00906328670680523,0.5481950640678406,0.0077708810567855839,-0.8363144397735596],[-1387.1572265625,28.32999038696289,7999.1064453125,-0.8363488912582398,0.004667461849749088,-0.5481776595115662,-0.0003452692471910268,0.9999590516090393,0.009040930308401585,0.5481974482536316,0.007750641088932753,-0.836313009262085],[-1387.1116943359376,28.331680297851564,7999.17626953125,-0.8363511562347412,0.004584617912769318,-0.5481749176979065,-0.0003431565419305116,0.9999604821205139,0.008886645548045636,0.5481939911842346,0.007620465941727161,-0.8363165259361267],[-1386.9522705078126,28.332597732543947,7999.419921875,-0.8363519906997681,0.004550071898847818,-0.5481739640235901,-0.00033560144947841763,0.9999611377716065,0.008812122978270054,0.5481927394866943,0.007554003968834877,-0.8363178968429565],[-1386.6673583984376,28.333345413208009,7999.8544921875,-0.836353600025177,0.004493053071200848,-0.548171877861023,-0.00034955042065121233,0.9999618530273438,0.00872943177819252,0.548190176486969,0.007492505479604006,-0.836320161819458],[-1386.1962890625,28.33392906188965,8000.5732421875,-0.8363529443740845,0.00445289071649313,-0.548173189163208,-0.0003445858310442418,0.999962568283081,0.008648579008877278,0.5481911897659302,0.007422157097607851,-0.8363201022148132],[-1385.5179443359376,28.33466339111328,8001.60791015625,-0.836354672908783,0.004391177091747522,-0.5481711030006409,-0.0003466184716671705,0.9999634623527527,0.00853914488106966,0.5481885671615601,0.007331760134547949,-0.8363226056098938],[-1384.73486328125,28.335519790649415,8002.80126953125,-0.8363552689552307,0.0043166400864720348,-0.5481708645820618,-0.00035347044467926025,0.9999645352363586,0.008413643576204777,0.5481877326965332,0.007230557035654783,-0.8363240361213684],[-1383.7218017578126,28.38910484313965,8004.3388671875,-0.8362886309623718,0.00295067997649312,-0.5482814908027649,-0.00008288121898658574,0.9999848008155823,0.005508024245500565,0.5482894778251648,0.004651740193367004,-0.8362756967544556],[-1382.5330810546876,28.388748168945314,8006.1533203125,-0.8363096714019775,0.0029277601279318334,-0.5482495427131653,-0.00007513158925576136,0.9999850988388062,0.005454724188894033,0.5482573509216309,0.004603029228746891,-0.8362970352172852],[-1380.9661865234376,28.390993118286134,8008.54443359375,-0.8362953066825867,0.0026502879336476328,-0.5482729077339172,-0.00027801989926956594,0.9999861121177673,0.005257888697087765,0.5482792258262634,0.004549578297883272,-0.8362829685211182],[-1379.1649169921876,28.38424301147461,8011.2470703125,-0.8355221152305603,0.002320436527952552,-0.5494519472122192,-0.0010155484778806568,0.9999828338623047,0.005767401773482561,0.5494558811187744,0.005376786459237337,-0.8355054259300232],[-1377.368896484375,28.39132308959961,8013.8056640625,-0.8327844142913818,0.00095413310918957,-0.5535966753959656,-0.0024092753883451225,0.9999827742576599,0.00534779904410243,0.5535922050476074,0.005787330213934183,-0.8327677845954895],[-1375.462646484375,28.398046493530275,8016.3173828125,-0.8272786736488342,-0.000324885593727231,-0.5617916584014893,-0.003855915740132332,0.999979555606842,0.0050998227670788769,0.5617785453796387,0.006385196000337601,-0.8272630572319031],[-1373.336669921875,28.41231918334961,8018.861328125,-0.8180622458457947,-0.0017585986061021686,-0.5751270055770874,-0.005332963075488806,0.9999755024909973,0.0045279390178620819,0.5751049518585205,0.0067712669260799889,-0.8180515766143799],[-1370.7642822265626,28.42951774597168,8021.60205078125,-0.8031558394432068,-0.0031416029669344427,-0.5957607626914978,-0.006729647982865572,0.9999701380729675,0.003799254773184657,0.5957310199737549,0.007060653995722532,-0.8031529784202576],[-1367.99658203125,28.440095901489259,8024.18798828125,-0.7831395268440247,-0.0015925951302051545,-0.6218439936637878,-0.007148087024688721,0.9999536871910095,0.006441210862249136,0.62180495262146,0.009489361196756363,-0.7831146717071533],[-1365.094970703125,28.414215087890626,8026.587890625,-0.7589792609214783,-0.001520883641205728,-0.6511130332946777,-0.009683971293270588,0.9999130368232727,0.008952642790973187,0.6510427594184876,0.013100230135023594,-0.7589280009269714],[-1361.779052734375,28.403024673461915,8028.9755859375,-0.7285352349281311,-0.0013870553812012077,-0.6850069761276245,-0.010765809565782547,0.9998975992202759,0.00942524429410696,0.6849237680435181,0.014241277240216732,-0.7284755706787109],[-1358.0350341796876,28.402446746826173,8031.32861328125,-0.6918877959251404,-0.0009202217916026712,-0.7220044136047363,-0.01092180423438549,0.9998981356620789,0.009191821329295636,0.7219223976135254,0.014245300553739071,-0.6918273568153381],[-1354.1551513671876,28.403076171875,8033.47216796875,-0.6525011658668518,-0.0006819983245804906,-0.7577874064445496,-0.011520850472152233,0.9998929500579834,0.009020265191793442,0.7577001452445984,0.014616088941693306,-0.6524391770362854],[-1350.1661376953126,28.383026123046876,8035.3984375,-0.6113023161888123,0.0011476567015051842,-0.7913963198661804,-0.01091463677585125,0.9998916387557983,0.009880858473479748,0.791321873664856,0.014677994884550572,-0.611223578453064],[-1346.3145751953126,28.61639404296875,8036.77392578125,-0.5675493478775024,0.0026736645959317686,-0.8233350515365601,0.010522768832743168,0.999936580657959,-0.00400650454685092,0.8232721090316773,-0.010937653481960297,-0.5675415396690369],[-1342.5396728515626,28.901809692382814,8037.94482421875,-0.5224320888519287,-0.00689953425899148,-0.8526529669761658,0.01742195524275303,0.9996721148490906,-0.018763858824968339,0.8525028824806213,-0.024657724425196649,-0.522140622138977],[-1338.500244140625,29.19274139404297,8038.8876953125,-0.4714103937149048,-0.017513025552034379,-0.8817400336265564,0.027189088985323907,0.9990389347076416,-0.034379079937934878,0.8814947605133057,-0.04018036648631096,-0.47048118710517886],[-1334.627197265625,29.437368392944337,8039.66552734375,-0.4237438142299652,-0.03009210340678692,-0.9052820801734924,0.030264481902122499,0.9984195828437805,-0.04735422506928444,0.9052762985229492,-0.047463953495025638,-0.4221633970737457],[-1330.2618408203126,29.193920135498048,8040.4453125,-0.36916887760162356,-0.025446252897381784,-0.9290139079093933,0.01180484052747488,0.9994160532951355,-0.032065585255622867,0.9292873740196228,-0.02280447632074356,-0.36865290999412539],[-1325.6241455078126,29.11096954345703,8040.9189453125,-0.3123988211154938,-0.023201843723654748,-0.9496676325798035,0.008955413475632668,0.9995853304862976,-0.027367345988750459,0.9499088525772095,-0.01705419272184372,-0.31206148862838747],[-1320.9146728515626,29.081642150878908,8040.9619140625,-0.27112019062042239,0.00543976342305541,-0.9625301361083984,0.041339509189128879,0.9991271495819092,-0.005997693166136742,0.9616573452949524,-0.04141661897301674,-0.2711084187030792],[-1316.5283203125,29.004844665527345,8040.83544921875,-0.23201850056648255,0.0017091113841161132,-0.9727098941802979,0.06527192890644074,0.9977718591690064,-0.01381603255867958,0.970518946647644,-0.06669622659683228,-0.23161308467388154],[-1312.0311279296876,29.318525314331056,8040.79296875,-0.18175989389419557,0.018265344202518464,-0.9831733107566834,0.037111397832632068,0.9992426037788391,0.0117030693218112,0.982642412185669,-0.03435978665947914,-0.18230007588863374],[-1307.7564697265626,29.52829933166504,8040.63525390625,-0.12403691560029984,0.0018441348802298308,-0.9922758936882019,-0.0024618771858513357,0.9999946355819702,0.002166220685467124,0.9922745227813721,0.0027115526609122755,-0.12403170764446259],[-1303.357421875,29.618480682373048,8039.96337890625,-0.06791843473911286,-0.017448056489229204,-0.9975382685661316,0.00023310963297262788,0.9998467564582825,-0.017504306510090829,0.9976908564567566,-0.001421400811523199,-0.06790395826101303],[-1298.7911376953126,29.7924861907959,8039.0458984375,-0.008775490336120129,-0.025009935721755029,-0.9996486902236939,0.0017265354981645942,0.9996852874755859,-0.02502600848674774,0.9999600052833557,-0.0019455444999039174,-0.008729548193514347],[-1294.1138916015626,30.027244567871095,8038.02783203125,0.05209686979651451,-0.030556118115782739,-0.9981744289398193,-0.0304412804543972,0.9990187287330627,-0.03217075765132904,0.9981779456138611,0.032061703503131869,0.05111557990312576],[-1289.493896484375,30.173606872558595,8036.7021484375,0.10543183982372284,-0.024484874680638315,-0.9941250681877136,-0.04013985022902489,0.9987773299217224,-0.028856486082077028,0.9936161041259766,0.04294642433524132,0.10432010889053345],[-1284.265869140625,30.18112564086914,8034.728515625,0.1651785522699356,-0.014973163604736328,-0.9861500263214111,-0.02338578552007675,0.9995441436767578,-0.01909361407160759,0.9859864115715027,0.026215748861432077,0.16475309431552888],[-1279.368408203125,29.938398361206056,8032.5537109375,0.22139978408813477,0.005042730830609798,-0.9751700758934021,-0.00856602843850851,0.9999580979347229,0.0032261069864034654,0.9751455187797546,0.007639075163751841,0.22143369913101197],[-1274.819580078125,29.829904556274415,8030.3134765625,0.27626386284828188,0.024543024599552156,-0.9607684016227722,-0.017161350697278978,0.9996404647827148,0.020601363852620126,0.9609286189079285,0.010796671733260155,0.27658572793006899],[-1270.897216796875,29.93393898010254,8027.97119140625,0.3297272324562073,0.03249805420637131,-0.943516731262207,-0.022965962067246438,0.9993876814842224,0.026396619156003,0.9437968730926514,0.012965085916221142,0.3302716910839081],[-1267.24365234375,29.91848373413086,8025.3955078125,0.3804483413696289,0.03064539283514023,-0.9242942929267883,-0.005821002647280693,0.9995103478431702,0.030743233859539033,0.9247838258743286,-0.006315893493592739,0.38044044375419619],[-1264.0635986328126,29.874053955078126,8022.99267578125,0.4258938431739807,0.026682095602154733,-0.9043796062469482,0.0003606954705901444,0.9995599985122681,0.02966008149087429,0.9047730565071106,-0.012958251871168614,0.42569682002067568],[-1261.053955078125,29.883657455444337,8020.51416015625,0.4682862162590027,0.02646557427942753,-0.8831803798675537,-0.00562996556982398,0.9996203780174255,0.026969680562615396,0.8835588693618774,-0.007657254580408335,0.46825745701789858],[-1258.4273681640626,29.774682998657228,8018.02734375,0.5115166902542114,0.007736424449831247,-0.8592385053634644,-0.005758427549153566,0.9999678730964661,0.0055754529312253,0.8592540621757507,0.0020959253888577224,0.5115448236465454],[-1256.026123046875,29.76205062866211,8015.57666015625,0.5475452542304993,0.009983609430491925,-0.8367165327072144,-0.007944840006530285,0.9999457597732544,0.00673215975984931,0.8367383480072022,0.002961416495963931,0.5475948452949524],[-1253.9254150390626,29.776445388793947,8013.1572265625,0.5820586085319519,0.009124532341957093,-0.8130956292152405,-0.007360395044088364,0.9999551773071289,0.005952488165348768,0.8131135106086731,0.0025200077798217537,0.5820997357368469],[-1252.1392822265626,29.76546287536621,8010.904296875,0.6123782992362976,0.008330492302775383,-0.790520966053009,-0.0054026879370212559,0.999965250492096,0.006352410186082125,0.7905464172363281,0.00038086005952209234,0.6124020218849182],[-1250.5667724609376,29.767057418823243,8008.732421875,0.6409552097320557,0.008333629928529263,-0.7675330638885498,-0.005457605235278606,0.999965250492096,0.00629974203184247,0.7675588726997376,0.0001510400470579043,0.6409783959388733],[-1249.0841064453126,29.778949737548829,8006.48193359375,0.6694493889808655,0.007855410687625409,-0.742816150188446,-0.0052372366189956669,0.9999691247940064,0.005854885093867779,0.7428392171859741,-0.00002924533691839315,0.6694698929786682],[-1247.861328125,29.772966384887697,8004.4482421875,0.6940920352935791,0.007597419898957014,-0.7198461890220642,-0.0045625437051057819,0.9999706745147705,0.00615460891276598,0.7198718190193176,-0.0009875352261587978,0.6941062808036804],[-1246.80517578125,29.76498794555664,8002.5087890625,0.7169166803359985,0.006895546801388264,-0.697124719619751,-0.003314965171739459,0.999973475933075,0.006482068449258804,0.6971509456634522,-0.002336158649995923,0.7169205546379089],[-1246.3250732421876,29.91090965270996,8001.125,0.733824610710144,-0.01609826646745205,-0.6791481971740723,0.019581761211156846,0.9998050332069397,-0.0025407555513083936,0.679056704044342,-0.011434449814260006,0.7339967489242554],[-1246.024658203125,29.861125946044923,8000.18505859375,0.7427366971969605,-0.03178834170103073,-0.6688286066055298,0.042846668511629108,0.9990816712379456,0.00009665402467362583,0.6682113409042358,-0.028728866949677469,0.7434166073799133],[-1245.8372802734376,29.968067169189454,7999.88134765625,0.7476279735565186,-0.024264011532068254,-0.6636743545532227,0.029129164293408395,0.9995687007904053,-0.0037303967401385309,0.6634786128997803,-0.016543330624699594,0.7480123043060303],[-1245.786376953125,29.991025924682618,7999.95654296875,0.748154878616333,-0.01115114614367485,-0.6634304523468018,0.011766414158046246,0.9999245405197144,-0.003537980606779456,0.663419783115387,-0.005159240216016769,0.7482296228408814],[-1245.808837890625,29.97869873046875,7999.9794921875,0.7482672929763794,-0.010665069334208966,-0.6633116006851196,0.011735332198441029,0.9999271035194397,-0.002838977612555027,0.6632935404777527,-0.0056598675437271599,0.7483379244804382],[-1246.051513671875,29.87934112548828,8000.15966796875,0.7479000687599182,-0.017408324405550958,-0.6635830402374268,0.024291379377245904,0.9997042417526245,0.0011518492829054595,0.6633667349815369,-0.016980815678834916,0.7481017708778381],[-1246.4503173828126,29.86573028564453,8000.5625,0.746880829334259,-0.02492741495370865,-0.6644905209541321,0.034189622849226,0.9994149208068848,0.0009371735504828394,0.664078414440155,-0.023418638855218889,0.7472960948944092],[-1246.982421875,29.84218406677246,8001.22802734375,0.746809184551239,-0.01862218603491783,-0.6647775769233704,0.02739793248474598,0.9996207356452942,0.002776726149022579,0.6644737720489502,-0.02028721570968628,0.7470361590385437],[-1247.5577392578126,29.73814582824707,8002.080078125,0.7471089959144592,0.005630284082144499,-0.6646776795387268,0.0017872722819447518,0.9999434947967529,0.010479144752025605,0.664699137210846,-0.009017023257911206,0.7470567226409912],[-1248.568603515625,29.76494598388672,8003.130859375,0.7523071765899658,0.019024871289730073,-0.658537745475769,-0.01590583100914955,0.9998161196708679,0.010713587515056134,0.6586204767227173,0.002414681948721409,0.752471387386322],[-1249.837890625,29.740873336791993,8004.1259765625,0.7614839673042297,0.013648157939314843,-0.6480400562286377,-0.008280042558908463,0.999901533126831,0.011329075321555138,0.6481308937072754,-0.0032611095812171699,0.7615219950675964],[-1251.4720458984376,29.72382354736328,8005.3154296875,0.7764357924461365,0.007630317006260157,-0.6301501393318176,-0.0004036791215185076,0.9999325275421143,0.01161052007228136,0.630196213722229,-0.008760444819927216,0.7763864994049072],[-1253.3883056640626,29.734922409057618,8006.70556640625,0.79714435338974,0.00743456045165658,-0.6037429571151733,-0.0008635140839032829,0.9999371767044067,0.011173211969435215,0.6037881374359131,-0.00838532205671072,0.7971007227897644],[-1255.514404296875,29.7557430267334,8008.22509765625,0.8223944902420044,0.007539574988186359,-0.5688677430152893,-0.0020678082946687938,0.9999451637268066,0.010263558477163315,0.5689139366149902,-0.007264384534209967,0.8223649859428406],[-1257.9549560546876,29.752033233642579,8009.97998046875,0.8527334332466126,0.006200789008289576,-0.5223095417022705,-0.0008798972703516483,0.9999451637268066,0.010434676893055439,0.5223456025123596,-0.008438419550657273,0.8526921272277832],[-1260.5703125,29.743837356567384,8011.9541015625,0.8853448033332825,0.0032649794593453409,-0.46492359042167666,0.0018719600047916175,0.9999421834945679,0.01058694627135992,0.46493127942085268,-0.010243415832519532,0.8852875232696533],[-1262.927001953125,29.74812889099121,8013.8505859375,0.9136415123939514,-0.003049067221581936,-0.4065094590187073,0.0077399094589054588,0.9999210834503174,0.00989565160125494,0.4064472019672394,-0.01218742411583662,0.9135929942131043],[-1264.8509521484376,29.75650405883789,8015.484375,0.9361112117767334,-0.0054017617367208,-0.35166263580322268,0.009281747043132782,0.999913215637207,0.009348319843411446,0.3515816330909729,-0.012015110813081265,0.9360800981521606],[-1266.5780029296876,29.772401809692384,8016.98974609375,0.9553241729736328,-0.005317211151123047,-0.29551222920417788,0.008246257901191712,0.9999284148216248,0.008666371926665306,0.2954450249671936,-0.01071606483310461,0.9552996158599854],[-1267.5052490234376,29.84373664855957,8017.95751953125,0.9659330248832703,0.00568816252052784,-0.2587296962738037,-0.002818652428686619,0.9999303817749023,0.011460364796221257,0.25877687335014346,-0.010340675711631775,0.9658817648887634],[-1267.63525390625,29.87149429321289,8018.27685546875,0.968193531036377,0.03455798327922821,-0.24780438840389253,-0.03202248364686966,0.9993854761123657,0.014256344176828862,0.24814477562904359,-0.005867588799446821,0.9687051773071289],[-1267.5299072265626,29.88636016845703,8018.1806640625,0.9673895835876465,0.041955266147851947,-0.24979420006275178,-0.03987375646829605,0.999114990234375,0.013389735482633114,0.2501348853111267,-0.002992857713252306,0.9682063460350037],[-1267.3046875,29.84974479675293,8017.50537109375,0.9657235145568848,0.025306930765509607,-0.25833630561828616,-0.023828299716114999,0.9996768832206726,0.008853588253259659,0.2584768831729889,-0.0023944033309817316,0.9660144448280335],[-1267.0196533203126,29.78537368774414,8016.34521484375,0.9637954235076904,-0.004534115083515644,-0.26660415530204775,0.0061069088988006119,0.9999684691429138,0.005070584826171398,0.2665727734565735,-0.006515133660286665,0.9637928009033203],[-1266.465087890625,29.782577514648439,8014.6435546875,0.9625508189201355,-0.006762376055121422,-0.2710168659687042,0.00842444971203804,0.9999521374702454,0.004969833884388208,0.27097028493881228,-0.007066885940730572,0.9625617861747742],[-1265.8341064453126,29.803428649902345,8012.5400390625,0.962979793548584,0.0051399292424321178,-0.2695246636867523,-0.003952936735004187,0.9999799728393555,0.004946590401232243,0.26954469084739687,-0.003698052605614066,0.9629808068275452],[-1265.2611083984376,29.817306518554689,8009.79931640625,0.9657267928123474,0.01032029278576374,-0.2593553960323334,-0.00943312980234623,0.9999446272850037,0.004665006417781115,0.259389191865921,-0.002058588434010744,0.9657706618309021],[-1264.884521484375,29.785980224609376,8006.93359375,0.9702205657958984,0.008649829775094986,-0.2420685589313507,-0.007341677788645029,0.9999531507492065,0.00630556046962738,0.24211177229881288,-0.0043405951000750069,0.9702386856079102],[-1264.72265625,29.79572105407715,8004.15771484375,0.9759263396263123,0.007589518558233976,-0.2179683893918991,-0.006524700205773115,0.9999629855155945,0.0056045325472950939,0.21800287067890168,-0.0040474324487149719,0.9759397506713867],[-1264.7333984375,29.80131721496582,8001.10791015625,0.9825608134269714,0.00874258577823639,-0.1857357919216156,-0.007876722142100335,0.9999544024467468,0.005399220157414675,0.1857745349407196,-0.0038420732598751785,0.9825848937034607],[-1264.9256591796876,29.80327033996582,7998.02490234375,0.9887412786483765,0.009473989717662335,-0.1493351310491562,-0.008774234913289547,0.9999472498893738,0.005343964789062738,0.14937788248062135,-0.003973496612161398,0.9887722134590149],[-1265.28076171875,29.80571174621582,7994.9345703125,0.9938308596611023,0.009754366241395474,-0.11047659069299698,-0.009226052090525628,0.9999434351921082,0.005292338319122791,0.11052196472883225,-0.004240426234900951,0.9938646554946899],[-1265.857177734375,29.80828285217285,7991.4501953125,0.9978412389755249,0.009847952984273434,-0.06493021547794342,-0.009523834101855755,0.9999406337738037,0.005299445241689682,0.06497854739427567,-0.004669620655477047,0.9978757500648499],[-1266.562744140625,29.78433609008789,7988.10009765625,0.9997316002845764,0.010215670801699162,-0.020792698487639428,-0.010081321932375431,0.9999276995658875,0.006555948872119188,0.020858168601989747,-0.0063445717096328739,0.9997622966766357],[-1267.5533447265626,29.78129768371582,7984.337890625,0.9994877576828003,0.011076664552092553,0.03002593107521534,-0.011287319473922253,0.9999127984046936,0.006855367217212915,-0.029947377741336824,-0.007190767675638199,0.9995256066322327],[-1268.6883544921876,29.781002044677736,7980.7451171875,0.9968216419219971,0.011560614220798016,0.07882222533226013,-0.012141348794102669,0.9999025464057922,0.006892371457070112,-0.0787348598241806,-0.007827473804354668,0.9968648552894592],[-1270.174560546875,29.780946731567384,7976.7314453125,0.9909971952438355,0.011947720311582089,0.13334840536117555,-0.012997510842978955,0.9998909831047058,0.007004797458648682,-0.1332501769065857,-0.008674931712448597,0.9910444617271423],[-1272.00244140625,29.768953323364259,7972.486328125,0.9816082715988159,0.01130951102823019,0.1905711144208908,-0.013089688494801522,0.9998816251754761,0.008085033856332302,-0.19045712053775788,-0.010430852882564068,0.981640100479126],[-1273.918212890625,29.765628814697267,7968.6474609375,0.970014214515686,0.009726595133543015,0.24285347759723664,-0.012045279145240784,0.999894917011261,0.008064613677561283,-0.24274951219558717,-0.010748027823865414,0.9700294733047485],[-1276.0797119140626,29.776123046875,7964.82080078125,0.955233633518219,0.01039440743625164,0.2956698536872864,-0.013276695273816586,0.9998818635940552,0.0077423048205673698,-0.29555442929267886,-0.011321227997541428,0.9552587866783142],[-1278.335693359375,29.77647590637207,7961.255859375,0.9385927319526672,0.010745737701654435,0.3448597490787506,-0.014364047907292843,0.9998652935028076,0.00793859176337719,-0.3447279930114746,-0.012404686771333218,0.9386206269264221],[-1281.1826171875,29.7804012298584,7957.22119140625,0.9166129231452942,0.00990284513682127,0.39965322613716128,-0.014232122339308262,0.9998677968978882,0.007866348139941693,-0.39952248334884646,-0.012898310087621212,0.9166326522827148],[-1283.9403076171876,29.81513786315918,7953.57568359375,0.8959945440292358,0.007236757315695286,0.4440061151981354,-0.011369026266038418,0.9999132752418518,0.006645078305155039,-0.4439195394515991,-0.011001870967447758,0.8959991335868836],[-1287.0650634765626,29.821407318115236,7949.4716796875,0.8761776685714722,0.001233711838722229,0.4819866716861725,-0.004478935152292252,0.9999743700027466,0.005582442507147789,-0.4819674491882324,-0.007049998268485069,0.876160740852356],[-1290.4332275390626,29.82404136657715,7945.0087890625,0.8581802248954773,0.0008266920340247452,0.5133478045463562,-0.0041879466734826569,0.9999766945838928,0.0053907702676951889,-0.513331413269043,-0.006776125635951757,0.8581637144088745],[-1293.9239501953126,29.83283805847168,7940.61669921875,0.8396778106689453,0.005026508122682571,0.5430616140365601,-0.009460212662816048,0.999940812587738,0.005371987819671631,-0.5430024266242981,-0.0096482178196311,0.8396756649017334],[-1297.6278076171876,29.840621948242189,7936.4072265625,0.8180968761444092,0.007950232364237309,0.5750254988670349,-0.013507157564163208,0.9998942613601685,0.0053924075327813629,-0.5749218463897705,-0.012178472243249417,0.8181177377700806],[-1301.73486328125,29.839099884033204,7932.29345703125,0.7910572290420532,0.008684895932674408,0.6116804480552673,-0.01539747416973114,0.9998651146888733,0.005716316867619753,-0.6115483045578003,-0.013940268196165562,0.7910842895507813],[-1306.5760498046876,29.841217041015626,7927.93505859375,0.7587185502052307,0.006467433180660009,0.6513864994049072,-0.01330479234457016,0.9998959898948669,0.0055693998001515869,-0.6512827277183533,-0.012892168946564198,0.758725643157959],[-1311.3187255859376,29.836811065673829,7923.85302734375,0.7316912412643433,0.0023551513440907,0.6816321611404419,-0.008207409642636776,0.999951958656311,0.005355162546038628,-0.6815868020057678,-0.009512759745121003,0.7316754460334778],[-1316.389892578125,29.816558837890626,7919.416015625,0.7119867205619812,-0.002649456262588501,0.7021879553794861,-0.002041972940787673,0.9999808669090271,0.005843539722263813,-0.7021899819374085,-0.005594371352344751,0.7119676470756531],[-1320.9573974609376,29.79306411743164,7915.275390625,0.7016692161560059,-0.005277471151202917,0.712483286857605,0.0007453508442267776,0.9999774694442749,0.0066729458048939709,-0.7125024795532227,-0.004151150584220886,0.7016573548316956],[-1325.9205322265626,29.796762466430665,7910.65576171875,0.6955815553665161,-0.004515543580055237,0.7184329628944397,-0.00014300778275355697,0.9999793767929077,0.006423597224056721,-0.7184471487998962,-0.004570877179503441,0.6955665349960327],[-1331.2261962890626,29.79744529724121,7905.66845703125,0.6921017169952393,-0.003696019994094968,0.7217904925346375,-0.0012514401460066438,0.9999792575836182,0.006320486776530743,-0.7217988967895508,-0.005277697462588549,0.6920827627182007],[-1336.4940185546876,29.795486450195314,7900.69921875,0.6902804970741272,-0.0037421181332319977,0.7235321998596191,-0.0011408389545977116,0.9999797344207764,0.006260317284613848,-0.7235409617424011,-0.005146808922290802,0.6902622580528259],[-1341.916748046875,29.793127059936525,7895.57470703125,0.6892791986465454,-0.0039601451717317108,0.7244849801063538,-0.0007681810529902577,0.9999805092811585,0.0061968970112502579,-0.7244954109191895,-0.004827927798032761,0.6892626881599426],[-1347.2750244140626,29.790836334228517,7890.4990234375,0.6888858079910278,-0.004145612474530935,0.7248579859733582,-0.00044945382978767157,0.9999809861183167,0.006146246567368507,-0.7248697280883789,-0.004559852182865143,0.688870906829834],[-1352.7364501953126,29.78547477722168,7885.234375,0.6910697817802429,-0.0055078365840017799,0.7227670550346375,0.0016019884496927262,0.9999801516532898,0.006088603287935257,-0.7227863073348999,-0.0030497850384563209,0.6910648941993713],[-1358.27099609375,29.76641082763672,7879.65234375,0.698401689529419,-0.008623529225587845,0.7156540155410767,0.005512881558388472,0.999962568283081,0.006669424008578062,-0.7156847715377808,-0.000712621258571744,0.6984230875968933],[-1363.7987060546876,29.77019500732422,7873.62109375,0.7131599187850952,-0.011347880586981774,0.7009095549583435,0.01009954884648323,0.9999315142631531,0.005913046188652515,-0.7009286284446716,0.0028619226068258287,0.7132256627082825],[-1368.758056640625,29.775768280029298,7867.63525390625,0.7336007356643677,-0.013713255524635315,0.6794424057006836,0.01385478675365448,0.9998903870582581,0.005221738945692778,-0.6794394850730896,0.0055828578770160679,0.7337102890014648],[-1373.759765625,29.78937339782715,7861.04443359375,0.7564897537231445,-0.012443948537111283,0.653887152671814,0.012371266260743142,0.9999123215675354,0.004716595634818077,-0.6538885235786438,0.004521355964243412,0.7565773725509644],[-1378.764892578125,29.800941467285158,7854.24658203125,0.7733072638511658,-0.006813002284616232,0.6339948177337647,0.004804324358701706,0.9999765157699585,0.004885881207883358,-0.6340132355690002,-0.000732370768673718,0.7733218669891357],[-1383.5263671875,29.810548782348634,7847.904296875,0.7815054655075073,-0.00219464092515409,0.6238945126533508,-0.0010260241106152535,0.9999879598617554,0.004802827723324299,-0.6238975524902344,-0.004393566865473986,0.7814937829971314],[-1389.04443359375,29.805692672729493,7840.677734375,0.7867584824562073,-0.002938047517091036,0.6172539591789246,-0.0000845279500936158,0.9999881386756897,0.004867551848292351,-0.6172609925270081,-0.003881762968376279,0.7867488861083984],[-1394.193603515625,29.795541763305665,7833.79638671875,0.7926957607269287,-0.0070001245476305489,0.6095772981643677,0.005105514079332352,0.9999752044677734,0.004844064824283123,-0.6095961332321167,-0.0007276638061739504,0.7927118539810181],[-1399.4776611328126,29.791484832763673,7826.36376953125,0.8019080758094788,-0.00968293659389019,0.5973689556121826,0.00849746260792017,0.9999523758888245,0.004801541566848755,-0.5973870158195496,0.0012257256312295795,0.8019521832466126],[-1404.3687744140626,29.79755210876465,7819.3310546875,0.8082926273345947,-0.006260554306209087,0.5887476801872253,0.004278919659554958,0.9999794960021973,0.0047589261084795,-0.5887654423713684,-0.0013274006778374315,0.8083028197288513],[-1409.982421875,29.803537368774415,7811.2958984375,0.8124325275421143,-0.002766154706478119,0.5830487012863159,-0.00009753977064974606,0.9999880790710449,0.004880152177065611,-0.5830552577972412,-0.0040216646157205109,0.8124225735664368],[-1415.2110595703126,29.795656204223634,7803.681640625,0.8176709413528442,-0.005673776380717754,0.5756579041481018,0.0034745284356176855,0.9999818801879883,0.004920721519738436,-0.575675368309021,-0.0020233916584402324,0.8176758289337158],[-1420.257568359375,29.765857696533204,7795.935546875,0.8265808820724487,-0.011344780214130879,0.562703549861908,0.00955116841942072,0.9999356269836426,0.006129757035523653,-0.5627368688583374,0.00030773645266890526,0.826636016368866],[-1425.162841796875,29.769018173217775,7787.9296875,0.8370146155357361,-0.011110041290521622,0.5470677614212036,0.00907417107373476,0.9999381899833679,0.006423593498766422,-0.5471053123474121,-0.0004124556144233793,0.8370636701583862],[-1429.7022705078126,29.779211044311525,7780.44970703125,0.8427571654319763,-0.004798417445272207,0.538272500038147,0.0015677090268582106,0.9999778866767883,0.006459763739258051,-0.5382916331291199,-0.004600157495588064,0.8427460789680481],[-1434.070556640625,29.76912498474121,7773.359375,0.8454784750938416,-0.0024543125182390215,0.5340039134025574,-0.0018309274455532432,0.9999702572822571,0.007494793739169836,-0.5340064167976379,-0.007314409129321575,0.8454487919807434],[-1438.1739501953126,29.78658676147461,7766.8037109375,0.8464937806129456,-0.0039086113683879379,0.5323842763900757,0.0000310376490233466,0.9999734163284302,0.007292165420949459,-0.5323985815048218,-0.006156248971819878,0.84647136926651],[-1442.1654052734376,29.891279220581056,7760.6162109375,0.8464174866676331,-0.013063590973615647,0.5323596596717835,0.014948481693863869,0.9998879432678223,0.0007691619102843106,-0.5323100686073303,0.007306936662644148,0.8465179204940796],[-1445.4849853515626,30.05644989013672,7755.3818359375,0.8466978073120117,-0.01349474024027586,0.5319029092788696,0.020747365429997445,0.9997553825378418,-0.007661755196750164,-0.5316693782806397,0.017522774636745454,0.846770703792572],[-1448.80517578125,30.24371910095215,7750.10009765625,0.8460432291030884,-0.004167775623500347,0.5330979824066162,0.015415151603519917,0.9997425675392151,-0.016648313030600549,-0.5328913331031799,0.022302977740764619,0.845889687538147],[-1452.1219482421876,30.43170738220215,7745.10888671875,0.8429170250892639,0.00008823814278002828,0.5380435585975647,0.014049510471522808,0.9996553659439087,-0.022174375131726266,-0.537860095500946,0.026250407099723817,0.8426253199577332],[-1455.5609130859376,30.423925399780275,7740.462890625,0.8356531262397766,-0.016881756484508516,0.5489980578422546,0.03139151260256767,0.9993616938591003,-0.017051855102181436,-0.548359751701355,0.03148331493139267,0.8356496691703796],[-1459.0166015625,30.43324851989746,7736.12939453125,0.8232545256614685,-0.025814127177000047,0.5670852065086365,0.03750727325677872,0.9992561340332031,-0.008963569067418576,-0.566431999206543,0.028649117797613145,0.8236103653907776],[-1462.2880859375,30.508996963500978,7732.23486328125,0.8094256520271301,-0.02118459716439247,0.5868401527404785,0.02904953807592392,0.9995700120925903,-0.003983966540545225,-0.5865033864974976,0.020272159948945047,0.8096930384635925],[-1465.272705078125,30.687305450439454,7728.66357421875,0.7965908050537109,0.00124848703853786,0.6045175790786743,0.0008462172700092197,0.9999945759773254,-0.0031803364399820568,-0.6045182943344116,0.003044979879632592,0.7965854406356812],[-1468.7764892578126,30.723323822021486,7725.23828125,0.7717841863632202,0.008802414871752262,0.635823667049408,-0.01645585522055626,0.9998458027839661,0.006132693029940128,-0.6356716156005859,-0.015196137130260468,0.771809995174408],[-1472.5589599609376,30.670642852783204,7722.1591796875,0.738260805606842,0.011492784135043621,0.6744174957275391,-0.03161570057272911,0.9993454813957214,0.01757868193089962,-0.6737740635871887,-0.034299831837415698,0.7381409406661987],[-1476.64208984375,30.598487854003908,7719.34521484375,0.700088381767273,0.01408429630100727,0.7139172554016113,-0.04285014793276787,0.9988322854042053,0.022314967587590219,-0.7127693295478821,-0.04621390998363495,0.6998744010925293],[-1480.880615234375,30.491840362548829,7716.90283203125,0.660548985004425,0.004110429435968399,0.750771701335907,-0.034243158996105197,0.9991093277931213,0.02465798147022724,-0.7500016689300537,-0.04199660196900368,0.6601013541221619],[-1485.5120849609376,30.38441276550293,7714.55615234375,0.6150575876235962,-0.0039821951650083069,0.7884721159934998,-0.03087572567164898,0.9990986585617065,0.0291309654712677,-0.7878774404525757,-0.04226187244057655,0.6143802404403687],[-1490.380126953125,30.18907356262207,7712.41748046875,0.567986249923706,-0.013991964980959893,0.8229190707206726,-0.02648640051484108,0.999026894569397,0.03526745364069939,-0.8226117491722107,-0.04182759299874306,0.5670629143714905],[-1495.4833984375,30.054168701171876,7710.58349609375,0.516981303691864,-0.01915559731423855,0.8557823300361633,-0.020451651886105539,0.9991877675056458,0.034720465540885928,-0.8557523488998413,-0.035451993346214297,0.5161696672439575],[-1500.5994873046876,29.918794631958009,7709.08837890625,0.46509644389152529,-0.027880406007170678,0.8848208785057068,-0.011015191674232483,0.9992442727088928,0.03727586567401886,-0.8851915001869202,-0.027083342894911767,0.464437872171402],[-1505.6688232421876,29.780048370361329,7707.85888671875,0.41290685534477236,-0.028862467035651208,0.9103158116340637,-0.011549502611160279,0.9992514252662659,0.03692095726728439,-0.9107000231742859,-0.025758611038327218,0.4122644364833832],[-1511.1229248046876,29.637067794799806,7706.8291015625,0.3571164011955261,-0.028969446197152139,0.9336105585098267,-0.01758391410112381,0.999133288860321,0.037728626281023028,-0.9338943362236023,-0.029890038073062898,0.35629749298095705],[-1516.9822998046876,29.42363929748535,7706.17138671875,0.29746395349502566,-0.030433395877480508,0.9542478919029236,-0.008779562078416348,0.9993623495101929,0.034609030932188037,-0.9546926617622376,-0.018672818318009378,0.29700711369514468],[-1522.78515625,29.19879150390625,7705.97119140625,0.23528194427490235,-0.03619363531470299,0.9712530374526978,0.017643539234995843,0.9993007779121399,0.032964758574962619,-0.971767008304596,0.009380328468978405,0.2357560098171234],[-1528.709228515625,29.01926612854004,7705.9658203125,0.1739182472229004,-0.036871105432510379,0.9840695858001709,0.01665315218269825,0.9992660284042358,0.03449731320142746,-0.9846192598342896,0.01038814801722765,0.17440462112426759],[-1534.7403564453126,28.849699020385743,7706.265625,0.11175281554460526,-0.036462657153606418,0.9930668473243713,0.004645991139113903,0.9993348717689514,0.03616997227072716,-0.9937251806259155,0.0005716836312785745,0.1118478924036026],[-1540.61572265625,28.666645050048829,7706.9443359375,0.05115926265716553,-0.037445422261953357,0.9979882836341858,-0.0005420782836154103,0.9992956519126892,0.03752226382493973,-0.9986903667449951,-0.0024605991784483196,0.051102928817272189],[-1547.0390625,28.503305435180665,7708.09619140625,-0.014720980077981949,-0.03642638400197029,0.9992278814315796,-0.0028510449919849636,0.9993336796760559,0.03638823702931404,-0.9998875856399536,-0.0023131731431931259,-0.014815024100244046],[-1553.7000732421876,28.48491668701172,7709.75634765625,-0.08453558385372162,-0.027875468134880067,0.9960304498672485,-0.008259320631623268,0.9995938539505005,0.027274206280708314,-0.9963862299919128,-0.0059208944439888,-0.08473148196935654],[-1559.8531494140626,28.443693161010743,7711.7392578125,-0.1490483433008194,-0.020555641502141954,0.9886162281036377,-0.0093330517411232,0.9997686147689819,0.01938043162226677,-0.9887858629226685,-0.006338184699416161,-0.14920571446418763],[-1566.44775390625,28.397674560546876,7714.3564453125,-0.2186984121799469,-0.0128159886226058,0.9757083058357239,-0.010337592102587223,0.9998880624771118,0.010816490277647972,-0.9757377505302429,-0.0077209253795444969,-0.2188064157962799],[-1572.498046875,28.3997859954834,7717.17431640625,-0.2822360694408417,-0.014038908295333386,0.9592422842979431,-0.01814775913953781,0.9997921586036682,0.009292790666222573,-0.959173321723938,-0.014785336330533028,-0.2824321687221527],[-1578.6473388671876,28.40298843383789,7720.56689453125,-0.3467637896537781,-0.016595901921391488,0.9378056526184082,-0.022462470456957818,0.9997036457061768,0.009385539218783379,-0.9376834630966187,-0.017810866236686708,-0.347033828496933],[-1584.39501953125,28.400907516479493,7724.25830078125,-0.4063546657562256,-0.01658206433057785,0.9135649800300598,-0.0200449600815773,0.9997564554214478,0.00923050194978714,-0.9134955406188965,-0.014561515301465989,-0.406588077545166],[-1590.248291015625,28.442453384399415,7728.4150390625,-0.4608753025531769,-0.012251473031938076,0.8873803615570068,-0.013706081546843052,0.9998837113380432,0.006686257664114237,-0.887359082698822,-0.009080976247787476,-0.4609896242618561],[-1596.13427734375,28.431015014648439,7732.69189453125,-0.500400722026825,-0.008435294963419438,0.8657528162002564,-0.00572680588811636,0.9999629259109497,0.0064328801818192009,-0.8657749891281128,-0.0017389805288985372,-0.5004304647445679],[-1601.7034912109376,28.41933250427246,7736.60107421875,-0.5217015743255615,-0.005605258513242006,0.8531096577644348,-0.0003272320027463138,0.9999796748161316,0.006370138842612505,-0.8531280159950256,0.003044146578758955,-0.5216928124427795],[-1607.168212890625,28.417434692382814,7740.3017578125,-0.5329375267028809,-0.005009059328585863,0.8461397290229797,0.0005248564993962646,0.9999803304672241,0.006250358186662197,-0.8461543917655945,0.003775152610614896,-0.5329244136810303],[-1613.9443359375,28.41551971435547,7744.8046875,-0.5402060151100159,-0.005675132852047682,0.8415136933326721,-0.0007585490238852799,0.9999801516532898,0.006256876513361931,-0.8415324687957764,0.002741673029959202,-0.5401995778083801],[-1620.0836181640626,28.41200828552246,7748.85498046875,-0.5435611605644226,-0.005849064793437719,0.8393491506576538,-0.0010977353667840362,0.9999797940254211,0.00625753914937377,-0.8393688201904297,0.0024799720849841835,-0.5435566306114197],[-1626.547607421875,28.406932830810548,7753.10595703125,-0.5454224348068237,-0.005584474187344313,0.8381426930427551,-0.0006162023055367172,0.9999802112579346,0.0062617892399430279,-0.838161051273346,0.0028988549020141365,-0.5454151034355164],[-1633.0906982421876,28.403606414794923,7757.3984375,-0.5464011430740356,-0.0054215495474636559,0.8375060558319092,-0.0003765216679312289,0.9999805092811585,0.006227671168744564,-0.8375235199928284,0.0030874672811478378,-0.546392560005188],[-1639.711181640625,28.4006290435791,7761.73388671875,-0.5469121932983398,-0.0054106079041957859,0.8371725082397461,-0.0004234951047692448,0.9999807476997376,0.0061861672438681129,-0.8371898531913757,0.003028751816600561,-0.5469039678573608],[-1646.1485595703126,28.398399353027345,7765.94775390625,-0.5471667647361755,-0.005376184359192848,0.8370063304901123,-0.00043392807128839195,0.9999810457229614,0.006139322184026241,-0.8370234966278076,0.002996032