{"DriveData":[[-12708.173828125,8.129375457763672,499.1294250488281,-0.12042407691478729,0.007105848751962185,-0.9926971197128296,-0.00048075197264552116,0.9999738335609436,0.007216256577521563,0.9927224516868591,0.0013462521601468325,-0.1204175129532814],[-12708.1650390625,8.129603385925293,499.1304626464844,-0.12042322754859925,0.007090880069881678,-0.9926972985267639,-0.0004732846573460847,0.9999739527702332,0.0072002713568508629,0.9927225112915039,0.0013369083171710373,-0.12041673809289932],[-12708.1279296875,8.129768371582032,499.1351013183594,-0.12042304128408432,0.007079295814037323,-0.9926974177360535,-0.0004750037332996726,0.9999740719795227,0.007188810501247644,0.9927225708961487,0.001337233348749578,-0.1204165518283844],[-12708.037109375,8.130693435668946,499.1460876464844,-0.12042530626058579,0.0070115383714437489,-0.9926976561546326,-0.0004627115558832884,0.9999745488166809,0.007119067944586277,0.9927222728729248,0.0013166485587134958,-0.12041899561882019],[-12707.7802734375,8.132375717163086,499.17694091796877,-0.12042509764432907,0.0068795583210885529,-0.9926985502243042,-0.00042187428334727883,0.9999755620956421,0.006981166545301676,0.9927223324775696,0.0012595016742125154,-0.12041924893856049],[-12707.275390625,8.133410453796387,499.23809814453127,-0.12042596191167832,0.00680018262937665,-0.9926990270614624,-0.0003955845895688981,0.9999761581420898,0.006898021325469017,0.99272221326828,0.0012233973247930408,-0.12042039632797241],[-12706.4970703125,8.134056091308594,499.33221435546877,-0.1204262524843216,0.006742071360349655,-0.992699384689331,-0.0003623762459028512,0.9999765753746033,0.006835456006228924,0.99272221326828,0.0011828989954665304,-0.12042098492383957],[-12705.4296875,8.13493537902832,499.4616394042969,-0.12042481452226639,0.006660471670329571,-0.9927000999450684,-0.0003349867183715105,0.999977171421051,0.006749934051185846,0.9927223920822144,0.0011454009218141437,-0.12041983753442764],[-12704.1123046875,8.135819435119629,499.6214904785156,-0.12042707204818726,0.00657266192138195,-0.9927003979682922,-0.00031453280826099217,0.9999777674674988,0.006659002508968115,0.9927221536636353,0.0011141609866172076,-0.12042232602834702],[-12702.482421875,8.137003898620606,499.8192443847656,-0.12042633444070816,0.0064556775614619259,-0.9927012920379639,-0.00030581792816519737,0.9999785423278809,0.006540101952850819,0.99272221326828,0.0010911863064393402,-0.12042178213596344],[-12700.4111328125,8.138338088989258,500.07037353515627,-0.12042754888534546,0.006328923627734184,-0.9927019476890564,-0.00029819158953614533,0.9999793767929077,0.00641149515286088,0.9927220940589905,0.0010681359563022853,-0.12042317539453507],[-12697.912109375,8.139787673950196,500.37347412109377,-0.12042813003063202,0.006178871728479862,-0.992702841758728,-0.00027595856226980686,0.9999803900718689,0.006257647182792425,0.9927220344543457,0.0010275415843352676,-0.1204240620136261],[-12694.9404296875,8.14748477935791,500.7336120605469,-0.12042305618524552,0.006064032670110464,-0.9927041530609131,-0.0002470285107847303,0.9999811053276062,0.006138451863080263,0.9927226305007935,0.0009844372980296612,-0.12041928619146347],[-12691.5947265625,8.143942832946778,501.13922119140627,-0.12041529268026352,0.006592896766960621,-0.9927017092704773,-0.0001572435285197571,0.9999778270721436,0.006660293322056532,0.9927235841751099,0.000958097109105438,-0.12041158229112625],[-12688.205078125,8.143550872802735,501.5501403808594,-0.12041784822940827,0.00656791590154171,-0.9927015900611877,-0.000083102349890396,0.9999780654907227,0.006626139394938946,0.992723286151886,0.000880401290487498,-0.12041465938091278],[-12685.0625,8.142233848571778,501.9310607910156,-0.12041882425546646,0.006590783130377531,-0.9927012920379639,-0.00004107433414901607,0.9999779462814331,0.006644077133387327,0.9927231669425964,0.0008408465073443949,-0.12041589617729187],[-12682.033203125,8.141135215759278,502.2984313964844,-0.12041999399662018,0.006601570639759302,-0.9927011132240295,-0.00005664175114361569,0.9999778270721436,0.006656832993030548,0.9927230477333069,0.0008578441338613629,-0.12041695415973664],[-12678.953125,8.143815994262696,502.67193603515627,-0.12042276561260224,0.00633079931139946,-0.9927024841308594,-0.00009067763312486932,0.9999796152114868,0.006388207897543907,0.9927226901054382,0.0008593015372753143,-0.12041973322629929],[-12675.7265625,8.143458366394043,503.0633850097656,-0.12042056024074555,0.006293211132287979,-0.9927030205726624,-0.00009906810009852052,0.9999798536300659,0.0063513596542179588,0.9927229881286621,0.0008631795062683523,-0.1204175129532814],[-12672.580078125,8.145416259765625,503.4449462890625,-0.12042049318552017,0.006207892205566168,-0.9927035570144653,-0.00011891675239894539,0.9999803304672241,0.006267822813242674,0.9927229881286621,0.0008728234097361565,-0.12041739374399185],[-12669.146484375,8.148832321166993,503.8615417480469,-0.12041670083999634,0.006140037905424833,-0.992704451084137,-0.00010586724965833127,0.9999808073043823,0.0061978851445019249,0.9927234053611755,0.0008514237706549466,-0.12041373550891876],[-12665.400390625,8.15185832977295,504.3154602050781,-0.12041744589805603,0.006080189719796181,-0.9927047491073608,-0.00008032334881136194,0.999981164932251,0.00613450026139617,0.9927233457565308,0.0008184382459148765,-0.12041468918323517],[-12661.62109375,8.15439224243164,504.7734680175781,-0.12041772156953812,0.0060257259756326679,-0.9927050471305847,-0.00004661578714149073,0.9999815225601196,0.006075548939406872,0.992723286151886,0.0007778794970363379,-0.12041521817445755],[-12657.6728515625,8.156794548034668,505.2523498535156,-0.12042243778705597,0.005962069611996412,-0.9927048087120056,-0.0000468198923044838,0.9999819397926331,0.00601145438849926,0.992722749710083,0.0007703923038206995,-0.12041997909545899],[-12653.5537109375,8.15873908996582,505.75177001953127,-0.12042316794395447,0.0059112966991961,-0.9927050471305847,-0.00004297280975151807,0.9999822378158569,0.005959843285381794,0.9927226305007935,0.0007603625417686999,-0.12042077630758286],[-12649.267578125,8.160447120666504,506.2718505859375,-0.12042340636253357,0.005860681179910898,-0.9927053451538086,-0.000042637995647965,0.9999825358390808,0.005908816121518612,0.9927226305007935,0.0007538867648690939,-0.12042105942964554],[-12644.6416015625,8.160635948181153,506.83282470703127,-0.1204199269413948,0.005956277251243591,-0.9927051663398743,-0.000054947704484220597,0.9999819397926331,0.006006603594869375,0.9927230477333069,0.0007778616272844374,-0.12041742354631424],[-12640.3974609375,8.15704345703125,507.3480224609375,-0.12042471766471863,0.006107007618993521,-0.9927036762237549,-0.00006696068885503337,0.9999810457229614,0.00615989975631237,0.9927224516868591,0.0008082763524726033,-0.12042202055454254],[-12636.2890625,8.155595779418946,507.846435546875,-0.12042649835348129,0.006143641192466021,-0.9927032589912415,-0.00006628994015045464,0.9999808073043823,0.006196722388267517,0.9927222728729248,0.0008120558341033757,-0.12042377889156342],[-12632,8.154280662536621,508.3668518066406,-0.12042519450187683,0.006172001827508211,-0.9927031993865967,-0.00005503337160916999,0.999980628490448,0.006223923992365599,0.9927223920822144,0.000804149080067873,-0.12042251974344254],[-12628.1572265625,8.153221130371094,508.83319091796877,-0.12042459845542908,0.0061940415762364868,-0.9927031397819519,-0.00005412504106061533,0.9999805092811585,0.0062460144981741909,0.9927224516868591,0.0008059039246290922,-0.12042191624641419],[-12624.0068359375,8.155482292175293,509.3367614746094,-0.12042457610368729,0.005961190909147263,-0.9927045702934265,-0.00005204183253226802,0.9999819397926331,0.006011204328387976,0.9927224516868591,0.0007755589322187007,-0.12042209506034851],[-12619.8935546875,8.155454635620118,509.8356018066406,-0.12042180448770523,0.005915048532187939,-0.9927051663398743,-0.00006357955862767994,0.9999821782112122,0.00596612086519599,0.9927228093147278,0.0007815668359398842,-0.12041928619146347],[-12615.669921875,8.156638145446778,510.3480529785156,-0.12042128294706345,0.005851114168763161,-0.9927056431770325,-0.00007624512363690883,0.9999825954437256,0.005903254263103008,0.9927228689193726,0.0007865664665587246,-0.1204187422990799],[-12611.5009765625,8.157605171203614,510.8536376953125,-0.12042227387428284,0.005782011896371841,-0.9927059412002564,-0.00008047711162362248,0.9999829530715942,0.005834159441292286,0.992722749710083,0.000782452872954309,-0.12041976302862168],[-12607.0537109375,8.158781051635743,511.3930969238281,-0.12042434513568878,0.0057434202171862129,-0.9927058815956116,-0.00007844456558814272,0.9999831914901733,0.005795040167868137,0.9927225112915039,0.000775736290961504,-0.1204218789935112],[-12602.4921875,8.159796714782715,511.9464111328125,-0.12042524665594101,0.005703648552298546,-0.9927060008049011,-0.00005276781666907482,0.9999834299087524,0.005751862656325102,0.9927223920822144,0.0007450524135492742,-0.12042295187711716],[-12597.8154296875,8.160863876342774,512.5137939453125,-0.12042691558599472,0.005656913388520479,-0.9927060604095459,-0.000044516102207126099,0.9999837279319763,0.005703784991055727,0.99272221326828,0.0007310806540772319,-0.12042471021413803],[-12592.8359375,8.161754608154297,513.1177368164063,-0.12042733281850815,0.005619929172098637,-0.9927062392234802,-0.00005656026769429445,0.9999839067459106,0.00566799147054553,0.9927221536636353,0.000738728791475296,-0.12042508274316788],[-12587.923828125,8.162559509277344,513.713623046875,-0.12042684853076935,0.0055887349881231789,-0.9927064776420593,-0.00003812055001617409,0.9999841451644898,0.00563433114439249,0.99272221326828,0.0007163672707974911,-0.12042472511529923],[-12582.8955078125,8.163375854492188,514.323486328125,-0.12042855471372605,0.005544506479054689,-0.9927065372467041,-0.00002773553569568321,0.9999843835830689,0.005588519852608442,0.9927219748497009,0.0007005506195127964,-0.12042652070522309],[-12577.951171875,8.16398811340332,514.9232788085938,-0.12042681127786637,0.005510969553142786,-0.9927068948745728,-0.000041127648728433999,0.9999845623970032,0.005556360352784395,0.99272221326828,0.0007099624490365386,-0.12042472511529923],[-12572.6962890625,8.16464900970459,515.5606079101563,-0.12042397260665894,0.005478310864418745,-0.9927074313163757,-0.00003560796540114097,0.9999847412109375,0.005522790364921093,0.9927225708961487,0.0007004246581345797,-0.12042194604873657],[-12567.326171875,8.165205001831055,516.2120361328125,-0.12042587995529175,0.0054471069015562538,-0.992707371711731,-0.00001619610338821076,0.9999849200248718,0.005489004775881767,0.9927223324775696,0.0006770961917936802,-0.12042398005723953],[-12561.8408203125,8.165796279907227,516.8773803710938,-0.12042408436536789,0.0054139262065291409,-0.9927077889442444,-0.00002013356424868107,0.9999850988388062,0.0054560573771595959,0.9927225112915039,0.0006770273903384805,-0.12042217701673508],[-12556.0224609375,8.166383743286133,517.5831909179688,-0.12042100727558136,0.00538040092214942,-0.9927083253860474,-0.00003876308255712502,0.9999852776527405,0.005424543749541044,0.9927229285240173,0.0006917093996889889,-0.12041902542114258],[-12550.3046875,8.166875839233399,518.2769165039063,-0.12042180448770523,0.0053485967218875889,-0.9927083849906921,-0.0000408596133638639,0.9999854564666748,0.005392760969698429,0.9927228093147278,0.0006899677100591362,-0.12041983753442764],[-12544.4716796875,8.167317390441895,518.9844360351563,-0.12042231857776642,0.0053178491070866589,-0.9927085041999817,-0.00003789682887145318,0.9999856352806091,0.005361429415643215,0.992722749710083,0.0006832562503404915,-0.12042038142681122],[-12538.5263671875,8.167768478393555,519.7056884765625,-0.12042290717363358,0.005285665858536959,-0.9927086234092712,-0.000034690703614614907,0.9999858140945435,0.005328621715307236,0.9927226901054382,0.0006761258700862527,-0.12042101472616196],[-12532.470703125,8.168163299560547,520.4403076171875,-0.12042183429002762,0.005255929660052061,-0.9927089214324951,-0.000027220346964895726,0.9999859929084778,0.005297760013490915,0.9927228093147278,0.0006649878341704607,-0.12042000144720078],[-12526.3046875,8.168634414672852,521.1884765625,-0.12042207270860672,0.005221266765147448,-0.9927090406417847,-0.00004151666507823393,0.9999861121177673,0.00526457792147994,0.9927228093147278,0.000675185292493552,-0.1204201877117157],[-12520.029296875,8.169160842895508,521.9498901367188,-0.12042194604873657,0.005180469714105129,-0.9927092790603638,-0.00006476920680142939,0.9999863505363464,0.005226301960647106,0.9927228093147278,0.0006936584250070155,-0.12041996419429779],[-12513.6435546875,8.168540000915528,522.740234375,-0.12130294740200043,0.005216887220740318,-0.9926018118858337,0.0005172748933546245,0.9999864101409912,0.005192484240978956,0.9926154017448425,0.00011641562741715461,-0.1213039979338646],[-12506.9013671875,8.16441535949707,523.6729736328125,-0.12690845131874085,0.005539991427212954,-0.9918989539146423,0.003559719305485487,0.9999805092811585,0.005129680968821049,0.991908073425293,-0.00287988199852407,-0.12692570686340333],[-12500.83203125,8.161436080932618,524.678955078125,-0.13811638951301576,0.00595971429720521,-0.9903980493545532,0.007732729893177748,0.9999579191207886,0.004938869271427393,0.9903858304023743,-0.00697634182870388,-0.13815666735172273],[-12494.4951171875,8.159017562866211,525.9723510742188,-0.15710723400115968,0.006605209782719612,-0.98755943775177,0.011879700236022473,0.9999179244041443,0.004797970410436392,0.987510085105896,-0.010978114791214466,-0.1571728140115738],[-12488.11328125,8.171558380126954,527.6071166992188,-0.18476678431034089,0.006618918851017952,-0.9827601313591003,0.014848263934254647,0.9998819828033447,0.0039426423609256748,0.982670247554779,-0.013863812200725079,-0.1848432570695877],[-12481.98828125,8.174872398376465,529.5696411132813,-0.22025924921035767,0.007302328944206238,-0.9754140377044678,0.016985926777124406,0.9998490810394287,0.003649649675935507,0.9752934575080872,-0.015764441341161729,-0.22035004198551179],[-12476.14453125,8.177192687988282,531.8773803710938,-0.26264849305152895,0.008397214114665985,-0.9648550152778626,0.01843864656984806,0.9998232126235962,0.0036822594702243807,0.9647153615951538,-0.016823479905724527,-0.26275691390037539],[-12470.6064453125,8.18235969543457,534.5126953125,-0.30970868468284609,0.00935225561261177,-0.9507855176925659,0.01883316971361637,0.999815821647644,0.0036998207215219738,0.9506449699401856,-0.016760438680648805,-0.3098277747631073],[-12465.5732421875,8.190152168273926,537.2960205078125,-0.3559381067752838,0.009610723704099656,-0.9344601035118103,0.017563950270414354,0.9998393058776856,0.0035929838195443155,0.934344470500946,-0.015133930370211602,-0.35604971647262576],[-12460.642578125,8.192606925964356,540.4176635742188,-0.4045508801937103,0.010183732956647873,-0.9144588112831116,0.016940398141741754,0.9998498558998108,0.0036403508856892587,0.9143585562705994,-0.014018588699400425,-0.40466266870498659],[-12455.8701171875,8.201866149902344,543.8853759765625,-0.4551449418067932,0.0106557197868824,-0.8903536200523377,0.016801489517092706,0.9998531341552734,0.003377356566488743,0.8902588486671448,-0.013422079384326935,-0.4552571475505829],[-12451.7392578125,8.208772659301758,547.260986328125,-0.5001631379127502,0.010574531741440297,-0.8658666610717773,0.01559519674628973,0.9998732805252075,0.0032026288099586965,0.8657907843589783,-0.011901523917913437,-0.5002646446228027],[-12447.7216796875,8.213362693786621,550.9719848632813,-0.5469515919685364,0.011233028955757618,-0.8370888829231262,0.015789106488227845,0.9998705387115479,0.003100862493738532,0.8370153307914734,-0.011520863510668278,-0.5470581650733948],[-12443.751953125,8.17251968383789,554.9976806640625,-0.5913196206092835,0.012787731364369393,-0.8063358664512634,0.01417707558721304,0.9998846054077148,0.0054605938494205479,0.8063126802444458,-0.008202528581023217,-0.5914326906204224],[-12440.1005859375,8.137725830078125,559.1159057617188,-0.633400559425354,0.015450001694262028,-0.7736698389053345,0.015616016462445259,0.9998522400856018,0.007182036526501179,0.773666501045227,-0.007532535120844841,-0.6335482597351074],[-12436.63671875,8.140788078308106,563.5070190429688,-0.674697995185852,0.017592793330550195,-0.7378842234611511,0.017180323600769044,0.9998193383216858,0.008128761313855648,0.7378939390182495,-0.007192631252110004,-0.6748783588409424],[-12433.3720703125,8.139877319335938,568.1580810546875,-0.7148255705833435,0.017862461507320405,-0.6990746259689331,0.017099549993872644,0.9998213052749634,0.008062191307544709,0.6990936994552612,-0.006190801039338112,-0.715003252029419],[-12430.4296875,8.137347221374512,572.8656616210938,-0.7516148686408997,0.018535485491156579,-0.6593417525291443,0.01766621507704258,0.9998121857643127,0.00796827208250761,0.6593656539916992,-0.005659001413732767,-0.7518011331558228],[-12427.484375,8.132848739624024,578.20068359375,-0.7890501618385315,0.019529147073626519,-0.6140183210372925,0.018449563533067704,0.9997970461845398,0.008090237155556679,0.6140516996383667,-0.0049447668716311459,-0.7892503142356873],[-12424.9013671875,8.130701065063477,583.57958984375,-0.8228636980056763,0.02051350474357605,-0.5678684115409851,0.019316954538226129,0.9997804164886475,0.008124732412397862,0.567910373210907,-0.004283940885215998,-0.8230792880058289],[-12422.669921875,8.129700660705567,588.9614868164063,-0.8529391884803772,0.02109515108168125,-0.5215838551521301,0.01973034255206585,0.9997719526290894,0.008170418441295624,0.5216372609138489,-0.0033221577759832145,-0.8531609177589417],[-12420.5537109375,8.126152038574219,594.9935913085938,-0.8827044367790222,0.021667826920747758,-0.4694288372993469,0.02009708806872368,0.9997631311416626,0.008356761187314988,0.4694986939430237,-0.00205760239623487,-0.8829307556152344],[-12418.82421875,8.124276161193848,601.0027465820313,-0.9085088968276978,0.022291477769613267,-0.4172704517841339,0.02068077027797699,0.9997509717941284,0.008381286635994912,0.41735339164733889,-0.0010149998124688864,-0.908743679523468],[-12417.607421875,8.122008323669434,606.2274169921875,-0.9279240965843201,0.02268240787088871,-0.372078537940979,0.02104707434773445,0.9997427463531494,0.008456508629024029,0.37217462062835696,0.000015833624274819159,-0.9281627535820007],[-12416.484375,8.11872673034668,612.5567626953125,-0.9481634497642517,0.023301534354686738,-0.31692755222320559,0.021714014932513238,0.999727725982666,0.008540606126189232,0.3170402944087982,0.0012161206686869264,-0.9484112858772278],[-12415.7138671875,8.116949081420899,619.0347290039063,-0.9651855826377869,0.023810643702745439,-0.26047995686531069,0.022349542006850244,0.9997134804725647,0.008570200763642788,0.26060938835144045,0.002450226340442896,-0.9654412269592285],[-12415.3232421875,8.113813400268555,625.1290283203125,-0.9779394865036011,0.023960337042808534,-0.2075096219778061,0.02264069765806198,0.9997055530548096,0.008732359856367112,0.20765773952007295,0.003841556841507554,-0.978193998336792],[-12415.2568359375,8.113038063049317,631.3165893554688,-0.9878474473953247,0.024289103224873544,-0.153516948223114,0.023216798901557924,0.9996919631958008,0.008774048648774624,0.15368276834487916,0.005103249102830887,-0.9881070852279663],[-12415.5595703125,8.111236572265625,638.1041259765625,-0.9952285885810852,0.024232614785432817,-0.09451373666524887,0.023504074662923814,0.9996848702430725,0.00881407130509615,0.09469754248857498,0.006550557911396027,-0.9954845309257507],[-12416.263671875,8.1122465133667,644.9569702148438,-0.9990992546081543,0.02406381629407406,-0.03495080769062042,0.023768587037920953,0.9996784329414368,0.008838103152811528,0.03515224903821945,0.007999410852789879,-0.9993499517440796],[-12417.330078125,8.109834671020508,651.5844116210938,-0.9994508028030396,0.0239943228662014,0.022855961695313455,0.024202996864914895,0.9996674656867981,0.008897451683878899,-0.022634873166680337,0.00944574736058712,-0.9996991753578186],[-12418.921875,8.130781173706055,658.754638671875,-0.9960609078407288,0.023739822208881379,0.08543498814105988,0.024561366066336633,0.9996615052223206,0.008577631786465645,-0.08520244061946869,0.010642243549227715,-0.996306836605072],[-12420.921875,8.194284439086914,665.6309814453125,-0.9889879822731018,0.021940751001238824,0.14636030793190003,0.022980794310569764,0.9997212290763855,0.005418784916400909,-0.14620061218738557,0.00872258935123682,-0.9892165064811707],[-12423.2822265625,8.208976745605469,672.4781494140625,-0.9790457487106323,0.01775422692298889,0.2028650939464569,0.019159043207764627,0.9998041391372681,0.004963051527738571,-0.2027372419834137,0.00874575600028038,-0.9791941046714783],[-12425.953125,8.214616775512696,679.5799560546875,-0.9679450392723084,0.011108413338661194,0.2509162425994873,0.012815998867154122,0.9999045133590698,0.005172364879399538,-0.2508348226547241,0.008222307078540326,-0.9679949879646301],[-12428.53515625,8.22763729095459,686.4702758789063,-0.959739625453949,0.0022367339115589859,0.2808822691440582,0.003858367446810007,0.9999788999557495,0.005220483522862196,-0.2808646559715271,0.006094051990658045,-0.9597280621528626],[-12430.978515625,8.23939323425293,693.4660034179688,-0.95555579662323,-0.004993533715605736,0.2947680652141571,-0.003635846544057131,0.999980092048645,0.005153814796358347,-0.2947879433631897,0.0038530260790139438,-0.9555549025535584],[-12433.3076171875,8.240492820739746,700.872314453125,-0.9553703665733337,-0.008517248556017876,0.29528793692588808,-0.00728401355445385,0.9999595284461975,0.005276116542518139,-0.29532092809677126,0.0028897637967020275,-0.9553937315940857],[-12435.3671875,8.244071006774903,708.43603515625,-0.9589480757713318,-0.010873906314373017,0.2833731770515442,-0.00980637688189745,0.9999384880065918,0.005185500252991915,-0.2834121286869049,0.0021937612909823658,-0.9589956998825073],[-12436.974609375,8.250704765319825,715.58544921875,-0.9649689197540283,-0.014342520385980606,0.2619718313217163,-0.013481538742780686,0.9998961687088013,0.005083621945232153,-0.26201754808425906,0.0013737536501139403,-0.965062141418457],[-12438.3525390625,8.26180362701416,723.4596557617188,-0.9729457497596741,-0.017306195572018625,0.23038460314273835,-0.016671208664774896,0.9998499751091003,0.004702648613601923,-0.2304314225912094,0.000734632252715528,-0.973088264465332],[-12439.421875,8.255353927612305,730.871826171875,-0.979066014289856,-0.01353157963603735,0.20309267938137055,-0.012867262586951256,0.9999066591262817,0.0045910924673080448,-0.20313584804534913,0.0018817358650267125,-0.9791487455368042],[-12440.541015625,8.23501968383789,738.6800537109375,-0.9827373027801514,-0.003772539785131812,0.18496787548065186,-0.0029538983944803478,0.9999845623970032,0.004701223690062761,-0.1849827617406845,0.004073691554367542,-0.9827333092689514],[-12441.693359375,8.215788841247559,746.1327514648438,-0.9844071865081787,0.002011135220527649,0.1758933961391449,0.0029588709585368635,0.999982476234436,0.005126023665070534,-0.17588001489639283,0.005566540639847517,-0.9843958616256714],[-12442.986328125,8.213972091674805,753.996337890625,-0.9852703213691711,0.0010589170269668103,0.171000674366951,0.001974905375391245,0.999984622001648,0.005186617374420166,-0.17099253833293916,0.0054479301907122139,-0.9852572679519653],[-12444.0390625,8.215224266052246,760.2704467773438,-0.9856262803077698,-0.0013517319457605482,0.16893501579761506,-0.0004722512967418879,0.9999861121177673,0.005246099550276995,-0.1689397543668747,0.005090913735330105,-0.985613226890564],[-12445.2607421875,8.213859558105469,767.5403442382813,-0.9858507513999939,-0.0024842103011906149,0.1676069051027298,-0.0016165697015821934,0.9999845623970032,0.005312880501151085,-0.16761751472949983,0.004966759122908115,-0.9858396053314209],[-12446.46484375,8.212757110595704,774.74072265625,-0.98597252368927,-0.0019536749459803106,0.16689635813236237,-0.0011096277739852667,0.9999861121177673,0.005150414537638426,-0.16690410673618318,0.0048929741606116299,-0.9859610199928284],[-12447.6845703125,8.209287643432618,782.0128784179688,-0.9860339164733887,-0.0012340882094576955,0.16654010117053986,-0.0003787992463912815,0.9999865889549255,0.005167300347238779,-0.16654424369335175,0.005032048095017672,-0.9860211610794067],[-12448.921875,8.207176208496094,789.3582153320313,-0.9860719442367554,-0.0010168475564569235,0.16631610691547395,-0.000161202231538482,0.9999867081642151,0.005158111918717623,-0.1663191318511963,0.005059458781033754,-0.9860590100288391],[-12450.2158203125,8.205692291259766,797.064697265625,-0.9860884547233582,-0.0011403545504435897,0.1662173569202423,-0.0002879878447856754,0.9999867081642151,0.005152036435902119,-0.166221022605896,0.005032495129853487,-0.9860756993293762],[-12451.484375,8.20437240600586,804.5626831054688,-0.986099123954773,-0.0012775394134223462,0.16615334153175355,-0.0004285014292690903,0.9999866485595703,0.005145713686943054,-0.16615769267082215,0.005002986639738083,-0.9860864877700806],[-12452.705078125,8.202557563781739,811.8435668945313,-0.9861026406288147,-0.00123492325656116,0.1661325842142105,-0.00038772233529016376,0.9999867677688599,0.00513188261538744,-0.1661367118358612,0.004996149800717831,-0.9860900640487671],[-12453.998046875,8.20122241973877,819.48974609375,-0.9861063957214356,-0.0011535078519955278,0.16611085832118989,-0.0003057983412873,0.9999868273735046,0.005128761287778616,-0.16611458361148835,0.005006707739084959,-0.9860937595367432],[-12455.3427734375,8.199983596801758,827.5099487304688,-0.986107349395752,-0.00117281056009233,0.16610503196716309,-0.00032821332570165396,0.9999868869781494,0.005112076178193092,-0.1661088615655899,0.004986538086086512,-0.9860948324203491],[-12456.6123046875,8.198719024658204,835.0099487304688,-0.9861087799072266,-0.0011789962882176042,0.16609668731689454,-0.00033621842158026993,0.9999869465827942,0.005102045834064484,-0.16610053181648255,0.004975327290594578,-0.9860962629318237],[-12457.984375,8.1974458694458,843.190185546875,-0.9861086010932922,-0.0011580318678170443,0.16609792411327363,-0.0003179941850248724,0.999987006187439,0.0050839888863265518,-0.16610166430473329,0.004960546735674143,-0.9860961437225342],[-12459.2783203125,8.196311950683594,850.837646484375,-0.9861088991165161,-0.0011209978256374598,0.16609616577625276,-0.0002827392891049385,0.9999871253967285,0.005070385988801718,-0.16609971225261689,0.0049529909156262878,-0.9860965013504028],[-12460.6767578125,8.195159912109375,859.176025390625,-0.9861101508140564,-0.001091203885152936,0.16608910262584687,-0.0002555688552092761,0.9999871850013733,0.005052534397691488,-0.16609248518943788,0.0049399081617593769,-0.9860978126525879],[-12461.9951171875,8.194212913513184,866.969970703125,-0.9861096143722534,-0.0010907789692282677,0.16609233617782594,-0.0002581214066594839,0.9999873042106628,0.0050347247160971169,-0.16609571874141694,0.004921918269246817,-0.9860973358154297],[-12463.421875,8.193194389343262,875.4676513671875,-0.9861102104187012,-0.0010973565513268114,0.16608862578868867,-0.0002684849314391613,0.9999874234199524,0.005012908019125462,-0.16609203815460206,0.0048986878246068958,-0.9860981106758118],[-12464.7646484375,8.192338943481446,883.4097900390625,-0.986110508441925,-0.001080319401808083,0.16608718037605287,-0.00025418357108719647,0.9999874830245972,0.0049952850677073,-0.1660904884338379,0.004883686080574989,-0.9860984086990356],[-12466.1630859375,8.191396713256836,891.7443237304688,-0.9861102104187012,-0.0010455700103193522,0.16608892381191255,-0.00022221423569135368,0.9999876022338867,0.0049758246168494228,-0.16609205305576325,0.004869804251939058,-0.9860982298851013],[-12467.6396484375,8.190528869628907,900.480224609375,-0.9861103892326355,-0.0010291284415870906,0.1660880744457245,-0.00020913210755679756,0.9999877214431763,0.004954530391842127,-0.16609112918376923,0.004850979428738356,-0.9860984683036804],[-12469.12109375,8.189745903015137,909.2988891601563,-0.9861107468605042,-0.0010318756103515626,0.16608594357967378,-0.0002155701076844707,0.999987781047821,0.004932910203933716,-0.1660890132188797,0.004828592762351036,-0.9860989451408386],[-12470.45703125,8.189045906066895,917.2075805664063,-0.9861106872558594,-0.0010202777339145542,0.16608639061450959,-0.00020694697741419077,0.9999879002571106,0.004914266522973776,-0.16608940064907075,0.0048116398975253109,-0.9860989451408386],[-12471.8984375,8.2059907913208,925.8463745117188,-0.9861671328544617,-0.0007109346915967763,0.16575254499912263,-0.00005136068648425862,0.9999920725822449,0.003983521834015846,-0.1657540500164032,0.003919905051589012,-0.9861593246459961],[-12473.345703125,8.3204984664917,934.5401000976563,-0.9861607551574707,0.003350843209773302,0.16575810313224793,0.0030227513052523138,0.9999929666519165,-0.002231570426374674,-0.16576440632343293,-0.001699641696177423,-0.9861639142036438],[-12474.810546875,8.437291145324707,943.2991943359375,-0.9861561059951782,0.005485266447067261,0.16572876274585725,0.004169931169599295,0.9999570250511169,-0.008283579722046852,-0.16576707363128663,-0.007477825041860342,-0.9861365556716919],[-12476.2958984375,8.56745433807373,952.1378784179688,-0.9860867857933044,0.006775471847504377,0.16609330475330354,0.004792036488652229,0.9999123811721802,-0.012339537031948567,-0.16616235673427583,-0.01137192826718092,-0.9860328435897827],[-12477.826171875,8.720943450927735,961.3992309570313,-0.9860691428184509,0.010972680523991585,0.1659737378358841,0.009069662541151047,0.9998841881752014,-0.012219380587339402,-0.16608861088752747,-0.010543828830122948,-0.9860544800758362],[-12479.2119140625,8.86242961883545,969.68505859375,-0.986071765422821,0.011891083791851998,0.16589488089084626,0.00999978557229042,0.9998751878738403,-0.012231201864778996,-0.16601961851119996,-0.01040192972868681,-0.9860675930976868],[-12480.7958984375,9.027195930480957,979.0679931640625,-0.9860860109329224,0.01094652246683836,0.1658751666545868,0.009037734940648079,0.9998840093612671,-0.012257826514542103,-0.16599009931087495,-0.010588135570287705,-0.9860705733299255],[-12482.3212890625,9.1865234375,988.1663208007813,-0.9860948324203491,0.010132024995982647,0.1658743917942047,0.008208448998630047,0.999890923500061,-0.012278026901185513,-0.16598071157932282,-0.010745727457106114,-0.986070454120636],[-12483.9375,9.351001739501954,997.6790771484375,-0.9859601259231567,0.01070483960211277,0.1666375696659088,0.008776609785854817,0.9998857975006104,-0.012303532101213932,-0.1667502522468567,-0.01066827867180109,-0.985941469669342],[-12485.537109375,9.500411033630371,1006.5369262695313,-0.9850055575370789,0.014227335341274739,0.17193512618541718,0.012278026901185513,0.9998477697372437,-0.012395634315907956,-0.17208530008792878,-0.010098745115101338,-0.9850302934646606],[-12487.419921875,9.657109260559082,1015.7804565429688,-0.9826505780220032,0.019918562844395639,0.1843940019607544,0.017892107367515565,0.9997599124908447,-0.012647331692278386,-0.18460164964199067,-0.009128710255026818,-0.9827710390090942],[-12489.64453125,9.840378761291504,1025.7628173828126,-0.9800359010696411,0.01899295300245285,0.19791120290756226,0.016771838068962098,0.9997761845588684,-0.012893151491880417,-0.19811178743839265,-0.009316416457295418,-0.9801351428031921],[-12491.5703125,10.006697654724121,1034.3602294921876,-0.9788960814476013,0.012203652411699295,0.2039940357208252,0.009765341877937317,0.9998683929443359,-0.012955239042639733,-0.2041253000497818,-0.010689761489629746,-0.9788864254951477],[-12493.7158203125,10.187616348266602,1044.09130859375,-0.9781343936920166,0.008261197246611119,0.20780961215496064,0.0056862845085561279,0.9998995065689087,-0.012985041365027428,-0.20789599418640138,-0.011519450694322586,-0.978083074092865],[-12495.84375,10.351103782653809,1053.51318359375,-0.9767833948135376,0.012053214944899083,0.21389006078243257,0.009507138282060624,0.9998712539672852,-0.012928362004458905,-0.2140183448791504,-0.010594726540148259,-0.9767721891403198],[-12498.080078125,10.505887985229493,1062.59423828125,-0.9739976525306702,0.019512517377734185,0.22571633756160737,0.016984712332487108,0.9997694492340088,-0.013135731220245362,-0.22592061758041383,-0.00896044448018074,-0.9741045236587524],[-12500.6416015625,10.678309440612793,1072.0413818359376,-0.9702945351600647,0.02194800227880478,0.24092894792556764,0.01933414675295353,0.9997258186340332,-0.013207911513745785,-0.2411527782678604,-0.00815740879625082,-0.9704529047012329],[-12503.5048828125,10.881306648254395,1082.2413330078126,-0.9676573872566223,0.014655109494924546,0.2518419921398163,0.011669483035802842,0.9998428821563721,-0.01334465853869915,-0.2519979774951935,-0.009974191896617413,-0.9676763415336609],[-12506.0478515625,11.015563011169434,1091.0157470703126,-0.9650962352752686,0.011751826852560044,0.26163163781166079,0.009082956239581108,0.9998936653137207,-0.01140783540904522,-0.2617378830909729,-0.008633270859718323,-0.9651004076004028],[-12509.00390625,11.117693901062012,1100.52978515625,-0.9604767560958862,0.01675155758857727,0.2778557240962982,0.015084315091371537,0.9998531341552734,-0.008137183263897896,-0.2779512405395508,-0.003624311648309231,-0.9605883359909058],[-12512.4482421875,11.233346939086914,1110.3560791015626,-0.9529315233230591,0.023883379995822908,0.3022434115409851,0.02388525940477848,0.9997078776359558,-0.0036903603468090297,-0.30224326252937319,0.0037025015335530044,-0.9532236456871033],[-12515.921875,11.270180702209473,1118.9954833984376,-0.9429045915603638,0.028456181287765504,0.3318450152873993,0.02955450862646103,0.9995616674423218,-0.0017376345349475742,-0.3317490220069885,0.008169093169271946,-0.943332314491272],[-12520.23046875,11.299474716186524,1128.1953125,-0.9276036024093628,0.031248698011040689,0.37225672602653506,0.03420494496822357,0.9994139671325684,0.0013384466292336584,-0.3719967305660248,0.013974567875266076,-0.9281288385391235],[-12524.3173828125,11.322948455810547,1135.7197265625,-0.9105671048164368,0.03196678310632706,0.4121233820915222,0.03683105483651161,0.99931401014328,0.0038636280223727228,-0.41171717643737795,0.01869703270494938,-0.9111198782920837],[-12529.6044921875,11.30601978302002,1144.1829833984376,-0.8860306143760681,0.031946778297424319,0.46252474188804629,0.03908931463956833,0.9992185235023499,0.00586458807811141,-0.46197593212127688,0.023275980725884439,-0.8865869641304016],[-12535.333984375,11.279847145080567,1152.148193359375,-0.8576842546463013,0.02928030677139759,0.5133423209190369,0.03912655636668205,0.9991991519927979,0.008379152044653893,-0.5126858949661255,0.02727198414504528,-0.8581430315971375],[-12541.9638671875,11.256834983825684,1160.1373291015626,-0.8223274350166321,0.02579224482178688,0.568429708480835,0.038692422211170199,0.9991945624351502,0.010636970400810242,-0.5676975250244141,0.030740994960069658,-0.8226630687713623],[-12548.2353515625,11.214885711669922,1166.7901611328126,-0.7877496480941773,0.024414576590061189,0.6155114769935608,0.039607055485248569,0.9991541504859924,0.011058314703404904,-0.61472088098526,0.033089783042669299,-0.7880502939224243],[-12555.10546875,11.134989738464356,1173.2506103515626,-0.7488745450973511,0.02330758608877659,0.662301778793335,0.04245850071310997,0.9990155696868897,0.012851313687860966,-0.6613502502441406,0.03774436190724373,-0.7491269707679749],[-12561.7490234375,11.066665649414063,1178.795654296875,-0.7108668088912964,0.020443987101316453,0.703029453754425,0.04309883341193199,0.9989651441574097,0.014529545791447163,-0.7020049095153809,0.04062832146883011,-0.7110123038291931],[-12569.03125,11.002135276794434,1184.181396484375,-0.6682222485542297,0.01774936355650425,0.7437499165534973,0.043738968670368198,0.9989234209060669,0.015458283014595509,-0.7426748275756836,0.042860422283411029,-0.6682791709899902],[-12576.9755859375,10.95261001586914,1189.3463134765626,-0.620758056640625,0.018154827877879144,0.7837919592857361,0.04621914401650429,0.9988405108451843,0.013469296507537365,-0.782638669013977,0.04458736628293991,-0.6208773851394653],[-12585.3056640625,10.927420616149903,1193.9979248046876,-0.5707741975784302,0.013370772823691368,0.8209981918334961,0.039789970964193347,0.999143123626709,0.011390733532607556,-0.820142388343811,0.039169032126665118,-0.5708171129226685],[-12593.927734375,10.92962646484375,1198.21533203125,-0.5189522504806519,0.016311829909682275,0.8546475768089294,0.04361790791153908,0.9990207552909851,0.007417972665280104,-0.8536896705627441,0.041127514094114307,-0.5191555023193359],[-12602.4794921875,10.870027542114258,1201.83154296875,-0.46766188740730288,0.017590101808309556,0.8837323784828186,0.05563318356871605,0.9984054565429688,0.009567903354763985,-0.8821549415588379,0.05363939329981804,-0.4678947627544403],[-12611.96484375,10.841541290283204,1205.204833984375,-0.41143104434013369,0.010641158558428288,0.9113787412643433,0.044308025389909747,0.9989831447601318,0.008338309824466706,-0.9103632569313049,0.04381203278899193,-0.41148415207862856],[-12621.5595703125,10.813196182250977,1208.3583984375,-0.3677647113800049,0.006895237602293491,0.9298933148384094,0.037843625992536548,0.9992551207542419,0.007557263132184744,-0.9291484951972961,0.03796982765197754,-0.36775168776512148],[-12630.4375,10.78715991973877,1211.3045654296876,-0.34481170773506167,0.005512355826795101,0.93865567445755,0.04510394483804703,0.998924970626831,0.010702474974095822,-0.9375876188278198,0.04602741450071335,-0.34468966722488406],[-12638.2734375,10.709909439086914,1213.95361328125,-0.3344658315181732,0.00733299320563674,0.942379355430603,0.052700016647577289,0.998550534248352,0.010934014804661274,-0.9409332275390625,0.05332046002149582,-0.3343674838542938],[-12647.5927734375,10.671396255493164,1217.097900390625,-0.32856521010398867,0.007333135697990656,0.9444528222084045,0.052510816603899,0.9985650181770325,0.010514674708247185,-0.9430204033851624,0.053048744797706607,-0.32847878336906435],[-12656.9912109375,10.624444007873536,1220.2493896484376,-0.32538360357284548,0.004623580724000931,0.9455708265304565,0.04813382029533386,0.9987726211547852,0.01167976949363947,-0.9443562030792236,0.049314338713884357,-0.3252067565917969],[-12666.8564453125,10.575613975524903,1223.4874267578126,-0.3187115788459778,0.005756782367825508,0.9478342533111572,0.05103686824440956,0.9986351132392883,0.011095945723354817,-0.9464766979217529,0.051910899579524997,-0.31857040524482729],[-12676.5078125,10.520598411560059,1226.443359375,-0.30562493205070498,0.008107933215796948,0.9521174430847168,0.05982334539294243,0.9981516003608704,0.01070304773747921,-0.9502707719802856,0.06022996827960014,-0.30554506182670596],[-12685.9609375,10.486332893371582,1228.999267578125,-0.28514695167541506,0.011099226772785187,0.9584195613861084,0.0688752681016922,0.9975852370262146,0.00893882941454649,-0.9560059905052185,0.06856028735637665,-0.2852228581905365],[-12695.185546875,10.499761581420899,1231.1624755859376,-0.2620755732059479,0.011593027971684933,0.9649777412414551,0.07098136097192764,0.9974509477615356,0.0072944737039506439,-0.962433397769928,0.07040713727474213,-0.26223042607307436],[-12705.26171875,10.520835876464844,1233.3760986328126,-0.24382609128952027,0.008998818695545197,0.9697772264480591,0.06251823902130127,0.9980229139328003,0.006457719951868057,-0.9678018093109131,0.06220332160592079,-0.24390661716461183],[-12714.9892578125,10.550273895263672,1235.5413818359376,-0.23511989414691926,0.0064359400421381,0.97194504737854,0.052395086735486987,0.9986080527305603,0.006062221247702837,-0.9705531597137451,0.052350495010614398,-0.23512981832027436],[-12725.1416015625,10.553062438964844,1237.88427734375,-0.23110009729862214,0.006078970618546009,0.97291100025177,0.050531014800071719,0.9987058639526367,0.005762725602835417,-0.9716168642044067,0.05049394816160202,-0.23110820353031159],[-12734.93359375,10.555026054382325,1240.2562255859376,-0.2327892929315567,0.006559154484421015,0.9725050926208496,0.05136357620358467,0.9986645579338074,0.005559348966926336,-0.9711698889732361,0.051245495676994327,-0.23281531035900117],[-12744.3388671875,10.561532974243164,1242.70