{"DriveData":[[-28265.193359375,28.387319564819337,388.24859619140627,-0.9991375803947449,-0.0006767609738744795,-0.04151611402630806,-0.000985758495517075,0.9999719858169556,0.0074228146113455299,0.041509926319122317,0.007457337807863951,-0.9991102814674377],[-28265.193359375,28.387298583984376,388.24859619140627,-0.9991375803947449,-0.0006794851506128907,-0.04151608794927597,-0.0009885524632409216,0.9999719262123108,0.007424444891512394,0.041509877890348437,0.007459082640707493,-0.999110221862793],[-28265.193359375,28.387277603149415,388.24859619140627,-0.9991375803947449,-0.0006809282349422574,-0.04151608794927597,-0.0009900574805215002,0.9999719262123108,0.007425904273986816,0.04150986671447754,0.00746060349047184,-0.999110221862793],[-28265.193359375,28.387252807617189,388.24859619140627,-0.9991375803947449,-0.0006801284034736455,-0.04151609539985657,-0.0009893217356875539,0.9999719262123108,0.007427462376654148,0.041509877890348437,0.007462129928171635,-0.999110221862793],[-28265.193359375,28.387226104736329,388.24859619140627,-0.9991375803947449,-0.0006790180923417211,-0.04151603952050209,-0.000988272251561284,0.9999719262123108,0.007428957149386406,0.041509829461574557,0.007463579997420311,-0.999110221862793],[-28265.193359375,28.3872013092041,388.24859619140627,-0.9991375803947449,-0.0006767319864593446,-0.04151606559753418,-0.0009860452264547349,0.9999719262123108,0.007430422585457563,0.04150987043976784,0.007464951369911432,-0.999110221862793],[-28265.193359375,28.387176513671876,388.24859619140627,-0.9991375803947449,-0.0006751996697857976,-0.041516054421663287,-0.0009845681488513947,0.9999719262123108,0.0074317846447229389,0.04150986671447754,0.007466251030564308,-0.999110221862793],[-28265.193359375,28.387157440185548,388.24859619140627,-0.9991376399993897,-0.0006754315108992159,-0.041516005992889407,-0.0009848546469584108,0.999971866607666,0.007433103863149881,0.04150981828570366,0.007467580959200859,-0.9991101622581482],[-28265.193359375,28.387142181396486,388.24859619140627,-0.9991376399993897,-0.0006759775569662452,-0.04151592776179314,-0.0009854501113295556,0.999971866607666,0.007434296887367964,0.04150973632931709,0.007468797266483307,-0.9991101622581482],[-28265.193359375,28.38713264465332,388.24859619140627,-0.9991376399993897,-0.0006758979288861156,-0.04151580482721329,-0.0009854169329628349,0.999971866607666,0.007435436826199293,0.041509613394737247,0.0074699348770082,-0.9991101622581482],[-28265.193359375,28.38711929321289,388.24859619140627,-0.9991376399993897,-0.0006759022944606841,-0.04151573404669762,-0.0009854657109826804,0.999971866607666,0.007436518557369709,0.041509538888931277,0.0074710180051624779,-0.9991101622581482],[-28265.193359375,28.387107849121095,388.24859619140627,-0.9991376399993897,-0.0006758927484042943,-0.04151565209031105,-0.000985495513305068,0.999971866607666,0.007437482010573149,0.04150945693254471,0.007471981458365917,-0.9991101622581482],[-28265.193359375,28.38709831237793,388.24859619140627,-0.9991376399993897,-0.00067584787029773,-0.04151558876037598,-0.0009854885283857585,0.999971866607666,0.00743840541690588,0.041509393602609637,0.007472903933376074,-0.9991101622581482],[-28265.193359375,28.387088775634767,388.24859619140627,-0.9991376399993897,-0.0006756566581316292,-0.0415155291557312,-0.0009853322990238667,0.999971866607666,0.007439262233674526,0.04150933399796486,0.0074737537652254108,-0.9991101622581482],[-28265.193359375,28.387081146240236,388.24859619140627,-0.9991376399993897,-0.0006757051451131702,-0.04151541739702225,-0.0009854164673015476,0.9999718070030212,0.007440140470862389,0.041509222239255908,0.007474634330719709,-0.9991101622581482],[-28265.193359375,28.387210845947267,388.25299072265627,-0.9991377592086792,-0.0006782789714634419,-0.0415121391415596,-0.000987563282251358,0.9999719262123108,0.007430399768054485,0.04150593280792236,0.007464989088475704,-0.9991103410720825],[-28265.193359375,28.387285232543947,388.2655334472656,-0.9991376996040344,-0.000680973578710109,-0.04151307791471481,-0.0009900438599288464,0.9999719262123108,0.007425027899444103,0.04150685667991638,0.0074597252532839779,-0.9991104006767273],[-28265.193359375,28.387609481811525,388.30401611328127,-0.9991376996040344,-0.0006755815702490509,-0.041514456272125247,-0.0009837010875344277,0.9999721050262451,0.0074020023457705978,0.04150829836726189,0.007436457090079784,-0.9991104602813721],[-28265.193359375,28.389081954956056,388.4030456542969,-0.9991377592086792,-0.0006776997470296919,-0.041512154042720798,-0.0009806962916627527,0.9999729990959168,0.007279056590050459,0.041506100445985797,0.007313491310924292,-0.9991114735603333],[-28265.193359375,28.39057159423828,388.7272644042969,-0.999137818813324,-0.0006721180980093777,-0.04151167720556259,-0.0009714826010167599,0.9999736547470093,0.007191821001470089,0.04150575026869774,0.0072259483858942989,-0.9991121292114258],[-28265.171875,28.391931533813478,389.28118896484377,-0.999137818813324,-0.0006892723613418639,-0.041510842740535739,-0.0009854246163740755,0.9999741911888123,0.007114295847713947,0.041504867374897,0.007149067707359791,-0.9991127252578735],[-28265.119140625,28.393508911132814,390.22137451171877,-0.9991378784179688,-0.0007029733969829977,-0.041509777307510379,-0.0009957753354683519,0.99997478723526,0.0070335520431399349,0.04150378704071045,0.007068822160363197,-0.9991133213043213],[-28265.068359375,28.39549446105957,391.46514892578127,-0.9991378784179688,-0.0007194477948360145,-0.04150925949215889,-0.001007875893265009,0.9999755024909973,0.0069280159659683708,0.04150325804948807,0.006963879335671663,-0.9991140961647034],[-28265.021484375,28.397872924804689,392.9439392089844,-0.9991378784179688,-0.0007160722161643207,-0.041508305817842486,-0.0009995391592383385,0.9999763369560242,0.006808810867369175,0.0415024496614933,0.0068444302305579189,-0.9991149306297302],[-28264.931640625,28.401168823242189,394.86798095703127,-0.9991322159767151,-0.0008418280631303787,-0.041642751544713977,-0.0011199230793863536,0.9999772310256958,0.006655234843492508,0.04163619875907898,0.006696096621453762,-0.9991104006767273],[-28264.796875,28.40607452392578,397.2381896972656,-0.9990516304969788,-0.001462263404391706,-0.043517179787158969,-0.0017452738247811795,0.9999775886535645,0.006466137710958719,0.043506745249032977,0.006535954307764769,-0.9990317821502686],[-28264.54296875,28.421926498413087,400.2189025878906,-0.9987605810165405,-0.0027227753307670357,-0.049697741866111758,-0.00303442170843482,0.9999762177467346,0.00619646767154336,0.04967968538403511,0.006339591927826405,-0.9987450838088989],[-28264.169921875,28.428470611572267,403.2579345703125,-0.998143196105957,-0.0039934744127094749,-0.060780126601457599,-0.004392123781144619,0.9999697208404541,0.006426686886698008,0.06075261905789375,0.006681707687675953,-0.9981305003166199],[-28263.59765625,28.452089309692384,406.48675537109377,-0.9968725442886353,-0.00491954293102026,-0.0788726806640625,-0.005353432148694992,0.9999716877937317,0.005290627013891935,0.07884441316127777,0.005696319974958897,-0.9968706369400024],[-28262.791015625,28.483047485351564,409.8238830566406,-0.9944552183151245,-0.006481443997472525,-0.10496088117361069,-0.0069484771229326729,0.9999675154685974,0.004084527026861906,0.10493099689483643,0.004791197367012501,-0.9944679737091065],[-28261.841796875,28.494606018066408,412.8833312988281,-0.9908123016357422,-0.007488225121051073,-0.13503657281398774,-0.008081777021288872,0.9999599456787109,0.003847838845103979,0.13500235974788667,0.004903821740299463,-0.9908331632614136],[-28260.595703125,28.502384185791017,416.134033203125,-0.9849942922592163,-0.007766136433929205,-0.1724121868610382,-0.008547667413949967,0.9999563097953796,0.003790957387536764,0.17237520217895509,0.0052077933214604858,-0.9850175976753235],[-28259.1328125,28.49816131591797,419.3597717285156,-0.9768955707550049,-0.00628555566072464,-0.21362480521202088,-0.00733582116663456,0.9999645948410034,0.004124042112380266,0.2135913223028183,0.005595871713012457,-0.9769070744514465],[-28257.72265625,28.64140510559082,422.1104736328125,-0.9677389860153198,-0.011778692714869976,-0.2516794800758362,-0.01148558221757412,0.9999305605888367,-0.0026336240116506817,0.2516930103302002,0.00034202486858703196,-0.9678070545196533],[-28256.359375,28.654489517211915,424.27288818359377,-0.9581209421157837,-0.005359712988138199,-0.2863137125968933,-0.004493235610425472,0.9999831318855286,-0.003683230374008417,0.28632861375808718,-0.002242505084723234,-0.9581288695335388],[-28254.966796875,28.652057647705079,426.3350524902344,-0.9474890232086182,-0.001300992676988244,-0.3197857141494751,-0.00010100501822307706,0.9999929070472717,-0.0037690310273319484,0.3197883367538452,-0.003538815537467599,-0.9474824070930481],[-28253.837890625,28.63880729675293,427.94830322265627,-0.9382368922233582,-0.0021381531842052938,-0.3459870219230652,-0.0012460300931707025,0.9999952912330627,-0.0028008907102048399,0.3459913730621338,-0.0021967885550111534,-0.9382351040840149],[-28252.642578125,28.659425735473634,429.51361083984377,-0.9277146458625794,-0.0039426106959581379,-0.37326937913894656,-0.0028112055733799936,0.9999896287918091,-0.003575362730771303,0.3732796311378479,-0.0022675793152302505,-0.9277161359786987],[-28251.48046875,28.670204162597658,430.8924865722656,-0.9170535802841187,-0.004000534303486347,-0.3987438976764679,-0.002602158347144723,0.9999884366989136,-0.004048135597258806,0.3987554907798767,-0.0026747623924165966,-0.9170534014701843],[-28250.435546875,28.672813415527345,432.0599670410156,-0.9070418477058411,-0.003673483384773135,-0.42102450132369997,-0.0021661154460161926,0.99998939037323,-0.004058403428643942,0.42103496193885805,-0.0027691537979990246,-0.9070401787757874],[-28249.52734375,28.642560958862306,433.0309143066406,-0.8983434438705444,-0.0016547059640288354,-0.43929076194763186,-0.0006337015656754375,0.9999967217445374,-0.002470844192430377,0.43929341435432436,-0.00194128742441535,-0.8983415365219116],[-28248.958984375,28.620269775390626,433.6285400390625,-0.8931702971458435,0.001598298898898065,-0.4497157633304596,0.002526521682739258,0.9999957084655762,-0.0014638627180829645,0.44971150159835818,-0.002443695208057761,-0.8931705355644226],[-28248.734375,28.63414764404297,433.8858947753906,-0.8911185264587402,0.0007669208571314812,-0.4537700116634369,0.001969912089407444,0.9999957084655762,-0.0021784331183880569,0.4537663757801056,-0.002835129154846072,-0.8911161422729492],[-28248.685546875,28.637990951538087,433.9604797363281,-0.8907139897346497,-0.0009781509870663286,-0.454563170671463,0.000020094248611712829,0.999997615814209,-0.002191217616200447,0.4545642137527466,-0.001960882218554616,-0.890711784362793],[-28248.78125,28.63718032836914,433.8279724121094,-0.8912036418914795,-0.0017087680753320456,-0.4536001980304718,-0.0008596977568231523,0.9999974966049194,-0.0020780370105057956,0.4536026120185852,-0.001461995067074895,-0.8912028670310974],[-28249,28.634183883666993,433.4784240722656,-0.8920404314994812,-0.0017803844530135394,-0.45195212960243227,-0.0010144852567464114,0.999997615814209,-0.0019369714427739382,0.4519544839859009,-0.0012693579774349928,-0.8920400738716126],[-28249.314453125,28.63199806213379,432.926025390625,-0.8927425146102905,-0.001992954174056649,-0.4505627751350403,-0.0013075005263090134,0.9999974370002747,-0.0018325700657442213,0.45056527853012087,-0.0010469021508470178,-0.8927428722381592],[-28249.724609375,28.63039207458496,432.1102294921875,-0.8926903009414673,-0.0024259111378341915,-0.45066407322883608,-0.0018275270704180003,0.9999967813491821,-0.0017629263456910849,0.4506668746471405,-0.0007501464569941163,-0.8926918506622315],[-28250.158203125,28.628116607666017,431.1269226074219,-0.8913355469703674,-0.002892151940613985,-0.4533349275588989,-0.0023991705384105446,0.999995768070221,-0.0016625093994662166,0.45333778858184817,-0.00039422602276317775,-0.8913387060165405],[-28250.6015625,28.62588882446289,429.97796630859377,-0.8881810903549194,-0.0031718777026981117,-0.4594826102256775,-0.002679032040759921,0.9999949336051941,-0.0017245396738871933,0.4594857394695282,-0.0003007348859682679,-0.8881850838661194],[-28250.93359375,28.61219596862793,428.9378967285156,-0.8837952017784119,-0.002319522202014923,-0.4678681790828705,-0.001992608420550823,0.9999973177909851,-0.0011936224764212967,0.46786969900131228,-0.00012263965618330985,-0.8837974667549133],[-28251.154296875,28.60654640197754,428.16680908203127,-0.8798090815544128,-0.0008781046490184963,-0.4753264784812927,-0.00037740624975413084,0.9999992847442627,-0.0011488073505461217,0.47532713413238528,-0.0008313399157486856,-0.8798087239265442],[-28251.2734375,28.600242614746095,427.7615966796875,-0.8777114152908325,0.000036410528991837057,-0.47918954491615298,0.0005348656559363008,0.999999463558197,-0.0009037075797095895,0.4791892468929291,-0.001049496466293931,-0.8777109980583191],[-28251.353515625,28.600919723510743,427.5248718261719,-0.8766337037086487,-0.0005314513109624386,-0.48115798830986025,-0.00007363680197158828,0.9999995231628418,-0.0009703643154352903,0.4811582863330841,-0.0008152231457643211,-0.87663334608078],[-28251.318359375,28.60529136657715,427.60223388671877,-0.8768109083175659,-0.0008360426872968674,-0.48083457350730898,-0.0002752751752268523,0.9999992251396179,-0.0012367615709081293,0.4808352291584015,-0.0009520442690700293,-0.8768104314804077],[-28251.0859375,28.609643936157228,428.0709228515625,-0.8773927092552185,-0.0014438849175348878,-0.479770690202713,-0.0008708320674486458,0.9999986290931702,-0.0014169712085276843,0.47977206110954287,-0.0008254405693151057,-0.8773927688598633],[-28250.61328125,28.615116119384767,428.90966796875,-0.8769826889038086,-0.0025806650519371034,-0.4805150628089905,-0.002083526225760579,0.9999966025352478,-0.001567983883433044,0.4805174767971039,-0.00037392901140265167,-0.8769850730895996],[-28249.87890625,28.623802185058595,430.04656982421877,-0.874394953250885,-0.003978763706982136,-0.48519858717918398,-0.0035288850776851179,0.9999920725822449,-0.0018406750168651343,0.4852020740509033,0.00010273318184772506,-0.8744020462036133],[-28248.81640625,28.64254379272461,431.4840393066406,-0.8684093356132507,-0.00576820969581604,-0.4958144724369049,-0.005175385624170303,0.9999833106994629,-0.0025690265465527775,0.4958210289478302,0.00033506451291032135,-0.868424654006958],[-28247.3359375,28.678386688232423,433.2112121582031,-0.8575173020362854,-0.00836829375475645,-0.5143870115280151,-0.007299010641872883,0.9999649524688721,-0.004099971614778042,0.5144032835960388,0.0002387193962931633,-0.8575483560562134],[-28245.384765625,28.709312438964845,435.2270812988281,-0.8409180641174316,-0.010524002835154534,-0.5410600900650024,-0.009114573709666729,0.9999445080757141,-0.00528371799737215,0.5410856604576111,0.0004883576766587794,-0.8409673571586609],[-28243.1640625,28.64731788635254,437.3111572265625,-0.8212484121322632,-0.007220338564366102,-0.570525050163269,-0.007607007399201393,0.9999696016311646,-0.0017052292823791504,0.5705200433731079,0.002939571626484394,-0.8212783932685852],[-28240.9140625,28.70561408996582,439.1076965332031,-0.7996281981468201,0.004100041463971138,-0.6004814505577087,0.0015873182564973832,0.9999876022338867,0.004714094568043947,0.6004933714866638,0.0028163674287497999,-0.7996248006820679],[-28238.728515625,28.71405792236328,440.8108215332031,-0.7769463062286377,0.003340314142405987,-0.6295579671859741,-0.0017570389900356532,0.9999704957008362,0.007474038749933243,0.6295644044876099,0.006913085002452135,-0.776917576789856],[-28236.232421875,28.71112632751465,442.5850524902344,-0.7501943111419678,-0.0010431844275444747,-0.6612166166305542,-0.008807669393718243,0.9999257922172546,0.008415330201387406,0.6611588001251221,0.012136911042034626,-0.750147819519043],[-28233.8828125,28.727806091308595,444.031005859375,-0.7240644693374634,-0.00006990657129790634,-0.6897323131561279,-0.007320711854845285,0.9999444484710693,0.0075837611220777039,0.6896934509277344,0.010540463030338288,-0.724024772644043],[-28231.765625,28.7272891998291,445.209228515625,-0.7000542879104614,0.0026773507706820966,-0.7140846252441406,-0.003675224259495735,0.9999662041664124,0.007352233864367008,0.7140801548957825,0.007771383970975876,-0.7000207901000977],[-28229.76171875,28.721588134765626,446.24249267578127,-0.6765664219856262,0.00398592883720994,-0.7363708019256592,-0.002432648092508316,0.9999678134918213,0.007647843100130558,0.7363775968551636,0.0069656046107411388,-0.6765349507331848],[-28228.095703125,28.849124908447267,446.8399658203125,-0.6546079516410828,0.010168347507715226,-0.7559001445770264,0.015913570299744607,0.9998733401298523,-0.00033085152972489595,0.7558010220527649,-0.012245647609233857,-0.6546868681907654],[-28227.08203125,28.841434478759767,447.0807800292969,-0.6414434313774109,0.02582012489438057,-0.7667356729507446,0.04296809807419777,0.9990738034248352,-0.0023024813272058965,0.7659660577774048,-0.03442208468914032,-0.6419587731361389],[-28226.46484375,28.860166549682618,447.32476806640627,-0.6328137516975403,0.023262089118361474,-0.7739545106887817,0.04038838669657707,0.9991796016693115,-0.0029915475752204658,0.7732499837875366,-0.033151865005493167,-0.6332340836524963],[-28226.296875,28.855388641357423,447.43756103515627,-0.6300510168075562,0.01774611324071884,-0.7763509154319763,0.03043670766055584,0.9995349645614624,-0.001853308524005115,0.7759570479393005,-0.024797245860099794,-0.6302981972694397],[-28226.390625,28.85993194580078,447.3988952636719,-0.630845844745636,0.01632113754749298,-0.7757365107536316,0.028199240565299989,0.9996005296707153,-0.0019011046970263124,0.7753956317901611,-0.02307448536157608,-0.6310540437698364],[-28226.69921875,28.852893829345704,447.2107238769531,-0.6330194473266602,0.017246749252080919,-0.7739437222480774,0.029284480959177018,0.9995697140693665,-0.0016775339609012008,0.7735818028450012,-0.0237264521420002,-0.6332521438598633],[-28227.224609375,28.84809112548828,446.8587951660156,-0.6355317234992981,0.017556311562657357,-0.7718751430511475,0.029433419927954675,0.999565601348877,-0.0014991887146607042,0.7715135216712952,-0.023671705275774003,-0.6357724070549011],[-28227.94921875,28.817447662353517,446.34136962890627,-0.6374911665916443,0.01737646758556366,-0.7702617049217224,0.026938876137137414,0.9996370673179627,0.0002555824466980994,0.7699865698814392,-0.020587053149938585,-0.6377278566360474],[-28228.984375,28.695777893066408,445.71014404296877,-0.6394666433334351,0.008331435732543469,-0.7687736749649048,0.002585071139037609,0.9999589323997498,0.008686595596373082,0.7688145041465759,0.003567453706637025,-0.6394619345664978],[-28230.123046875,28.720703125,444.73193359375,-0.6349966526031494,-0.0017145720776170493,-0.7725129723548889,-0.013377085328102112,0.9998720288276672,0.008776619099080563,0.7723990082740784,0.01590709574520588,-0.6349383592605591],[-28231.2109375,28.6944522857666,443.5032958984375,-0.6258317232131958,0.003240208374336362,-0.7799513936042786,-0.0066255624406039719,0.9999331831932068,0.009470434859395028,0.7799299955368042,0.011094515211880207,-0.6257684230804443],[-28232.3984375,28.660314559936525,442.0396728515625,-0.6105180382728577,0.008485727943480015,-0.791956901550293,0.0001854057190939784,0.9999440908432007,0.010571357794106007,0.7920023202896118,0.006307171657681465,-0.6104854941368103],[-28233.77734375,28.658416748046876,440.3032531738281,-0.587384045124054,0.008845362812280655,-0.8092600107192993,0.00045519258128479123,0.999943733215332,0.01059918012470007,0.8093082308769226,0.005857419688254595,-0.5873550176620483],[-28235.373046875,28.686521530151368,438.2602844238281,-0.5548707842826843,0.007330403663218021,-0.8319042325019836,-0.0005392649909481406,0.999957799911499,0.00917090754956007,0.8319363594055176,0.005537285469472408,-0.5548434257507324],[-28236.990234375,28.682777404785158,436.1573486328125,-0.5154436230659485,0.007866556756198407,-0.8568874001502991,-0.00012569333193823695,0.9999571442604065,0.009255600161850453,0.856923520565033,0.004878445062786341,-0.5154204964637756],[-28238.837890625,28.640769958496095,433.7528076171875,-0.4673435389995575,0.008260575123131276,-0.8840371966362,0.01220103818923235,0.9999213814735413,0.0028933733701705934,0.8839915990829468,-0.009433972649276257,-0.46740758419036868],[-28240.3046875,28.614776611328126,431.8677673339844,-0.42360469698905947,0.014475222676992417,-0.9057314991950989,0.028695987537503244,0.9995849132537842,0.002554243430495262,0.9053925275802612,-0.024908870458602907,-0.42384424805641177],[-28241.6953125,28.62236213684082,430.204345703125,-0.3771699368953705,0.011787589639425278,-0.9260690212249756,0.02552405558526516,0.9996715188026428,0.0023289951495826246,0.9257922768592835,-0.022758610546588899,-0.3773469030857086],[-28242.779296875,28.6274356842041,429.10467529296877,-0.34264105558395388,0.002804221585392952,-0.9394621849060059,0.016920188441872598,0.9998517632484436,-0.0031866589561104776,0.9393140077590942,-0.0169877577573061,-0.34263771772384646],[-28243.619140625,28.658329010009767,428.448974609375,-0.3222663104534149,-0.0024642334319651129,-0.9466458559036255,0.0029855906032025816,0.9999889731407166,-0.0036194755230098964,0.9466443657875061,-0.003992731682956219,-0.322255402803421],[-28244.009765625,28.638446807861329,428.1813659667969,-0.31565192341804507,-0.0017495566280558706,-0.9488734602928162,0.0019093492301180959,0.9999951124191284,-0.002478979527950287,0.9488731026649475,-0.0025942253414541485,-0.31564703583717348],[-28244.064453125,28.639137268066408,428.14306640625,-0.31486305594444277,-0.0017429598374292255,-0.9491355419158936,0.0024175429716706278,0.999993622303009,-0.0026383413933217527,0.9491340517997742,-0.0031252920161932708,-0.3148568272590637],[-28243.701171875,28.643056869506837,428.3194580078125,-0.3174365758895874,-0.0019743863958865406,-0.948277473449707,0.002184499753639102,0.9999936819076538,-0.0028133264277130367,0.9482769966125488,-0.002964564599096775,-0.3174302577972412],[-28242.888671875,28.648975372314454,428.662841796875,-0.3204111158847809,-0.0024876887910068037,-0.9472753405570984,0.0010597766377031804,0.9999949932098389,-0.002984602702781558,0.9472780227661133,-0.00196020002476871,-0.32040685415267947],[-28241.64453125,28.658416748046876,429.04876708984377,-0.3219987452030182,0.0032608401961624624,-0.9467344880104065,0.00787966139614582,0.9999686479568481,0.0007642023847438395,0.9467073082923889,-0.007213875185698271,-0.32201436161994936],[-28240.064453125,28.643651962280275,429.4254150390625,-0.3177340030670166,0.006718028336763382,-0.9481561183929443,0.01895161345601082,0.9998201131820679,0.0007332632085308433,0.9479904770851135,-0.017736105248332025,-0.31780415773391726],[-28237.8046875,28.664058685302736,429.92132568359377,-0.30516138672828677,0.00482117710635066,-0.9522884488105774,0.01529733743518591,0.9998829960823059,0.00016009437968023121,0.9521777629852295,-0.014518623240292073,-0.30519944429397585],[-28235.07421875,28.688570022583009,430.33349609375,-0.2831698954105377,0.00221500126644969,-0.9590672254562378,0.009040248580276966,0.9999590516090393,-0.00035974071943201125,0.9590271711349487,-0.008772073313593865,-0.28317832946777346],[-28232.298828125,28.751144409179689,430.6278076171875,-0.25397008657455447,0.003953061997890472,-0.9672039747238159,-0.0044287522323429588,0.999976396560669,0.005249915178865194,0.9672019481658936,0.005616828333586454,-0.25394657254219057],[-28229.3828125,28.740888595581056,430.7359313964844,-0.22186660766601563,0.0036644136998802425,-0.9750701189041138,-0.013083375990390778,0.9998917579650879,0.006734675727784634,0.9749892354011536,0.014251409098505974,-0.22179464995861054],[-28226.04296875,28.750076293945314,430.5719909667969,-0.18087375164031983,0.004231858532875776,-0.9834972023963928,-0.008036031387746334,0.9999510049819946,0.005780553910881281,0.9834734797477722,0.00894896499812603,-0.18083088099956513],[-28223.037109375,28.747966766357423,430.2842102050781,-0.14222392439842225,0.004878562409430742,-0.989822506904602,-0.005401154048740864,0.9999691247940064,0.00570464413613081,0.9898197650909424,0.006157520692795515,-0.14219318330287934],[-28219.51953125,28.753095626831056,429.7988586425781,-0.09549377858638764,0.0049789343029260639,-0.995417594909668,-0.006706334184855223,0.9999615550041199,0.005645024124532938,0.9954074621200562,0.007214667275547981,-0.09545671939849854],[-28216.12109375,28.730457305908204,429.1778869628906,-0.05022397264838219,0.006615440361201763,-0.9987160563468933,-0.008251004852354527,0.9999411702156067,0.007038486655801535,0.9987038969993591,0.008593912236392498,-0.05016643553972244],[-28212.458984375,28.730052947998048,428.3133239746094,-0.00032773613929748535,0.0072312504053115849,-0.9999737739562988,-0.009366398677229882,0.9999299645423889,0.0072340029291808609,0.9999560713768005,0.009368523955345154,-0.0002599824219942093],[-28208.974609375,28.73162078857422,427.3116455078125,0.04742684215307236,0.007704558782279491,-0.9988449811935425,-0.009740820154547692,0.9999262690544128,0.007250388618558645,0.9988272190093994,0.009385705925524235,0.047498393803834918],[-28205.3984375,28.733779907226564,426.1060791015625,0.09645405411720276,0.008230798877775669,-0.9953033924102783,-0.010237029753625393,0.9999211430549622,0.007276923395693302,0.9952847957611084,0.009487061761319638,0.09653070569038391],[-28201.4453125,28.735502243041993,424.5557861328125,0.1506783366203308,0.008901162073016167,-0.9885427951812744,-0.011040872894227505,0.9999122619628906,0.007320634555071592,0.988521158695221,0.009811313822865487,0.1507633924484253],[-28197.27734375,28.73211669921875,422.66571044921877,0.20757628977298737,0.010049602948129177,-0.9781672358512878,-0.011629852466285229,0.9999018907546997,0.007804939057677984,0.9781497120857239,0.009755820035934449,0.20767280459403993],[-28193.66015625,28.720863342285158,420.78472900390627,0.2570703625679016,0.010779940523207188,-0.9663325548171997,-0.009988001547753811,0.9999139904975891,0.008497483097016812,0.9663410782814026,0.007467280142009258,0.2571559250354767],[-28190.296875,28.7344913482666,418.8182067871094,0.3041364252567291,0.010652747936546803,-0.9525689482688904,-0.010501975193619728,0.9999142289161682,0.007829145528376103,0.9525706171989441,0.007622727192938328,0.3042222261428833],[-28186.658203125,28.739444732666017,416.4549255371094,0.3550731837749481,0.011509187519550324,-0.9347676634788513,-0.01189908105880022,0.9998988509178162,0.007791218347847462,0.9347627758979797,0.008356424048542977,0.3551742136478424],[-28183.30078125,28.749691009521486,414.0898742675781,0.3990236222743988,0.011212804354727269,-0.9168720841407776,-0.010855584405362606,0.9999129176139832,0.007503984030336142,0.9168763756752014,0.006958915386348963,0.3991105854511261],[-28179.76171875,28.782575607299806,411.4898681640625,0.43880030512809756,0.0074583617970347408,-0.8985536694526672,-0.005532391835004091,0.9999690055847168,0.005598458927124739,0.8985675573348999,0.0025145455729216339,0.4388279616832733],[-28176.0703125,28.77562713623047,408.8973693847656,0.4666799008846283,0.00447918102145195,-0.8844149708747864,0.0006962468032725155,0.9999849796295166,0.0054318830370903019,0.8844259977340698,-0.0031507217790931465,0.46666979789733889],[-28172.029296875,28.77388572692871,406.2689208984375,0.4839792251586914,0.0035964353010058405,-0.8750721216201782,0.0022015408612787725,0.9999833703041077,0.00532741891220212,0.8750767111778259,-0.004504866898059845,0.4839632511138916],[-28167.984375,28.779518127441408,403.74969482421877,0.49442246556282046,0.004535553511232138,-0.869209885597229,-0.000034089844120899218,0.999986469745636,0.005198557395488024,0.8692217469215393,-0.002540652407333255,0.49441593885421755],[-28164.015625,28.78458595275879,401.2566833496094,0.5032299160957336,0.005661732517182827,-0.8641340136528015,-0.0024656953755766155,0.9999838471412659,0.00511590763926506,0.8641490340232849,-0.000443786644609645,0.5032357573509216],[-28159.6171875,28.78153419494629,398.48492431640627,0.5100131630897522,0.005049251485615969,-0.8601517677307129,-0.001215845812112093,0.9999859929084778,0.0051491884514689449,0.8601657748222351,-0.0015803418355062605,0.510012149810791],[-28155.44140625,28.77810287475586,395.888671875,0.5137515664100647,0.004381358157843351,-0.8579277992248535,0.00015507674834225327,0.999986469745636,0.005199702922254801,0.8579390048980713,-0.0028044001664966346,0.5137439370155335],[-28150.978515625,28.776493072509767,393.1424865722656,0.5160980224609375,0.004250382073223591,-0.8565189838409424,0.0005305130616761744,0.999985933303833,0.005281982943415642,0.8565293550491333,-0.0031804153695702554,0.5160884857177734],[-28146.404296875,28.775375366210939,390.345458984375,0.5174863934516907,0.004378995858132839,-0.8556802272796631,0.0003585812810342759,0.9999856948852539,0.0053343456238508228,0.8556913733482361,-0.003067282261326909,0.5174774527549744],[-28141.71875,28.77476692199707,387.491455078125,0.5182886719703674,0.0044685774482786659,-0.8551940321922302,0.00022658247326035053,0.9999855756759644,0.005362465046346188,0.8552057147026062,-0.002973077120259404,0.5182802081108093],[-28137.12890625,28.773630142211915,384.6957092285156,0.5187557935714722,0.00443336833268404,-0.8549109697341919,0.00032748139346949756,0.9999854564666748,0.005384405143558979,0.8549224138259888,-0.003073158673942089,0.5187467932701111],[-28132.05078125,28.772735595703126,381.6053161621094,0.5190543532371521,0.004380173981189728,-0.8547300100326538,0.0004629139439202845,0.9999852776527405,0.005405668634921312,0.854741096496582,-0.0032015021424740555,0.5190446972846985],[-28126.6640625,28.772233963012697,378.3287658691406,0.5192316770553589,0.004365942440927029,-0.8546223640441895,0.0004956618067808449,0.9999852180480957,0.005409689154475927,0.8546333909034729,-0.0032324856147170068,0.519221842288971],[-28121.77734375,28.771881103515626,375.3582458496094,0.5193170309066773,0.00435533607378602,-0.8545705676078796,0.0005270895780995488,0.9999852180480957,0.005416753701865673,0.8545814752578735,-0.003263447666540742,0.5193070769309998],[-28116.384765625,28.77176284790039,372.0789489746094,0.5193740725517273,0.004325645510107279,-0.8545360565185547,0.0005663198535330594,0.9999852180480957,0.005406107287853956,0.8545467853546143,-0.003291732631623745,0.5193639397621155],[-28111.3125,28.771907806396486,368.99603271484377,0.5193983316421509,0.004313187208026648,-0.8545213341712952,0.0005932453786954284,0.9999852180480957,0.005408002994954586,0.8545320630073547,-0.003315848531201482,0.5193880796432495],[-28105.720703125,28.771839141845704,365.5964660644531,0.5194136500358582,0.004277338273823261,-0.8545122742652893,0.0006321710534393787,0.9999852776527405,0.00538978073745966,0.854522705078125,-0.003339723451063037,0.5194032788276672],[-28100.248046875,28.77198600769043,362.2696533203125,0.5194265842437744,0.004251318983733654,-0.8545045256614685,0.0006571418489329517,0.9999853372573853,0.005374568980187178,0.8545148372650147,-0.003353224601596594,0.5194161534309387],[-28095.01171875,28.76548957824707,359.0823059082031,0.5194313526153565,0.004649668466299772,-0.8544995188713074,0.0006400548154488206,0.9999827742576599,0.0058303759433329109,0.8545119166374207,-0.0035754067357629539,0.5194194912910461],[-28089.94140625,28.769447326660158,356.0007629394531,0.5194616317749023,0.0043718405067920689,-0.8544825911521912,0.0006649709539487958,0.9999845623970032,0.0055205337703228,0.8544934988021851,-0.003435911377891898,0.5194506645202637],[-28084.810546875,28.770002365112306,352.8815612792969,0.519463300704956,0.0043249898590147499,-0.8544818162918091,0.0006843027658760548,0.9999847412109375,0.005477464757859707,0.8544924855232239,-0.003430065931752324,0.5194523930549622],[-28079.3828125,28.77075958251953,349.5828857421875,0.5194642543792725,0.00428361352533102,-0.8544814586639404,0.0006979872705414891,0.9999849796295166,0.00543736619874835,0.8544918894767761,-0.003420934546738863,0.5194534659385681],[-28073.427734375,28.771751403808595,345.9626770019531,0.5194652080535889,0.004272593185305595,-0.8544809222221375,0.0006551775732077658,0.9999852180480957,0.0053984494879841808,0.8544913530349731,-0.0033641434274613859,0.5194547176361084],[-28067.599609375,28.772720336914064,342.4180908203125,0.5194925665855408,0.004216694738715887,-0.854464590549469,0.0008460627286694944,0.9999848008155823,0.005449206568300724,0.8544745445251465,-0.0035537530202418567,0.5194811224937439],[-28062.13671875,28.77338218688965,339.09552001953127,0.5194881558418274,0.004130135290324688,-0.8544676899909973,0.000955602852627635,0.999984860420227,0.005414478946477175,0.8544771075248718,-0.0036292895674705507,0.5194763541221619],[-28056.357421875,28.774219512939454,335.5832214355469,0.519488513469696,0.004091504495590925,-0.8544676303863525,0.0009698434732854366,0.9999850392341614,0.005377928726375103,0.8544768691062927,-0.0036224722862243654,0.5194768309593201],[-28050.728515625,28.775094985961915,332.1620178222656,0.5194810628890991,0.00405581621453166,-0.8544723391532898,0.000973885937128216,0.9999852776527405,0.005338583141565323,0.8544813990592957,-0.0036054516676813366,0.5194694995880127],[-28044.544921875,28.776107788085939,328.4015197753906,0.5194750428199768,0.004025553818792105,-0.8544761538505554,0.0009800259722396732,0.9999854564666748,0.005306870676577091,0.8544850945472717,-0.00359419547021389,0.5194635391235352],[-28038.51171875,28.776952743530275,324.73297119140627,0.5194724202156067,0.004003999754786491,-0.8544778227806091,0.0009846233297139407,0.9999855756759644,0.005284428130835295,0.8544866442680359,-0.0035864533856511118,0.5194609761238098],[-28032.63671875,28.77794075012207,321.1630859375,0.5194726586341858,0.003979905508458614,-0.8544778227806091,0.0009778841631487012,0.9999857544898987,0.005252134520560503,0.8544865250587463,-0.0035639205016195776,0.5194613337516785],[-28026.439453125,28.779088973999025,317.3951721191406,0.519469141960144,0.003983560483902693,-0.854479968547821,0.0009271838935092092,0.999985933303833,0.005225573666393757,0.854488730430603,-0.0035067840944975616,0.5194581151008606],[-28020.4140625,28.780153274536134,313.7306823730469,0.5194716453552246,0.003943535499274731,-0.8544785976409912,0.0009541064500808716,0.9999860525131226,0.0051951115019619469,0.8544871211051941,-0.0035139769315719606,0.5194606781005859],[-28014.0546875,28.781335830688478,309.8648681640625,0.5194734930992127,0.0038988315500319006,-0.8544777035713196,0.0009931189706549049,0.9999861717224121,0.005166520364582539,0.8544859886169434,-0.0035324683412909509,0.5194624066352844],[-28007.876953125,28.782724380493165,306.1075744628906,0.5194746255874634,0.0038782746996730568,-0.854477047920227,0.000975021393969655,0.9999863505363464,0.005131466779857874,0.8544853329658508,-0.0034988003317266704,0.5194637775421143],[-28001.39453125,28.778688430786134,302.1671142578125,0.5194504857063294,0.0042116050608456139,-0.8544901609420776,0.00096695008687675,0.9999843239784241,0.005516530945897102,0.8544999957084656,-0.0036918141413480045,0.5194382667541504],[-27995.109375,28.78365135192871,298.3514709472656,0.5194819569587708,0.003948013298213482,-0.854472279548645,0.0009530136594548821,0.9999860525131226,0.005199737846851349,0.8544808626174927,-0.0035154938232153656,0.5194709897041321],[-27988.82421875,28.785036087036134,294.5284729003906,0.5194769501686096,0.003917307127267122,-0.8544754981994629,0.000978612108156085,0.9999861121177673,0.005179340019822121,0.8544839024543762,-0.003526747692376375,0.5194658637046814],[-27982.71484375,28.786483764648439,290.8171081542969,0.5194729566574097,0.0038817792665213348,-0.8544780611991882,0.0009650261490605772,0.9999863505363464,0.0051294839940965179,0.854486346244812,-0.0034892219118773939,0.5194621682167053],[-27976.27734375,28.788232803344728,286.9031066894531,0.5194709897041321,0.003860330209136009,-0.8544793725013733,0.0009387657046318054,0.9999865889549255,0.005088408477604389,0.8544875979423523,-0.003445436479523778,0.5194603800773621],[-27969.224609375,28.78994369506836,282.61602783203127,0.5194689631462097,0.0038148725870996715,-0.8544808030128479,0.0009684673859737814,0.9999867677688599,0.005053256638348103,0.8544887900352478,-0.00345254666171968,0.5194583535194397],[-27962.865234375,28.79178237915039,278.7484130859375,0.5195009112358093,0.0038311947137117388,-0.8544613122940064,0.0011370031861588359,0.9999859929084778,0.005174973979592323,0.8544691205024719,-0.0036599289160221817,0.5194892883300781],[-27956.41015625,28.793039321899415,274.8243408203125,0.5194944739341736,0.0037209773436188699,-0.8544657230377197,0.0012694279430434108,0.9999860525131226,0.005126462318003178,0.8544728755950928,-0.0037478513550013305,0.5194824934005737],[-27949.306640625,28.794483184814454,270.50531005859377,0.5194937586784363,0.003676326246932149,-0.8544663190841675,0.0013120684307068587,0.9999861121177673,0.0051001268438994888,0.8544732332229614,-0.0037706024013459684,0.5194817185401917],[-27942.080078125,28.796279907226564,266.11114501953127,0.5194870233535767,0.003659537760540843,-0.8544704914093018,0.0012882694136351348,0.9999863505363464,0.005065975710749626,0.8544774055480957,-0.0037324968725442888,0.5194751620292664],[-27935.291015625,28.797807693481447,261.9850769042969,0.5194839835166931,0.003632664680480957,-0.8544724583625794,0.0012969147646799684,0.999986469745636,0.005039766896516085,0.854479193687439,-0.0037262560799717905,0.5194722414016724],[-27927.517578125,28.79989242553711,257.2592468261719,0.519481897354126,0.0036190312821418049,-0.8544737696647644,0.0012714066542685032,0.9999866485595703,0.005008293781429529,0.854480504989624,-0.0036881016567349436,0.5194703340530396],[-27920.18359375,28.80126953125,252.8006591796875,0.5194836258888245,0.003605611389502883,-0.854472815990448,0.0012571568368002773,0.9999867677688599,0.004983934108167887,0.8544794917106628,-0.0036632786504924299,0.5194722414016724],[-27912.712890625,28.80343246459961,248.25830078125,0.5194849371910095,0.0035678991116583349,-0.8544721603393555,0.0012745405547320843,0.9999869465827942,0.004950374364852905,0.854478657245636,-0.003660704242065549,0.5194735527038574],[-27904.7890625,28.80532455444336,243.44187927246095,0.5194875001907349,0.003530316287651658,-0.8544707298278809,0.0012894594110548497,0.9999870657920837,0.004915473982691765,0.854477047920227,-0.0036553326062858106,0.5194762349128723],[-27897.333984375,28.807540893554689,238.90887451171876,0.5194916725158691,0.003509251866489649,-0.8544682860374451,0.001274034846574068,0.9999872446060181,0.004881465807557106,0.8544745445251465,-0.003624503267928958,0.5194805860519409],[-27889.419921875,28.809814453125,234.09652709960938,0.519493043422699,0.003496024990454316,-0.854467511177063,0.0012473274255171419,0.9999874830245972,0.004849756136536598,0.8544737696647644,-0.0035852151922881605,0.5194821357727051],[-27881.6796875,28.811986923217775,229.38986206054688,0.5194936394691467,0.0034919963218271734,-0.8544671535491943,0.0012100882595404983,0.9999876618385315,0.0048224045895040039,0.8544734716415405,-0.0035391892306506635,0.5194830298423767],[-27872.802734375,28.814123153686525,223.99322509765626,0.5194942951202393,0.003452940145507455,-0.85446697473526,0.0012379675172269345,0.9999877214431763,0.004793649073690176,0.8544730544090271,-0.003548075444996357,0.5194836258888245],[-27864.08984375,28.818300247192384,218.69500732421876,0.5195133686065674,0.0036025838926434519,-0.854454755783081,0.001270403154194355,0.9999867677688599,0.004988593515008688,0.8544613718986511,-0.0036771430168300869,0.5195018649101257],[-27855.5546875,28.818323135375978,213.50730895996095,0.5194879174232483,0.0037377956323325636,-0.8544695973396301,0.0012162772472947837,0.9999861717224121,0.005113798193633556,0.8544769287109375,-0.0036958286073058845,0.5194762349128723],[-27846.873046875,28.81976890563965,208.22634887695313,0.5195592641830444,0.0038494153413921596,-0.8544257283210754,0.0014040933456271887,0.9999846816062927,0.0053589981980621819,0.854433238