{"DriveData":[[-12695.958984375,8.206828117370606,479.8741455078125,-0.19221557676792146,0.007699261419475079,-0.9813225269317627,-0.0001142212568083778,0.9999690651893616,0.007867931388318539,0.9813527464866638,0.0016244268044829369,-0.19220873713493348],[-12691.6826171875,8.200603485107422,480.7118835449219,-0.19223715364933015,0.007991931401193142,-0.9813159704208374,-0.000049870497605297717,0.9999667406082153,0.008153594098985196,0.9813485145568848,0.0016163624823093415,-0.19223035871982575],[-12687.6650390625,8.20340347290039,481.4981384277344,-0.1922098696231842,0.007634673733264208,-0.9813241362571716,-0.0000535694562131539,0.9999696612358093,0.007790227886289358,0.9813538193702698,0.0015499277506023646,-0.19220362603664399],[-12683.36328125,8.203252792358399,482.34063720703127,-0.19220995903015138,0.007524833548814058,-0.9813249707221985,-0.000055441847507609057,0.9999704957008362,0.0076786670833826069,0.9813538193702698,0.0015303228283300996,-0.19220387935638429],[-12678.93359375,8.203946113586426,483.2081604003906,-0.19220975041389466,0.007413780316710472,-0.9813258647918701,-0.000056647175370017069,0.9999713897705078,0.007565740030258894,0.9813538789749146,0.0015097983414307237,-0.1922038346529007],[-12674.3759765625,8.20463752746582,484.100830078125,-0.1922094225883484,0.007296842988580465,-0.9813268184661865,-0.00007333642133744434,0.9999722242355347,0.00744984857738018,0.9813539385795593,0.0015038980636745692,-0.192203551530838],[-12669.869140625,8.205286026000977,484.9831237792969,-0.19221019744873048,0.007204090710729361,-0.9813273549079895,-0.000054482268751598897,0.9999729990959168,0.007351642474532127,0.981353759765625,0.0014665256021544338,-0.19220460951328278],[-12665.0576171875,8.205975532531739,485.9258117675781,-0.1922105848789215,0.007094509433954954,-0.9813280701637268,-0.00006276107887970284,0.9999737739562988,0.007241601590067148,0.9813537001609802,0.0014535016380250455,-0.19220510125160218],[-12660.1142578125,8.206517219543457,486.8941955566406,-0.19221168756484986,0.00699061993509531,-0.9813286066055298,-0.00006172790745040402,0.9999745488166809,0.007135537452995777,0.9813534617424011,0.0014321089256554843,-0.19220635294914246],[-12655.236328125,8.207035064697266,487.8494567871094,-0.19221164286136628,0.0068932208232581619,-0.9813292622566223,-0.00006838062108727172,0.9999752044677734,0.007037590257823467,0.9813535213470459,0.001419810694642365,-0.19220641255378724],[-12649.8330078125,8.207454681396485,488.90765380859377,-0.19221144914627076,0.006797674112021923,-0.9813299775123596,-0.00006324148125713691,0.9999759197235107,0.006939221639186144,0.9813535213470459,0.0013958585914224387,-0.19220638275146485],[-12644.9130859375,8.207867622375489,489.871337890625,-0.19221234321594239,0.006705285049974918,-0.9813304543495178,-0.00005586265979218297,0.9999765753746033,0.006843633018434048,0.9813533425331116,0.0013702504802495242,-0.192207470536232],[-12639.45703125,8.208089828491211,490.9398498535156,-0.19221220910549165,0.006622417829930782,-0.9813310503959656,-0.00004785330020240508,0.999977171421051,0.006757622584700584,0.9813534021377564,0.0013458573957905174,-0.19220750033855439],[-12634.08984375,8.208372116088868,491.99114990234377,-0.19221378862857819,0.006538243964314461,-0.9813312888145447,-0.00005073622742202133,0.9999777674674988,0.006672416348010302,0.9813530445098877,0.001332319458015263,-0.1922091841697693],[-12628.3818359375,8.208700180053711,493.1091613769531,-0.19221468269824983,0.006447614636272192,-0.9813317060470581,-0.000056937224144348878,0.9999783635139465,0.006581280380487442,0.9813529253005981,0.0013208930613473058,-0.1922101527452469],[-12623,8.208857536315918,494.1632385253906,-0.1922142058610916,0.006372089497745037,-0.9813323020935059,-0.00004854251892538741,0.9999788403511047,0.006502675358206034,0.9813529849052429,0.0012975429417565466,-0.19220983982086183],[-12617.5107421875,8.209196090698243,495.2384033203125,-0.19221504032611848,0.006288481410592794,-0.9813326597213745,-0.00006203655357239768,0.9999793767929077,0.00642012245953083,0.9813528060913086,0.001294922549277544,-0.19221068918704987],[-12611.9140625,8.209296226501465,496.3343811035156,-0.1922151893377304,0.006217947229743004,-0.9813330769538879,-0.00006375136581482366,0.9999798536300659,0.006348584312945604,0.9813528060913086,0.001282855635508895,-0.19221091270446778],[-12605.4931640625,8.209442138671875,497.5919189453125,-0.19221241772174836,0.006147817708551884,-0.9813340902328491,-0.00005453155972645618,0.9999803304672241,0.0062753125093877319,0.9813533425331116,0.0012597066815942526,-0.19220830500125886],[-12599.67578125,8.209344863891602,498.7314453125,-0.1922113001346588,0.006079315673559904,-0.9813347458839417,-0.00005333693479769863,0.9999807476997376,0.006205273792147636,0.9813535809516907,0.001245065126568079,-0.19220727682113648],[-12593.2568359375,8.209333419799805,499.9883728027344,-0.1922096312046051,0.006012393161654472,-0.981335461139679,-0.0000427130980824586,0.999981164932251,0.00613499665632844,0.9813538789749146,0.0012211214052513242,-0.1922057569026947],[-12586.720703125,8.209465026855469,501.2686462402344,-0.19221247732639314,0.005939970258623362,-0.9813353419303894,-0.000041899442294379699,0.9999816417694092,0.006061042193323374,0.9813533425331116,0.0012061252491548658,-0.1922086924314499],[-12580.0947265625,8.204899787902832,502.56683349609377,-0.19224247336387635,0.0062045929953455929,-0.9813278317451477,-0.000032853316952241588,0.9999799728393555,0.006328959949314594,0.9813474416732788,0.0012489347718656064,-0.19223842024803163],[-12574.17578125,8.208355903625489,503.7257995605469,-0.19221875071525575,0.0058737765066325668,-0.9813345074653626,-0.000040877268475014719,0.9999820590019226,0.005993397906422615,0.9813520908355713,0.00119215773884207,-0.19221505522727967],[-12567.736328125,8.207732200622559,504.98760986328127,-0.1922301948070526,0.005830684211105108,-0.981332540512085,-0.00006265495903789997,0.9999822974205017,0.005953766871243715,0.9813498854637146,0.0012059790315106512,-0.19222640991210938],[-12561.1923828125,8.207889556884766,506.26934814453127,-0.19223755598068238,0.0057624648325145248,-0.9813315272331238,-0.00004203231947030872,0.9999827146530151,0.005880220327526331,0.9813483953475952,0.0011716467561200262,-0.19223399460315705],[-12554.7998046875,8.208239555358887,507.5216064453125,-0.1922435462474823,0.0056924340315163139,-0.9813307523727417,-0.00004370786336949095,0.9999831318855286,0.005809193942695856,0.9813472628593445,0.0011596719268709422,-0.19224005937576295],[-12548.3076171875,8.208569526672364,508.7934265136719,-0.1922418177127838,0.005624828394502401,-0.981331467628479,-0.00005769735071226023,0.9999834895133972,0.005743041634559631,0.9813475608825684,0.001160672982223332,-0.19223833084106446],[-12541.4482421875,8.208752632141114,510.13702392578127,-0.19224213063716889,0.005565941333770752,-0.9813317656517029,-0.00004476690082810819,0.9999838471412659,0.005680502858012915,0.9813475012779236,0.001135963131673634,-0.19223879277706147],[-12534.751953125,8.208806991577149,511.4520568847656,-0.1924188733100891,0.0055302949622273449,-0.9812973141670227,0.00006486055644927546,0.9999842047691345,0.0056228903122246269,0.9813128709793091,0.0010183027479797602,-0.19241619110107423],[-12528.2373046875,8.206228256225586,512.7877807617188,-0.1954173743724823,0.005816031713038683,-0.9807029366493225,0.0018630754202604294,0.9999828338623047,0.005559129640460014,0.9807183742523193,-0.000740773044526577,-0.1954248547554016],[-12521.65234375,8.202584266662598,514.2847900390625,-0.20423093438148499,0.0063973600044846539,-0.9789018034934998,0.005347224418073893,0.9999710321426392,0.005419446621090174,0.978908121585846,-0.004127589054405689,-0.2042592316865921],[-12514.7431640625,8.203153610229493,516.0988159179688,-0.2207442820072174,0.006863883230835199,-0.9753075838088989,0.008603679947555066,0.9999500513076782,0.00509001174941659,0.975293755531311,-0.007267643231898546,-0.22079230844974519],[-12507.501953125,8.21396255493164,518.1717529296875,-0.2378668338060379,0.006003689020872116,-0.9712792038917542,0.0058007799088954929,0.999971866607666,0.004760430194437504,0.9712804555892944,-0.004501828458160162,-0.2378949671983719],[-12500.451171875,8.22404956817627,520.1680908203125,-0.2475271075963974,0.004594290629029274,-0.9688701033592224,0.00011573039955692366,0.9999889135360718,0.004712286405265331,0.9688809514045715,0.0010542909149080515,-0.24752488732337953],[-12493.013671875,8.224800109863282,522.2080078125,-0.2528718411922455,0.0043267253786325459,-0.9674900770187378,-0.001038390793837607,0.9999881982803345,0.004743463825434446,0.9674991965293884,0.002204121323302388,-0.25286439061164858],[-12486.0576171875,8.221272468566895,524.0878295898438,-0.2557417154312134,0.0047158123925328259,-0.9667336344718933,0.0004330670926719904,0.9999885559082031,0.004763468634337187,0.9667450785636902,0.0007995570194907486,-0.25574082136154177],[-12479.0322265625,8.216176986694336,526.0475463867188,-0.2606339156627655,0.005441409070044756,-0.9654223918914795,0.0032659866847097875,0.9999833703041077,0.004754490684717894,0.9654321670532227,-0.0019138751085847617,-0.26064735651016238],[-12471.333984375,8.210808753967286,528.3950805664063,-0.27261653542518618,0.006948485970497131,-0.962097704410553,0.006961271166801453,0.9999619722366333,0.00524942995980382,0.9620975852012634,-0.005266341846436262,-0.27265456318855288],[-12464.9384765625,8.214640617370606,530.6055908203125,-0.2897891104221344,0.0074767861515283588,-0.9570612907409668,0.010226359590888024,0.999936580657959,0.00471529271453619,0.9570358991622925,-0.008420812897384167,-0.289847195148468],[-12458.0810546875,8.218292236328125,533.3370971679688,-0.3167685568332672,0.008469765074551106,-0.9484650492668152,0.012888994999229908,0.9999062418937683,0.004624464549124241,0.9484152793884277,-0.010759876109659672,-0.3168480098247528],[-12451.578125,8.216607093811036,536.3778686523438,-0.35190269351005556,0.010490779764950276,-0.9359778165817261,0.01517373975366354,0.9998697638511658,0.005501981824636459,0.935913622379303,-0.012266120873391629,-0.35201603174209597],[-12445.7802734375,8.216712951660157,539.5831909179688,-0.3920222222805023,0.011822511442005635,-0.9198797941207886,0.01656179688870907,0.9998460412025452,0.005792169366031885,0.9198066592216492,-0.012964202091097832,-0.3921576738357544],[-12440.193359375,8.173245429992676,543.1760864257813,-0.4370309114456177,0.014321993105113507,-0.8993324637413025,0.015886802226305009,0.9998401403427124,0.008202394470572472,0.8993061780929565,-0.010702816769480706,-0.43718859553337099],[-12434.7138671875,8.203206062316895,547.333251953125,-0.490080326795578,0.0142079908400774,-0.8715614676475525,0.01675558090209961,0.9998359680175781,0.006877403240650892,0.871516227722168,-0.011233039200305939,-0.4902380108833313],[-12429.94140625,8.191673278808594,551.5155639648438,-0.5392619371414185,0.014688354916870594,-0.8420100212097168,0.013785329647362233,0.999867856502533,0.008613331243395806,0.8420252799987793,-0.006962544284760952,-0.5393931865692139],[-12425.7900390625,8.182452201843262,555.6441040039063,-0.5855218172073364,0.015208996832370758,-0.810513973236084,0.013310150243341923,0.9998695850372315,0.009146825410425663,0.8105473518371582,-0.005432396661490202,-0.5856478810310364],[-12422.0712890625,8.212496757507325,559.8480834960938,-0.629874050617218,0.014153511263430119,-0.7765682935714722,0.013156707398593426,0.9998849034309387,0.007552218623459339,0.7765858173370361,-0.005460134707391262,-0.6299878358840942],[-12418.73046875,8.182242393493653,564.08740234375,-0.6710330843925476,0.015219997614622116,-0.7412711381912231,0.012561771087348462,0.9998791813850403,0.009158315137028695,0.7413209676742554,-0.0031661458779126407,-0.6711431741714478],[-12415.8896484375,8.176944732666016,568.1710815429688,-0.7083903551101685,0.015410944819450379,-0.7056525945663452,0.012561258859932423,0.9998785257339478,0.009226635098457337,0.7057090997695923,-0.0023278258740901949,-0.7084978818893433],[-12413.1123046875,8.213964462280274,572.7584838867188,-0.7480644583702087,0.014059106819331646,-0.6634771823883057,0.012119127437472344,0.9998982548713684,0.0075236777774989609,0.6635154485702515,-0.0024125685449689628,-0.7481586933135986],[-12410.7900390625,8.19117259979248,577.12255859375,-0.782190203666687,0.013619555160403252,-0.622890830039978,0.010478365235030651,0.9999071955680847,0.00870492309331894,0.6229515671730042,0.00028202764224261045,-0.7822603583335877],[-12408.8125,8.183696746826172,581.42138671875,-0.8137950301170349,0.013851335272192955,-0.5809869170188904,0.010575895197689534,0.9999033212661743,0.009024962782859803,0.581055760383606,0.0012000135611742735,-0.8138628602027893],[-12407.2138671875,8.182544708251954,585.4761962890625,-0.8414964079856873,0.013980025425553322,-0.5400818586349487,0.010822676122188568,0.999900758266449,0.00901973620057106,0.5401543378829956,0.0017449449514970184,-0.8415641784667969],[-12405.826171875,8.1882905960083,589.6489868164063,-0.8678640127182007,0.013880031183362008,-0.4966078996658325,0.011109764687716961,0.9999018907546997,0.008531688712537289,0.49667760729789736,0.0018871488282456995,-0.8679330348968506],[-12404.6708984375,8.189223289489746,593.8790283203125,-0.8922029733657837,0.014119247905910015,-0.4514138996601105,0.011563277803361416,0.9998977184295654,0.008420239202678204,0.45148658752441409,0.0022927382960915567,-0.8922749757766724],[-12403.7138671875,8.188393592834473,598.3255615234375,-0.9150994420051575,0.014117071405053139,-0.4029810428619385,0.01171924453228712,0.9998959302902222,0.008415601216256619,0.40305790305137637,0.0029784785583615305,-0.9151696562767029],[-12403.06640625,8.219629287719727,602.6703491210938,-0.935655415058136,0.013075901195406914,-0.3526725769042969,0.011397616937756539,0.9999116659164429,0.0068349638022482399,0.35273081064224245,0.0023755442816764118,-0.9357218146324158],[-12403.056640625,8.495890617370606,606.90673828125,-0.9554340243339539,-0.02083761803805828,-0.29446840286254885,-0.020397929474711419,0.9997815489768982,-0.0045648012310266499,0.2944991886615753,0.00164517923258245,-0.9556503295898438],[-12403.091796875,8.60144329071045,611.0316162109375,-0.9684655070304871,-0.04798799753189087,-0.24448265135288239,-0.04759453982114792,0.9988384246826172,-0.0075203245505690578,0.24455955624580384,0.004352864343672991,-0.9696245193481445],[-12403.173828125,8.597428321838379,615.7562255859375,-0.9817007780075073,-0.03996729478240013,-0.18618863821029664,-0.03918956220149994,0.9992008805274963,-0.007857260294258595,0.1863538920879364,-0.00041682750452309847,-0.9824826121330261],[-12403.4912109375,8.601022720336914,620.0530395507813,-0.9905548095703125,-0.03339060768485069,-0.13298940658569337,-0.03255114704370499,0.9994340538978577,-0.00848198402673006,0.1331973671913147,-0.004072912503033876,-0.991081178188324],[-12404.1708984375,8.605652809143067,624.9967651367188,-0.996844470500946,-0.033838413655757907,-0.07180570811033249,-0.03331826254725456,0.9994092583656311,-0.008429661393165589,0.07204853743314743,-0.006010620389133692,-0.9973829984664917],[-12405.0478515625,8.598036766052246,629.4725341796875,-0.9992679953575134,-0.03456578403711319,-0.016390036791563035,-0.03444180265069008,0.9993763566017151,-0.007787332870066166,0.016648991033434869,-0.007217130158096552,-0.9998353719711304],[-12406.23046875,8.569282531738282,634.3995361328125,-0.9985948204994202,-0.031750068068504336,0.042430248111486438,-0.03204933926463127,0.999465823173523,-0.006391620729118586,-0.04220464825630188,-0.007742500863969326,-0.9990789890289307],[-12407.5087890625,8.552411079406739,639.207275390625,-0.9952809810638428,-0.03094055876135826,0.09196952730417252,-0.03157155588269234,0.9994868040084839,-0.0054136039689183239,-0.09175483137369156,-0.008291677571833134,-0.9957470893859863],[-12408.7646484375,8.486061096191407,644.1220092773438,-0.9912592172622681,-0.030593154951930047,0.1283324658870697,-0.0310920849442482,0.9995147585868836,-0.001885778270661831,-0.12821249663829804,-0.005859418772161007,-0.9917294383049011],[-12409.9736328125,8.417458534240723,649.5540161132813,-0.9880176186561585,-0.024895260110497476,0.1523199826478958,-0.02501731738448143,0.9996864199638367,0.0011154357343912125,-0.15229998528957368,-0.0027085670735687019,-0.988330602645874],[-12411.0595703125,8.416788101196289,654.6014404296875,-0.9860573410987854,-0.026578880846500398,0.16426968574523927,-0.026186907663941385,0.9996467232704163,0.004551646299660206,-0.16433262825012208,0.00018646902753971517,-0.9864049553871155],[-12412.1318359375,8.429101943969727,659.5196533203125,-0.9843796491622925,-0.040479715913534167,0.17134195566177369,-0.03986595943570137,0.9991803765296936,0.0070227873511612419,-0.1714857965707779,0.00008237769361585379,-0.9851865768432617],[-12413.2509765625,8.449220657348633,664.9696655273438,-0.9831323027610779,-0.04993462935090065,0.17594711482524873,-0.04923500120639801,0.9987523555755615,0.00834233034402132,-0.17614418268203736,-0.0004611420154105872,-0.9843642711639404],[-12414.30859375,8.468344688415528,670.3251342773438,-0.9824019074440002,-0.05412813648581505,0.17876403033733369,-0.053394049406051639,0.9985336661338806,0.008918742649257183,-0.17898467183113099,-0.0007831455441191793,-0.9838515520095825],[-12415.466796875,8.47115421295166,676.0050048828125,-0.9814357161521912,-0.056289192289114,0.18334512412548066,-0.05540230870246887,0.9984144568443298,0.009960109367966652,-0.1836150735616684,-0.0003825364983640611,-0.9829981327056885],[-12416.6455078125,8.43210506439209,681.3423461914063,-0.9800758361816406,-0.05295010283589363,0.19143560528755189,-0.05131438374519348,0.9985913634300232,0.013495534658432007,-0.19188053905963899,0.003403247566893697,-0.981412410736084],[-12418.0947265625,8.35045337677002,687.44921875,-0.9778457283973694,-0.03939567133784294,0.20558616518974305,-0.03672243282198906,0.9991841912269592,0.01680395007133484,-0.20608045160770417,0.008882047608494759,-0.9784947633743286],[-12419.603515625,8.343629837036133,693.4205932617188,-0.9754745960235596,-0.03711153566837311,0.21696096658706666,-0.03450789302587509,0.9992798566818237,0.015778128057718278,-0.2173902839422226,0.00790429674088955,-0.9760527610778809],[-12421.056640625,8.336663246154786,699.266357421875,-0.9739694595336914,-0.03821146488189697,0.22343547642230988,-0.03591713309288025,0.9992520809173584,0.014324924908578396,-0.22381575405597688,0.005926877725869417,-0.9746134281158447],[-12422.4677734375,8.314048767089844,705.2252197265625,-0.9732906818389893,-0.031818680465221408,0.22736045718193055,-0.029739467427134515,0.9994786977767944,0.012565706856548787,-0.227641761302948,0.005468507297337055,-0.9737296104431152],[-12423.806640625,8.281469345092774,711.0448608398438,-0.9730343818664551,-0.020628061145544053,0.22973591089248658,-0.018707292154431344,0.9997695088386536,0.010535876266658306,-0.2299002856016159,0.005954033229500055,-0.9731959700584412],[-12425.1904296875,8.242345809936524,717.14794921875,-0.9728521704673767,-0.006790649611502886,0.2313278168439865,-0.005015261005610228,0.9999532699584961,0.008261975832283497,-0.2313731163740158,0.006877511739730835,-0.9728407859802246],[-12426.5595703125,8.220854759216309,723.116943359375,-0.972747802734375,0.003073861123993993,0.231845423579216,0.004947856068611145,0.9999596476554871,0.007501889951527119,-0.23181301355361939,0.008444583974778653,-0.9727237224578857],[-12428.2265625,8.220826148986817,729.9314575195313,-0.9723819494247437,0.0018453688826411963,0.23338806629180909,0.0036736628971993925,0.9999659061431885,0.00739925354719162,-0.2333664447069168,0.008052289485931397,-0.9723555445671082],[-12429.90625,8.221981048583985,736.3287353515625,-0.9709739685058594,0.0005788628477603197,0.23918455839157105,0.0023857243359088899,0.9999707937240601,0.007264809682965279,-0.23917335271835328,0.007624569348990917,-0.9709469676017761],[-12431.6435546875,8.223530769348145,742.8200073242188,-0.9696348309516907,-0.0008989719208329916,0.24455572664737702,0.0008707409142516553,0.9999741911888123,0.007128230296075344,-0.24455583095550538,0.007124724797904491,-0.9696090221405029],[-12433.388671875,8.224241256713868,749.4158325195313,-0.9688599109649658,-0.001942838542163372,0.24760185182094575,-0.00021218854817561805,0.9999753832817078,0.0070161414332687859,-0.24760939180850984,0.006745120044797659,-0.9688364863395691],[-12435.0712890625,8.22305679321289,755.8458862304688,-0.9684577584266663,-0.0018735930789262057,0.24917082488536836,-0.00015254062600433826,0.9999759793281555,0.00692624831572175,-0.24917782843112946,0.006669769994914532,-0.968434751033783],[-12436.9150390625,8.2213773727417,762.91748046875,-0.9682053327560425,-0.0016037613386288286,0.25015169382095339,0.00010606872092466801,0.9999767541885376,0.0068215420469641689,-0.25015681982040408,0.006631186697632074,-0.9681826233863831],[-12438.63671875,8.220352172851563,769.541259765625,-0.9680792689323425,-0.001499023986980319,0.25063973665237429,0.00019213728955946863,0.9999774098396301,0.006722773425281048,-0.25064414739608767,0.006556334905326366,-0.9680570960044861],[-12440.5283203125,8.219414710998536,776.820068359375,-0.9680067896842957,-0.0014583771117031575,0.2509198486804962,0.00020904926350340247,0.9999780654907227,0.006618472747504711,-0.2509240210056305,0.006459180731326342,-0.967985212802887],[-12442.4462890625,8.218515396118164,784.2047119140625,-0.9679650664329529,-0.0014238590374588967,0.2510809898376465,0.00022021673794370145,0.9999787211418152,0.006519772578030825,-0.25108492374420168,0.0063662040047347549,-0.9679441452026367],[-12444.240234375,8.2176513671875,791.1138916015625,-0.9679445028305054,-0.0013779320288449526,0.25116050243377688,0.00024545719497837126,0.9999792575836182,0.006432111840695143,-0.25116416811943056,0.006287576165050268,-0.9679240584373474],[-12446.28515625,8.216683387756348,798.9913940429688,-0.967933714389801,-0.0013197669759392739,0.25120222568511965,0.0002823240647558123,0.9999798536300659,0.006341549567878246,-0.25120553374290469,0.006209120154380798,-0.9679138660430908],[-12448.259765625,8.210774421691895,806.6068115234375,-0.9679172039031982,-0.001355071784928441,0.2512657046318054,0.00031698294333182275,0.9999780654907227,0.006613936275243759,-0.2512691617012024,0.00648138951510191,-0.9678955674171448],[-12450.169921875,8.21357536315918,813.9828491210938,-0.967923104763031,-0.0012642783112823964,0.251243531703949,0.00032122767879627645,0.9999802708625794,0.006269522942602634,-0.25124651193618777,0.00614912249147892,-0.9679036140441895],[-12451.9501953125,8.212830543518067,820.8321533203125,-0.9679195880889893,-0.0012491572415456176,0.2512570917606354,0.00032003503292798996,0.9999806880950928,0.006204407196491957,-0.25126001238822939,0.006085778120905161,-0.9679005146026611],[-12453.748046875,8.212641716003418,827.7486572265625,-0.9679175019264221,-0.0012467211345210672,0.25126510858535769,0.0003006915212608874,0.9999812245368958,0.006119999103248119,-0.25126802921295168,0.005999207496643066,-0.967898964881897],[-12455.712890625,8.212346076965332,835.319580078125,-0.9679164886474609,-0.0012350580655038357,0.25126901268959048,0.00029096854268573225,0.9999817609786987,0.006036035716533661,-0.2512718737125397,0.005915489979088306,-0.9678984880447388],[-12457.6982421875,8.21188735961914,842.972900390625,-0.9679173231124878,-0.001212615636177361,0.25126588344573977,0.0002952119684778154,0.9999821782112122,0.0059631443582475189,-0.2512686550617218,0.005846007727086544,-0.967899739742279],[-12459.626953125,8.2115478515625,850.409423828125,-0.9679161906242371,-0.001192477298900485,0.2512703537940979,0.00029707446810789406,0.9999825954437256,0.00589006906375289,-0.2512730062007904,0.005775739438831806,-0.9678990244865418],[-12461.580078125,8.21120548248291,857.9227294921875,-0.9679160714149475,-0.001162249594926834,0.2512710690498352,0.00031031674006953835,0.999983012676239,0.005820767022669315,-0.25127357244491579,0.005711987614631653,-0.9678992629051209],[-12463.7099609375,8.21088695526123,866.1239624023438,-0.9679157733917236,-0.001140245352871716,0.2512722611427307,0.0003150089178234339,0.9999834299087524,0.005751246120780706,-0.25127464532852175,0.005645874887704849,-0.9678993821144104],[-12465.783203125,8.210659980773926,874.10595703125,-0.967915952205658,-0.00115353730507195,0.25127163529396059,0.00028461639885790646,0.9999837875366211,0.005687085911631584,-0.25127410888671877,0.005576136987656355,-0.9678999185562134],[-12467.7958984375,8.210464477539063,881.8596801757813,-0.9679157733917236,-0.001159096136689186,0.2512722909450531,0.00026314976275898516,0.9999841451644898,0.005626503843814135,-0.25127482414245608,0.005512103904038668,-0.9679000973701477],[-12469.828125,8.210240364074707,889.6913452148438,-0.9679155945777893,-0.0011553881922736765,0.25127288699150088,0.0002521324495319277,0.9999844431877136,0.005569296423345804,-0.2512754201889038,0.005453962832689285,-0.967900276184082],[-12471.796875,8.21020221710205,897.281982421875,-0.9679166078567505,-0.0011589023051783443,0.25126898288726809,0.0002323364169569686,0.9999848008155823,0.005507114343345165,-0.2512715458869934,0.0053888061083853249,-0.9679016470909119],[-12473.87109375,8.210055351257325,905.2637329101563,-0.9679168462753296,-0.001156782847829163,0.25126802921295168,0.00022004595666658133,0.9999850988388062,0.0054513574577867989,-0.251270592212677,0.005331750959157944,-0.9679021835327148],[-12476.013671875,8.212224006652832,913.6505737304688,-0.968392550945282,-0.002348563401028514,0.2494199275970459,-0.0010368824005126954,0.9999849200248718,0.0053901816718280319,-0.24942882359027863,0.004961193073540926,-0.9683804512023926],[-12478.029296875,8.229289054870606,921.802978515625,-0.9692744016647339,-0.0023628862109035255,0.24597066640853883,-0.001302301068790257,0.9999891519546509,0.004474409855902195,-0.24597856402397157,0.004016602877527475,-0.969266951084137],[-12480.044921875,8.342483520507813,930.0120239257813,-0.9696956276893616,0.0031693645287305118,0.24429571628570558,0.002832405036315322,0.9999945163726807,-0.0017305923392996193,-0.24429985880851746,-0.0009862033184617758,-0.9696992635726929],[-12482.1005859375,8.458169937133789,938.2852172851563,-0.9699052572250366,0.005504672881215811,0.24342034757137299,0.003749673953279853,0.9999635219573975,-0.007672503590583801,-0.243453711271286,-0.0065288543701171879,-0.9698905348777771],[-12484.2705078125,8.591618537902832,946.9747314453125,-0.969947099685669,0.006519829388707876,0.24322843551635743,0.0036615836434066297,0.9999188780784607,-0.012201525270938874,-0.24328824877738954,-0.010944233275949955,-0.9698922634124756],[-12486.2724609375,8.733246803283692,955.0809936523438,-0.9700084924697876,0.009698407724499703,0.24287739396095277,0.006961850915104151,0.9999022483825684,-0.012123010121285916,-0.2429712414741516,-0.010068546049296856,-0.9699812531471252],[-12488.3935546875,8.887581825256348,963.5867919921875,-0.9700398445129395,0.010231289081275463,0.24273023009300233,0.007497158832848072,0.9998976588249207,-0.012185126543045044,-0.2428300529718399,-0.01000027172267437,-0.9700173139572144],[-12490.6259765625,9.051230430603028,972.5003662109375,-0.9700677394866943,0.00953465886414051,0.24264727532863618,0.006763465702533722,0.999902069568634,-0.012251139618456364,-0.24274033308029176,-0.01024329848587513,-0.9700372219085693],[-12492.873046875,9.216018676757813,981.4849243164063,-0.9700839519500732,0.009259241633117199,0.24259313941001893,0.006464390084147453,0.9999032616615295,-0.012314220890402794,-0.24268369376659394,-0.01037761103361845,-0.9700499773025513],[-12495.1171875,9.376561164855957,990.4585571289063,-0.9700836539268494,0.009309744462370873,0.24259229004383088,0.006557915825396776,0.9999046921730042,-0.01214849017560482,-0.24268226325511933,-0.010194151662290097,-0.9700522422790527],[-12497.2080078125,9.527608871459961,998.8247680664063,-0.9700979590415955,0.0093428585678339,0.24253378808498383,0.006626582704484463,0.9999058842658997,-0.012012943625450135,-0.2426231950521469,-0.010046562179923058,-0.9700685739517212],[-12499.1376953125,9.667817115783692,1006.5449829101563,-0.9701051712036133,0.009324833750724793,0.2425057291984558,0.006620410829782486,0.9999064803123474,-0.011964532546699047,-0.2425946295261383,-0.010001367889344693,-0.9700762033462524],[-12501.14453125,9.814139366149903,1014.5711059570313,-0.9701126217842102,0.009277287870645523,0.24247770011425019,0.006594354752451181,0.9999077320098877,-0.011873939074575901,-0.24256548285484315,-0.009920074604451657,-0.9700843095779419],[-12502.919921875,9.943120002746582,1021.6752319335938,-0.9701126217842102,0.009269063360989094,0.2424781173467636,0.006589892785996199,0.9999079704284668,-0.011857861652970314,-0.24256572127342225,-0.009905556216835976,-0.9700844287872315],[-12504.6953125,10.072613716125489,1028.7752685546876,-0.9701130986213684,0.009266938082873822,0.24247626960277558,0.006578799802809954,0.9999076128005981,-0.011893544346094132,-0.2425640970468521,-0.00994288083165884,-0.9700844287872315],[-12506.341796875,10.192719459533692,1035.3643798828126,-0.9701122045516968,0.009314029477536679,0.24247801303863526,0.006615110673010349,0.9999067783355713,-0.011942369863390923,-0.24256664514541627,-0.009981419891119004,-0.9700834155082703],[-12507.947265625,10.310861587524414,1041.792236328125,-0.9701124429702759,0.009318920783698559,0.2424767017364502,0.006589360535144806,0.9999054670333862,-0.012065568938851357,-0.24256621301174165,-0.010107193142175675,-0.9700822234153748],[-12509.673828125,10.437682151794434,1048.7056884765626,-0.9701127409934998,0.009320581331849099,0.2424755096435547,0.006572953425347805,0.9999047517776489,-0.012138080783188343,-0.24256554245948792,-0.010181526653468609,-0.9700815677642822],[-12511.4130859375,10.565853118896485,1055.6646728515626,-0.9701125025749207,0.009289038367569447,0.2424776405096054,0.006519902963191271,0.9999040961265564,-0.012220128439366818,-0.24256789684295655,-0.010273968800902367,-0.9700800180435181],[-12513.1025390625,10.689910888671875,1062.43115234375,-0.9701114296913147,0.009308404289186,0.24248117208480836,0.006529754027724266,0.9999035000801086,-0.012260404415428639,-0.2425719052553177,-0.010310616344213486,-0.9700786471366882],[-12514.8798828125,10.820141792297364,1069.548095703125,-0.9701109528541565,0.009321791119873524,0.2424827367067337,0.0065344893373548988,0.9999030232429504,-0.012296578846871853,-0.2425738424062729,-0.010344544425606728,-0.9700778126716614],[-12516.75,10.957069396972657,1077.022216796875,-0.9701107740402222,0.00932701863348484,0.2424832135438919,0.006529538426548243,0.9999025464057922,-0.012337902560830117,-0.24257466197013856,-0.010385829024016858,-0.9700771570205689],[-12518.4287109375,11.06391429901123,1083.740966796875,-0.9701172709465027,0.00919543206691742,0.24246223270893098,0.006603571120649576,0.9999120831489563,-0.011500285938382149,-0.2425466626882553,-0.009555509313941002,-0.9700926542282105],[-12520.265625,11.145258903503418,1091.1016845703126,-0.9701130390167236,0.008632216602563858,0.24249988794326783,0.006688953377306461,0.9999386072158814,-0.008835656568408013,-0.24256126582622529,-0.0069495150819420818,-0.9701111912727356],[-12522.048828125,11.2255220413208,1098.2523193359376,-0.9701153635978699,0.008037688210606575,0.2425108700990677,0.006700593512505293,0.9999574422836304,-0.006337849423289299,-0.24255149066448213,-0.004523478448390961,-0.9701279997825623],[-12523.8916015625,11.313321113586426,1105.7625732421876,-0.9705566167831421,0.00604110024869442,0.2407972365617752,0.005354859866201878,0.9999794960021973,-0.0035041170194745065,-0.2408134788274765,-0.002111508511006832,-0.9705691337585449],[-12525.5947265625,11.378385543823243,1113.3603515625,-0.972460150718689,0.002901527564972639,0.2330511212348938,0.002701925579458475,0.9999956488609314,-0.001175707788206637,-0.233053520321846,-0.0005136420950293541,-0.9724637866020203],[-12527.064453125,11.403918266296387,1121.0701904296876,-0.9763167500495911,-0.0016323798336088658,0.21633990108966828,-0.001395235420204699,0.9999982714653015,0.0012488921638578177,-0.21634157001972199,0.0009174691513180733,-0.976317286491394],[-12528.1806640625,11.433553695678711,1128.898193359375,-0.9818580746650696,-0.00609244592487812,0.1895195096731186,-0.005514886230230331,0.9999784231185913,0.0035747182555496694,-0.1895371973514557,0.0024646874517202379,-0.9818704724311829],[-12528.7939453125,11.447017669677735,1135.9169921875,-0.9875788688659668,-0.008998499251902104,0.15686629712581635,-0.008189433254301548,0.9999496340751648,0.005803254898637533,-0.15691061317920686,0.0044465260580182079,-0.9876027703285217],[-12528.9873046875,11.402448654174805,1143.324462890625,-0.9934389591217041,-0.012004967778921128,0.11373177170753479,-0.011138180270791054,0.9999039173126221,0.008253737352788449,-0.11381992697715759,0.006932819727808237,-0.9934772253036499],[-12528.62109375,11.342594146728516,1151.1036376953126,-0.9981600642204285,-0.015557965263724327,0.058604102581739429,-0.014908199198544026,0.9998226165771484,0.01150835957378149,-0.05877275392413139,0.010613502934575081,-0.9982149600982666],[-12527.619140625,11.277399063110352,1159.220703125,-0.9998502731323242,-0.016356559470295907,-0.005651297979056835,-0.016438806429505349,0.9997549057006836,0.01482736598700285,0.00540738832205534,0.014918046072125435,-0.9998741149902344],[-12526.0712890625,11.204955101013184,1167.009033203125,-0.9973438382148743,-0.01612337864935398,-0.07103056460618973,-0.017375871539115907,0.9997036457061768,0.017050666734576227,0.07073459774255753,0.018239594995975496,-0.9973284006118774],[-12524.08984375,11.061904907226563,1174.4591064453126,-0.9908979535102844,-0.015878867357969285,-0.13367527723312379,-0.018791278824210168,0.9996121525764465,0.020553773269057275,0.13329707086086274,0.022878620773553849,-0.9908120036125183],[-12521.505859375,10.913776397705079,1182.15771484375,-0.979856550693512,-0.01610448956489563,-0.19905221462249757,-0.021283991634845735,0.999487578868866,0.023908408358693124,0.19856517016887666,0.02766343764960766,-0.9796972274780273],[-12518.556640625,10.811169624328614,1189.452880859375,-0.9657446146011353,-0.013385651633143425,-0.2591489255428314,-0.020496968179941179,0.9994832873344421,0.02475835010409355,0.25868362188339236,0.02922200970351696,-0.9655199646949768],[-12514.8583984375,10.59977912902832,1197.2452392578126,-0.9461284279823303,-0.01402521412819624,-0.32348766922950747,-0.02483108639717102,0.9992621541023254,0.029301060363650323,0.32283803820610049,0.03575511649250984,-0.9457786083221436],[-12510.943359375,10.414959907531739,1204.28076171875,-0.923888087272644,-0.016290703788399698,-0.38231581449508669,-0.030707670375704767,0.9990275502204895,0.03163768723607063,0.38142862915992739,0.04096971079707146,-0.9234899282455444],[-12506.34375,10.227612495422364,1211.36083984375,-0.8953469395637512,-0.00670442683622241,-0.44531890749931338,-0.026346398517489435,0.998932957649231,0.037932127714157107,0.44458943605422976,0.04569496586918831,-0.894568145275116],[-12501.5673828125,10.065461158752442,1217.91943359375,-0.8618549704551697,-0.016562895849347116,-0.5068842768669128,-0.038540299981832507,0.9987154006958008,0.032896123826503757,0.5056883096694946,0.047887157648801807,-0.8613861799240112],[-12496.0498046875,9.907486915588379,1224.4827880859376,-0.8258670568466187,-0.018901797011494638,-0.5635479688644409,-0.0422946996986866,0.9986990094184876,0.028484873473644258,0.5622763633728027,0.047359809279441836,-0.8255921006202698],[-12490.2509765625,9.760432243347168,1230.4571533203126,-0.7871695160865784,-0.017105795443058015,-0.6164994239807129,-0.04171544313430786,0.9988027811050415,0.025550400838255883,0.6153242588043213,0.04583004489541054,-0.7869406938552856],[-12483.734375,9.634456634521485,1236.3062744140626,-0.7439193725585938,-0.014686722308397293,-0.6681079864501953,-0.041957780718803409,0.9988124966621399,0.02476234920322895,0.6669509410858154,0.04645352065563202,-0.7436521649360657],[-12477.0556640625,9.557315826416016,1241.53125,-0.6997184157371521,-0.0156883355230093,-0.7142464518547058,-0.044441621750593188,0.9987784624099731,0.02159961871802807,0.7130351066589356,0.04685591906309128,-0.6995609402656555],[-12469.69140625,9.474472999572754,1246.5660400390626,-0.6510547995567322,-0.014617746695876122,-0.7588899731636047,-0.044865645468235019,0.9988074898719788,0.019251378253102304,0.7577036023139954,0.04658178985118866,-0.6509342193603516],[-12462.0078125,9.30424690246582,1251.2760009765626,-0.6010892391204834,-0.015840739011764528,-0.7990249395370483,-0.058246273547410968,0.9980129599571228,0.02403172105550766,0.7970565557479858,0.06098543107509613,-0.6008175015449524],[-12454.3427734375,9.288008689880371,1255.345703125,-0.5493776798248291,-0.015520582906901837,-0.8354300260543823,-0.059037946164608,0.9980496764183044,0.020281551405787469,0.8334859013557434,0.06046430394053459,-0.5492225289344788],[-12445.6962890625,9.320185661315918,1259.1259765625,-0.4889878034591675,-0.012055906467139721,-0.8722072839736939,-0.04864666983485222,0.9987252354621887,0.01346823200583458,0.8709331154823303,0.04901578277349472,-0.4889509379863739],[-12437.2158203125,9.275091171264649,1262.432861328125,-0.4304654002189636,-0.023139216005802156,-0.9023104310035706,-0.06412346661090851,0.9979294538497925,0.00500008650124073,0.9003264307975769,0.060011640191078189,-0.431057870388031],[-12428.82421875,9.228377342224121,1265.32080078125,-0.38890644907951357,-0.01469279546290636,-0.921160101890564,-0.0690692812204361,0.9975239038467407,0.013249675743281842,0.9186844825744629,0.06877674907445908,-0.38895827531814577],[-12419.9892578125,9.159664154052735,1268.1905517578126,-0.3615729808807373,-0.00010331301018595695,-0.9323437809944153,-0.042930491268634799,0.99894118309021,0.016538213938474656,0.9313548803329468,0.04600575193762779,-0.36119455099105837],[-12411.1328125,9.149364471435547,1271.194091796875,-0.3460301458835602,0.0012220926582813264,-0.9382225871086121,-0.029127614572644235,0.9995031356811523,0.012044602073729039,0.9377711415290833,0.03149598091840744,-0.34582260251045229],[-12402.5625,9.110227584838868,1274.1881103515626,-0.3402222692966461,0.00044805160723626614,-0.9403449296951294,-0.02649771049618721,0.9995982050895691,0.010063310153782368,0.9399716258049011,0.028340749442577363,-0.34007370471954348],[-12393.6279296875,9.165119171142579,1277.4876708984376,-0.33662188053131106,-0.011311931535601616,-0.9415719509124756,-0.04803851246833801,0.998832106590271,0.005174425896257162,0.9404137134552002,0.046973541378974918,-0.3367721438407898],[-12384.1982421875,9.124387741088868,1280.8204345703126,-0.3366864323616028,-0.007543317973613739,-0.9415866136550903,-0.046646300703287128,0.998873770236969,0.008677219040691853,0.940460741519928,0.0468430332839489,-0.33665910363197329],[-12375.0546875,9.100330352783204,1284.009521484375,-0.3354281485080719,-0.0029693779069930317,-0.9420611262321472,-0.035289060324430469,0.9993327856063843,0.009415045380592347,0.9414045810699463,0.03640252351760864,-0.33530914783477785],[-12365.8828125,9.12686538696289,1287.32666015625,-0.3353789448738098,-0.006858322769403458,-0.9420583248138428,-0.04293007776141167,0.9990459680557251,0.00801018811762333,0.9411046504974365,0.0431290864944458,-0.33535340428352358],[-12356.6533203125,9.16800308227539,1290.69287109375,-0.33505505323410036,-0.013074139133095742,-0.9421078562736511,-0.05479584261775017,0.9984816908836365,0.005631345324218273,0.9406037926673889,0.053510405123233798,-0.3352627456188202],[-12347.333984375,9.196036338806153,1294.0245361328126,-0.3345976173877716,-0.014092215336859227,-0.9422557353973389,-0.05900166556239128,0.9982396960258484,0.0060221534222364429,0.9405122399330139,0.05760965496301651,-0.3348400890827179],[-12337.912109375,9.161605834960938,1297.3336181640626,-0.33385133743286135,-0.008743922226130963,-0.9425851702690125,-0.0509069561958313,0.998664915561676,0.00876643043011427,0.9412500858306885,0.0509108