{"DriveData":[[-7466.287109375,10.396134376525879,-7317.51220703125,0.4723685085773468,0.004522606730461121,-0.8813895583152771,0.001568654435686767,0.9999809265136719,0.005971824284642935,0.8813997507095337,-0.004203497432172298,0.47235241532325747],[-7466.287109375,10.396135330200196,-7317.51220703125,0.47236788272857668,0.004522122908383608,-0.8813899159431458,0.0015693571185693145,0.9999809265136719,0.0059716482646763329,0.8814001083374023,-0.0042040301486849789,0.4723517894744873],[-7466.287109375,10.396147727966309,-7317.51220703125,0.4723687767982483,0.004522076807916164,-0.8813894391059876,0.0015690206782892347,0.9999809265136719,0.005971420556306839,0.8813996315002441,-0.004203631076961756,0.47235268354415896],[-7466.287109375,10.396170616149903,-7317.51220703125,0.4723683297634125,0.004522003699094057,-0.8813896179199219,0.001569488551467657,0.9999809265136719,0.0059715863317251209,0.8813998699188232,-0.004204119089990854,0.4723522365093231],[-7466.27294921875,10.396137237548829,-7317.51904296875,0.4723705053329468,0.00452086515724659,-0.8813884854316711,0.0015713355969637633,0.9999809265136719,0.005971296224743128,0.8813986778259277,-0.004205621313303709,0.4723544120788574],[-7466.22216796875,10.396075248718262,-7317.54638671875,0.47237029671669009,0.004518889356404543,-0.8813886046409607,0.0015736731002107263,0.9999809265136719,0.005970305763185024,0.8813987970352173,-0.004207212943583727,0.4723541736602783],[-7466.0986328125,10.395878791809082,-7317.61279296875,0.47237056493759158,0.004515624605119228,-0.8813884854316711,0.001579392235726118,0.9999809265136719,0.005969668738543987,0.881398618221283,-0.004211953841149807,0.4723544418811798],[-7465.87890625,10.39569091796875,-7317.73046875,0.47237104177474978,0.004513909108936787,-0.881388247013092,0.0015797617379575968,0.9999809265136719,0.005967922508716583,0.8813983798027039,-0.004211457446217537,0.472354918718338],[-7465.4794921875,10.398491859436036,-7317.94384765625,0.472310334444046,0.004517458379268646,-0.8814207315444946,0.0015848673647269607,0.9999809265136719,0.00597435561940074,0.8814309239387512,-0.00421868497505784,0.4722941517829895],[-7464.93017578125,10.399238586425782,-7318.23974609375,0.4722118079662323,0.004747566767036915,-0.8814723491668701,0.0015761208487674595,0.9999793767929077,0.006230180151760578,0.8814837336540222,-0.004331271629780531,0.4721945822238922],[-7464.2685546875,10.417619705200196,-7318.5947265625,0.47218582034111025,0.004193251021206379,-0.8814890384674072,0.0015666658291593195,0.9999831318855286,0.005596141796559095,0.8814976215362549,-0.004023417364805937,0.47217127680778506],[-7463.4853515625,10.438338279724121,-7319.0078125,0.47212356328964236,0.0040617589838802818,-0.8815230131149292,0.0011432436294853688,0.9999856948852539,0.005219890270382166,0.8815316557884216,-0.003472228767350316,0.47211217880249026],[-7462.52734375,10.441304206848145,-7319.52099609375,0.4721260368824005,0.0038587877061218025,-0.8815225958824158,0.0011328706750646234,0.9999869465827942,0.004984098020941019,0.8815303444862366,-0.0033517733681946995,0.47211548686027529],[-7461.4072265625,10.441930770874024,-7320.119140625,0.47213494777679446,0.003851531771942973,-0.8815178871154785,0.0011179721914231778,0.999987006187439,0.004967926070094109,0.8815255761146545,-0.003331043990328908,0.47212451696395876],[-7460.22021484375,10.441427230834961,-7320.7548828125,0.472118079662323,0.003839955199509859,-0.8815269470214844,0.0011234973790124059,0.9999870657920837,0.004957680590450764,0.8815346360206604,-0.0033310039434581997,0.4721076488494873],[-7458.82568359375,10.44365119934082,-7321.5009765625,0.4721282124519348,0.0037423311732709409,-0.8815219402313232,0.0011213024845346809,0.9999876022338867,0.004845805000513792,0.8815291523933411,-0.003276294097304344,0.47211816906929018],[-7457.20068359375,10.442680358886719,-7322.37109375,0.4721330404281616,0.003711672266945243,-0.8815194964408875,0.0011108368635177613,0.9999878406524658,0.00480544101446867,0.8815265893936157,-0.003248031949624419,0.4721231758594513],[-7455.4560546875,10.44308090209961,-7323.30517578125,0.4721333682537079,0.0037065751384943725,-0.8815193176269531,0.0011083295103162528,0.9999879002571106,0.004798317328095436,0.8815264105796814,-0.003242459613829851,0.47212353348731997],[-7453.45556640625,10.441417694091797,-7324.37646484375,0.4721321761608124,0.0037039369344711305,-0.8815199732780457,0.0011026448337361217,0.9999879002571106,0.004792275372892618,0.8815270662307739,-0.003234590869396925,0.4721224009990692],[-7451.33349609375,10.43912410736084,-7325.48828125,0.4712327718734741,0.0036753613967448475,-0.8820012211799622,0.0011617139680311084,0.9999878406524658,0.0047876969911158089,0.8820081353187561,-0.0032807528041303159,0.47122278809547427],[-7448.888671875,10.446682929992676,-7326.62548828125,0.4651454985141754,0.003147249575704336,-0.8852286338806152,0.002315335441380739,0.999985933303833,0.004771844018250704,0.8852311968803406,-0.004269203171133995,0.4651316702365875],[-7446.05810546875,10.447654724121094,-7327.65673828125,0.4494786858558655,0.0029579680413007738,-0.8932861685752869,0.003533911192789674,0.9999808073043823,0.005089443176984787,0.8932840824127197,-0.0054443902336061,0.44945961236953738],[-7443.16650390625,10.446483612060547,-7328.41064453125,0.42518705129623415,0.0020997400861233474,-0.9051030874252319,0.006131444592028856,0.9999676942825317,0.0052001625299453739,0.9050847291946411,-0.0077606309205293659,0.4251604378223419],[-7440.42578125,10.445310592651368,-7328.8837890625,0.3964332044124603,0.0019912708085030319,-0.9180614352226257,0.006777402479201555,0.9999640583992004,0.005095505155622959,0.918038547039032,-0.008242098614573479,0.3964054584503174],[-7436.89453125,10.447357177734375,-7329.2216796875,0.35471779108047488,0.002060415456071496,-0.9349711537361145,0.007420118898153305,0.9999598860740662,0.0050187441520392899,0.9349439740180969,-0.008717834949493409,0.35468825697898867],[-7433.34423828125,10.42871379852295,-7329.47509765625,0.3156936466693878,0.004347243811935186,-0.9488512277603149,0.003671650541946292,0.999976396560669,0.0058030784130096439,0.9488540887832642,-0.005315844900906086,0.3156702220439911],[-7429.98388671875,10.417383193969727,-7329.87939453125,0.2894721031188965,0.005551781039685011,-0.9571703672409058,0.002082465449348092,0.999977171421051,0.006429858505725861,0.9571841955184937,-0.003854538779705763,0.28945392370224],[-7426.4140625,10.410846710205079,-7330.5341796875,0.274109810590744,0.0065290373750030998,-0.9616762399673462,0.00030334905022755265,0.9999763369560242,0.006875529885292053,0.9616983532905579,-0.0021763737313449384,0.2741013169288635],[-7422.72314453125,10.415891647338868,-7331.3251953125,0.26391586661338808,0.006457351613789797,-0.9645240902900696,0.0004717717529274523,0.999976634979248,0.006823788397014141,0.9645456075668335,-0.0022559412755072119,0.26390665769577029],[-7418.70751953125,10.42983627319336,-7332.10400390625,0.25121331214904787,0.005812765099108219,-0.9679142832756043,0.001745980465784669,0.9999776482582092,0.006458473391830921,0.9679301977157593,-0.0033124140463769438,0.25119754672050478],[-7415.2744140625,10.438624382019043,-7332.57470703125,0.23407742381095887,0.004727786872535944,-0.9722064733505249,0.004444906488060951,0.9999725222587586,0.005933008622378111,0.97220778465271,-0.005710150580853224,0.2340499758720398],[-7411.03271484375,10.441451072692871,-7332.8466796875,0.20358538627624513,0.004354647360742092,-0.9790475368499756,0.006456576753407717,0.9999623894691467,0.005790269002318382,0.9790359139442444,-0.007500109728425741,0.20354962348937989],[-7406.4716796875,10.442635536193848,-7332.8076171875,0.16281795501708985,0.004220442846417427,-0.9866471290588379,0.00766333844512701,0.9999552965164185,0.005541984923183918,0.986626386642456,-0.008463345468044281,0.1627783328294754],[-7401.97509765625,10.451275825500489,-7332.42138671875,0.11674470454454422,0.004209768958389759,-0.9931530356407166,0.009036838077008725,0.9999451041221619,0.005300835706293583,0.9931208491325378,-0.009593808092176915,0.11670025438070297],[-7397.427734375,10.501908302307129,-7331.654296875,0.064094178378582,0.0029424356762319805,-0.9979395270347595,0.007828996516764164,0.9999634027481079,0.0034512323327362539,0.997913122177124,-0.00803406909108162,0.06406880170106888],[-7393.08984375,10.948770523071289,-7330.4404296875,0.008759724907577038,-0.016745109111070634,-0.9998214244842529,-0.02502363547682762,0.9995430111885071,-0.01695968583226204,0.9996484518051148,0.02516772970557213,0.008336697705090046],[-7389.1103515625,12.024017333984375,-7328.98486328125,-0.03789278492331505,-0.07054110616445542,-0.9967888593673706,-0.06951063126325607,0.9952751398086548,-0.06779154390096665,0.9968612790107727,0.06671861559152603,-0.042617104947566989],[-7384.94873046875,12.87080192565918,-7327.94140625,-0.06968139857053757,-0.11357221752405167,-0.9910831451416016,-0.07643671333789826,0.991185188293457,-0.1082097664475441,0.994636595249176,0.06821493059396744,-0.07774825394153595],[-7380.66015625,13.160818099975586,-7327.3662109375,-0.08142445981502533,-0.12871108949184419,-0.9883337020874023,-0.0727105438709259,0.9897512197494507,-0.12290538847446442,0.9940237402915955,0.061854779720306399,-0.0899486094713211],[-7376.36962890625,13.30827522277832,-7326.943359375,-0.08956915885210037,-0.13575534522533418,-0.9866852760314941,-0.05893652141094208,0.9896536469459534,-0.1308136284351349,0.9942353367805481,0.046434931457042697,-0.09664338827133179],[-7372.3994140625,13.802377700805664,-7326.57275390625,-0.09685543179512024,-0.15107402205467225,-0.9837660789489746,-0.033281974494457248,0.9883519411087036,-0.14850153028964997,0.9947418570518494,0.018358496949076654,-0.10075529664754868],[-7368.43896484375,14.312640190124512,-7325.439453125,-0.10047359019517899,-0.15955927968025208,-0.982062041759491,-0.07757356762886048,0.9853084087371826,-0.15215027332305909,0.991910994052887,0.06089496985077858,-0.11137505620718003],[-7364.8125,14.707273483276368,-7323.74462890625,-0.10939548909664154,-0.16186180710792542,-0.9807310700416565,-0.16486422717571259,0.9759414792060852,-0.1426815688610077,0.9802308082580566,0.14607875049114228,-0.13344882428646089],[-7361.30419921875,15.190589904785157,-7321.60009765625,-0.12508465349674226,-0.17254872620105744,-0.9770264625549316,-0.26227933168411257,0.9554789662361145,-0.1351647675037384,0.9568507671356201,0.23934681713581086,-0.16477172076702119],[-7357.85546875,15.453152656555176,-7319.509765625,-0.1657051146030426,-0.17561060190200807,-0.9704136848449707,-0.2979891300201416,0.9469358325004578,-0.12047815322875977,0.9400767683982849,0.2692088782787323,-0.20924216508865357],[-7354.4775390625,15.238941192626954,-7317.642578125,-0.226310133934021,-0.15465180575847627,-0.9616998434066773,-0.27694711089134219,0.9567834138870239,-0.0886891633272171,0.9338544011116028,0.24626873433589936,-0.2593601644039154],[-7350.57373046875,14.44598388671875,-7315.6259765625,-0.30144578218460085,-0.0964776799082756,-0.9485897421836853,-0.23843875527381898,0.9708857536315918,-0.022973522543907167,0.9231886863708496,0.21925529837608338,-0.31567344069480898],[-7346.830078125,12.748915672302246,-7313.705078125,-0.3706202208995819,0.012303614988923073,-0.9287030100822449,-0.18009977042675019,0.9799814224243164,0.08485589921474457,0.9111557006835938,0.19870850443840028,-0.36098507046699526],[-7343.33935546875,11.337886810302735,-7312.17919921875,-0.41428157687187197,0.14269720017910005,-0.8988928198814392,-0.052793238312006,0.9822023510932922,0.1802537441253662,0.9086163640022278,0.12213126569986344,-0.3993748724460602],[-7340.17138671875,10.834056854248047,-7310.1904296875,-0.4529552459716797,0.21425339579582215,-0.8654056787490845,0.03541974350810051,0.9742519855499268,0.2226623147726059,0.8908293843269348,0.07020360976457596,-0.4488813281059265],[-7337.30419921875,10.608038902282715,-7307.34228515625,-0.5125049352645874,0.22549757361412049,-0.8285466432571411,0.05499913915991783,0.971541702747345,0.23039494454860688,0.8569210767745972,0.07250919938087464,-0.510322093963623],[-7334.80810546875,10.20482063293457,-7304.154296875,-0.5769633650779724,0.2196548581123352,-0.786679744720459,0.07071597129106522,0.9729766845703125,0.21980804204940797,0.8137030005455017,0.07119036465883255,-0.5769050121307373],[-7332.41748046875,9.689610481262207,-7300.68896484375,-0.637955367565155,0.22678248584270478,-0.7359229922294617,0.11455779522657395,0.9729681611061096,0.20052286982536317,0.7615047097206116,0.04361892491579056,-0.6466900110244751],[-7330.1015625,8.955633163452149,-7296.80908203125,-0.691486656665802,0.23056846857070924,-0.6846053004264832,0.18653741478919984,0.9725462198257446,0.13913176953792573,0.6978896856307983,-0.03149674832820892,-0.7155123353004456],[-7328.064453125,8.596823692321778,-7292.49560546875,-0.7406064867973328,0.21792055666446687,-0.6356199383735657,0.20043905079364777,0.9745306372642517,0.1005692407488823,0.6413472294807434,-0.05292081832885742,-0.7654234766960144],[-7326.4873046875,8.42147445678711,-7287.474609375,-0.7942218780517578,0.12698039412498475,-0.5942116975784302,0.09516634047031403,0.9918467998504639,0.08475413918495178,0.6001291275024414,0.010764634236693383,-0.7998307347297669],[-7324.890625,8.39135456085205,-7282.095703125,-0.8421252369880676,0.09030397981405258,-0.5316674709320068,0.06374073773622513,0.9956369400024414,0.0681484118103981,0.5355018377304077,0.023500625044107438,-0.8442070484161377],[-7323.44970703125,8.347989082336426,-7276.830078125,-0.8830037713050842,0.08677546679973602,-0.4612746834754944,0.07121388614177704,0.9961525797843933,0.05107470974326134,0.46393197774887087,0.012250000610947609,-0.8857861161231995],[-7322.29443359375,8.361559867858887,-7271.396484375,-0.9162255525588989,0.0862509235739708,-0.39126911759376528,0.08009400218725205,0.9962714910507202,0.03206275403499603,0.3925757110118866,-0.0019615977071225645,-0.9197176098823547],[-7321.5322265625,8.391366958618164,-7265.7724609375,-0.9438771605491638,0.08385155349969864,-0.31947585940361025,0.08366453647613526,0.9963908791542053,0.014335588552057743,0.319524884223938,-0.013197766616940499,-0.9474859833717346],[-7321.318359375,8.880550384521485,-7260.12841796875,-0.9668743014335632,0.07115185260772705,-0.24513570964336396,0.07846597582101822,0.9967123866081238,-0.02018801122903824,0.24289338290691377,-0.03875408321619034,-0.9692785739898682],[-7321.607421875,9.554819107055664,-7254.458984375,-0.9826024174690247,0.043415725231170657,-0.18057560920715333,0.054176315665245059,0.9970105886459351,-0.055089641362428668,0.1776440292596817,-0.06391413509845734,-0.9820170998573303],[-7322.4140625,10.182092666625977,-7248.5888671875,-0.9935582280158997,0.021626118570566179,-0.11124005168676377,0.030899329110980035,0.9961263537406921,-0.08232589066028595,0.10902875661849976,-0.08523280918598175,-0.9903777837753296],[-7323.6142578125,10.777924537658692,-7242.98486328125,-0.9994712471961975,0.01687135174870491,-0.027795137837529184,0.019756058230996133,0.994061291217804,-0.10701347887516022,0.02582460828125477,-0.10750601440668106,-0.9938690066337586],[-7325.43603515625,11.448989868164063,-7237.05859375,-0.9982108473777771,-0.0015305826673284174,0.05977276712656021,-0.008656577207148075,0.9928394556045532,-0.1191423237323761,-0.059162404388189319,-0.11944658309221268,-0.9910763502120972],[-7327.38720703125,11.589128494262696,-7231.18603515625,-0.9904990196228027,-0.008919360116124154,0.1372300237417221,-0.021382302045822145,0.9957470297813416,-0.08961393684148789,-0.1358470916748047,-0.09169681370258331,-0.9864771962165833],[-7329.89892578125,11.731182098388672,-7225.4765625,-0.9747002720832825,-0.012042231857776642,0.2231912612915039,-0.02562752179801464,0.9979833960533142,-0.05807218700647354,-0.22204186022281648,-0.062322817742824557,-0.9730433225631714],[-7332.873046875,11.874955177307129,-7220.03515625,-0.9522127509117127,-0.020831961184740068,0.3047243356704712,-0.031176358461380006,0.9990895986557007,-0.029119856655597688,-0.3038402795791626,-0.03722849488258362,-0.951995313167572],[-7336.2216796875,11.957587242126465,-7214.93701171875,-0.9229806065559387,-0.02771947905421257,0.38384681940078738,-0.03224250674247742,0.9994657635688782,-0.00535249849781394,-0.3834933936595917,-0.017316436395049096,-0.9233812689781189],[-7339.90234375,11.949549674987793,-7209.9189453125,-0.8853321075439453,-0.001255176728591323,0.4649575650691986,0.0021373601630330087,0.99997478723526,0.006769259925931692,-0.46495434641838076,0.006986824795603752,-0.8853070735931397],[-7343.921875,11.968941688537598,-7205.36328125,-0.8444285988807678,0.01999211683869362,0.5352949500083923,0.028726041316986085,0.9995554089546204,0.007984126918017865,-0.5348973274230957,0.022118929773569108,-0.8446274995803833],[-7348.71533203125,11.974112510681153,-7201.1123046875,-0.7941015958786011,0.015949388965964319,0.6075757741928101,0.024934496730566026,0.9996689558029175,0.006347213871777058,-0.6072733998298645,0.020189927890896798,-0.7942363619804382],[-7353.693359375,11.970891952514649,-7197.373046875,-0.73978191614151,0.013666737824678421,0.6727078557014465,0.024001246318221093,0.9996933937072754,0.006084574852138758,-0.672418475151062,0.020647086203098298,-0.7398831248283386],[-7358.78955078125,11.969069480895996,-7194.1494140625,-0.6824328303337097,0.012336562387645245,0.7308441996574402,0.024197624996304513,0.99969083070755,0.005720104556530714,-0.7305476665496826,0.0215882807970047,-0.6825203895568848],[-7364.60791015625,11.966813087463379,-7191.10986328125,-0.6155872941017151,0.010856764391064644,0.7879939079284668,0.024357642978429796,0.999689519405365,0.005254942458122969,-0.7876921892166138,0.022428549826145173,-0.6156606078147888],[-7370.48486328125,11.965187072753907,-7188.650390625,-0.5464736819267273,0.009360863827168942,0.8374239802360535,0.024767925962805749,0.999680757522583,0.0049880859442055229,-0.8371099829673767,0.023467112332582475,-0.546531081199646],[-7376.59033203125,11.963432312011719,-7186.66943359375,-0.4735621213912964,0.007604268845170736,0.8807275891304016,0.02515234239399433,0.9996716380119324,0.00489302771165967,-0.8804011940956116,0.024469513446092607,-0.473597913980484],[-7383.130859375,11.96701717376709,-7185.14599609375,-0.39461565017700198,0.005054119974374771,0.9188323616981506,0.02527199313044548,0.9996662735939026,0.005354938562959433,-0.918498694896698,0.025333868339657785,-0.3946116864681244],[-7389.58251953125,11.969133377075196,-7184.22216796875,-0.31571999192237856,0.002040859777480364,0.9488502144813538,0.024030258879065515,0.9996941685676575,0.0058455984108150009,-0.9485480785369873,0.024646688252687455,-0.31567245721817019],[-7396.11376953125,11.950018882751465,-7183.73095703125,-0.23982040584087373,-0.0010875886073336006,0.9708166718482971,0.021611230447888376,0.9997456073760986,0.006458609830588102,-0.9705767035484314,0.022529449313879014,-0.23973588645458222],[-7402.671875,11.935961723327637,-7183.42578125,-0.17952653765678407,-0.004083296284079552,0.9837446808815002,0.016401948407292367,0.9998399615287781,0.007143345661461353,-0.9836164116859436,0.017417749390006067,-0.17943082749843598],[-7409.498046875,11.923794746398926,-7183.0703125,-0.1397104412317276,-0.006477923132479191,0.9901711940765381,0.009801632724702359,0.9999205470085144,0.00792468897998333,-0.990143895149231,0.010812455788254738,-0.1396358460187912],[-7416.0908203125,11.931474685668946,-7182.50634765625,-0.1247803196310997,-0.007777511142194271,0.9921538829803467,0.0038776828441768886,0.999957799911499,0.00832637120038271,-0.9921768307685852,0.004886225331574678,-0.12474489957094193],[-7422.712890625,11.941522598266602,-7181.62841796875,-0.1282987743616104,-0.008205153979361058,0.991701602935791,-0.0013634212082251907,0.9999662637710571,0.008097145706415177,-0.9917346239089966,-0.00031325314193964005,-0.12830564379692079],[-7429.57275390625,12.003954887390137,-7180.22900390625,-0.15104219317436219,-0.008489170111715794,0.988490879535675,-0.01163562387228012,0.9999091029167175,0.0068092974834144119,-0.9884588122367859,-0.010473215952515602,-0.15112724900245667],[-7436.072265625,12.03105640411377,-7178.19384765625,-0.1924012005329132,-0.009241019375622273,0.98127281665802,-0.016575004905462266,0.9998435974121094,0.006165994331240654,-0.9811763763427734,-0.015078257769346238,-0.1925242841243744],[-7441.96875,12.020182609558106,-7175.85302734375,-0.24002870917320252,-0.010181775316596032,0.970712423324585,-0.016697393730282785,0.9998403787612915,0.006358521990478039,-0.970622181892395,-0.01468213927000761,-0.24016039073467256],[-7448.7392578125,12.012011528015137,-7172.7578125,-0.2990434467792511,-0.011688980273902417,0.954167902469635,-0.017352024093270303,0.9998262524604797,0.006810060236603022,-0.9540817141532898,-0.014520240016281605,-0.2991943061351776],[-7454.98291015625,11.975341796875,-7169.64990234375,-0.34751245379447939,-0.01158012542873621,0.9376038312911987,-0.012108310125768185,0.9998958110809326,0.00786166824400425,-0.9375971555709839,-0.00862076971679926,-0.3476164638996124],[-7461.6181640625,11.947690963745118,-7166.55029296875,-0.3726297914981842,-0.010468227788805962,0.9279210567474365,-0.006534417625516653,0.9999411702156067,0.008656656369566918,-0.9279570579528809,-0.002837695414200425,-0.372676283121109],[-7468.15087890625,11.950540542602539,-7163.65869140625,-0.3813851475715637,-0.00959920883178711,0.9243664145469666,-0.004210210870951414,0.9999537467956543,0.008647061884403229,-0.9244066476821899,-0.0005939166294410825,-0.3814079165458679],[-7475.1142578125,11.939193725585938,-7160.8076171875,-0.37928783893585207,-0.007905802689492703,0.925244927406311,0.0001839697069954127,0.9999628067016602,0.008619648404419423,-0.9252787232398987,0.0034395449329167606,-0.37927231192588808],[-7481.74755859375,11.965160369873047,-7158.44921875,-0.3650204539299011,-0.004006719216704369,0.9309908747673035,0.00801833812147379,0.9999400973320007,0.007447266019880772,-0.9309649467468262,0.010183404199779034,-0.364966481924057],[-7487.8984375,11.95200252532959,-7156.626953125,-0.34481897950172427,-0.004523487761616707,0.9386582970619202,0.008744158782064915,0.9999295473098755,0.008030952885746956,-0.9386284947395325,0.010977002792060376,-0.3447551131248474],[-7494.7412109375,11.941458702087403,-7154.654296875,-0.3276110887527466,-0.006336366292089224,0.9447914361953735,0.005032452754676342,0.9999516010284424,0.00845133326947689,-0.9447992444038391,0.007523368578404188,-0.3275633752346039],[-7501.82568359375,11.950987815856934,-7152.48681640625,-0.31829679012298586,-0.007046837825328112,0.9479649066925049,0.0026209927164018156,0.9999620318412781,0.00831341277807951,-0.9479874968528748,0.005130741745233536,-0.31826621294021609],[-7508.43017578125,11.950369834899903,-7150.4306640625,-0.3124537765979767,-0.007356639485806227,0.9499045014381409,0.0023898514918982984,0.9999607801437378,0.008530404418706894,-0.94992995262146,0.004935487639158964,-0.3124239444732666],[-7515.70263671875,11.971755027770996,-7148.3916015625,-0.2987405061721802,-0.004961422644555569,0.9543215036392212,0.006441210862249136,0.9999532103538513,0.007215011864900589,-0.9543126225471497,0.008302402682602406,-0.29869458079338076],[-7522.91162109375,11.973997116088868,-7146.83837890625,-0.2725915014743805,-0.003484458429738879,0.9621235728263855,0.011366644874215126,0.9999119639396668,0.006841743364930153,-0.9620627164840698,0.012801118195056916,-0.27252790331840517],[-7530.3154296875,11.982773780822754,-7145.8466796875,-0.23146207630634309,-0.002432282315567136,0.9728409051895142,0.01593433879315853,0.999853253364563,0.006290977820754051,-0.9727134108543396,0.01695770025253296,-0.2313893437385559],[-7538.1455078125,11.979205131530762,-7145.39013671875,-0.17749835550785066,-0.003146871691569686,0.9841160774230957,0.016702575609087945,0.9998412132263184,0.006209685932844877,-0.983979344367981,0.017539482563734056,-0.1774176061153412],[-7545.4560546875,11.978856086730957,-7145.47265625,-0.11639179289340973,-0.0037235761992633344,0.993196427822113,0.01775265671312809,0.9998254179954529,0.005828846711665392,-0.9930447340011597,0.0183103047311306,-0.11630536615848541],[-7553.07421875,11.973531723022461,-7146.13330078125,-0.041775353252887729,-0.005060502793639898,0.9991142153739929,0.01962251029908657,0.9997901320457459,0.005884390324354172,-0.9989343285560608,0.019850950688123704,-0.04166729003190994],[-7560.9443359375,11.955081939697266,-7147.42041015625,0.03728991746902466,-0.007332151290029287,0.9992775917053223,0.022255543619394304,0.9997311234474182,0.0065049719996750359,-0.9990566372871399,0.021996894851326944,0.037443071603775027],[-7567.29052734375,11.948939323425293,-7148.91552734375,0.10057132691144943,-0.008870723657310009,0.9948903322219849,0.023376168683171274,0.9997052550315857,0.006550608202815056,-0.994655191898346,0.022597920149564744,0.10074905306100846],[-7574.69482421875,11.940508842468262,-7151.13818359375,0.1713208705186844,-0.010860593058168888,0.9851554036140442,0.024196412414312364,0.9996840357780457,0.006812946405261755,-0.9849181175231934,0.022670026868581773,0.17152951657772065],[-7582.2822265625,11.950583457946778,-7153.79296875,0.23101994395256043,-0.010633631609380246,0.9728909134864807,0.0200528372079134,0.9997798800468445,0.006165835540741682,-0.9727423191070557,0.01808479242026806,0.23118233680725099],[-7589.60791015625,11.756767272949219,-7156.5556640625,0.2678971290588379,-0.015409516170620919,0.9633243083953857,-0.009212720207870007,0.9997854232788086,0.01855478063225746,-0.9634034633636475,-0.013845609501004219,0.26769769191741946],[-7597.0615234375,11.40952205657959,-7159.08203125,0.27894335985183718,-0.02585931122303009,0.9599593281745911,-0.03867683187127113,0.9985237717628479,0.0381368063390255,-0.959528386592865,-0.04776619374752045,0.2775314152240753],[-7604.662109375,11.02791976928711,-7161.16650390625,0.27419063448905947,-0.04115987569093704,0.9607941508293152,-0.04029414802789688,0.9977145791053772,0.0542406365275383,-0.960830807685852,-0.053586654365062717,0.27190548181533816],[-7612.28955078125,10.851726531982422,-7162.99267578125,0.24907641112804414,-0.032863885164260867,0.9679260849952698,-0.06227191537618637,0.9968125820159912,0.049869097769260409,-0.9664797782897949,-0.07269582897424698,0.24623599648475648],[-7620.28662109375,10.761086463928223,-7164.48388671875,0.21150727570056916,-0.014116635546088219,0.977274477481842,-0.11211863905191422,0.9929445385932922,0.03860833868384361,-0.9709243178367615,-0.11773662269115448,0.20843225717544557],[-7628.49169921875,10.728315353393555,-7165.07421875,0.1639777421951294,-0.0025485113728791477,0.9864607453346252,-0.1024543046951294,0.9945445656776428,0.01960020512342453,-0.9811291694641113,-0.10428114235401154,0.16282206773757935],[-7636.57763671875,10.56719970703125,-7164.99169921875,0.11598426103591919,-0.007282945793122053,0.9932243227958679,-0.05483212694525719,0.9984012842178345,0.013723954558372498,-0.9917364120483398,-0.05605236813426018,0.11539949476718903],[-7644.55419921875,10.754252433776856,-7164.12890625,0.04961656779050827,0.007151305675506592,0.9987427592277527,-0.0048983399756252769,0.9999640583992004,-0.00691670598462224,-0.9987563490867615,-0.004548998549580574,0.04964981600642204],[-7652.40283203125,11.10510540008545,-7162.7255859375,-0.029984669759869577,0.02835850417613983,0.9991480112075806,0.009692035615444184,0.999558687210083,-0.028079301118850709,-0.9995033740997315,0.008841829374432564,-0.03024628944694996],[-7660.18359375,11.466714859008789,-7160.8505859375,-0.11010956019163132,0.04301566630601883,0.9929881691932678,0.004781419411301613,0.999074399471283,-0.04274911805987358,-0.9939079284667969,0.000040805993194226178,-0.11021331697702408],[-7668.3125,11.678086280822754,-7158.12451171875,-0.18485239148139954,0.04730838164687157,0.9816269874572754,0.023221731185913087,0.9987720847129822,-0.0437617301940918,-0.9824919104576111,0.014705616980791092,-0.18572399020195008],[-7675.1015625,11.83306884765625,-7155.0458984375,-0.2592329978942871,0.04884478822350502,0.9645788669586182,0.05016264691948891,0.9980533123016357,-0.03705854341387749,-0.9645112752914429,0.038779035210609439,-0.26117852330207827],[-7682.0185546875,11.864745140075684,-7151.37548828125,-0.34024807810783389,0.03161247447133064,0.939804196357727,0.04978837072849274,0.9986385107040405,-0.01556604914367199,-0.9390166997909546,0.04149499908089638,-0.3413587510585785],[-7688.26953125,11.32059383392334,-7147.5927734375,-0.4096679985523224,-0.007648689206689596,0.9122026562690735,0.04183248057961464,0.9987553954124451,0.027161287143826486,-0.9112750291824341,0.04928680881857872,-0.408838152885437],[-7694.48583984375,10.017290115356446,-7143.3583984375,-0.4729108512401581,-0.07655098289251328,0.8777785897254944,0.030264630913734437,0.9942196607589722,0.1030111238360405,-0.8805903792381287,0.07528072595596314,-0.46786046028137209],[-7699.28662109375,10.321091651916504,-7140.10546875,-0.5170156359672546,-0.11796459555625916,0.8478084802627564,-0.05645165964961052,0.9930009841918945,0.10374109447002411,-0.854112446308136,0.00577556760981679,-0.5200563073158264],[-7703.9326171875,10.663982391357422,-7136.07861328125,-0.5671528577804565,-0.11012081056833267,0.8162175416946411,-0.0791424810886383,0.9937219619750977,0.07907644659280777,-0.8198012709617615,-0.019749047234654428,-0.5723075270652771],[-7707.71826171875,10.867233276367188,-7131.80859375,-0.6169796586036682,-0.07840412855148316,0.7830637693405151,-0.08485811203718186,0.9958513975143433,0.03284934535622597,-0.7823907136917114,-0.04618193581700325,-0.621073305606842],[-7710.93408203125,11.10842514038086,-7127.052734375,-0.6717464327812195,-0.04219159111380577,0.7395786643028259,-0.0972057357430458,0.9947643876075745,-0.03154081478714943,-0.7343757748603821,-0.09307871758937836,-0.6723306775093079],[-7713.6953125,11.568375587463379,-7122.5927734375,-0.7329366207122803,-0.05297897383570671,0.678230881690979,-0.12235752493143082,0.990971028804779,-0.05481862649321556,-0.6692029237747192,-0.12316523492336273,-0.7328013181686401],[-7716.009765625,12.041263580322266,-7117.6220703125,-0.7899839878082275,-0.05928688123822212,0.6102544069290161,-0.12077877670526505,0.9908592700958252,-0.06008698418736458,-0.6011137962341309,-0.12117353081703186,-0.7899234890937805],[-7717.62841796875,12.173895835876465,-7113.1376953125,-0.8331270813941956,-0.06795722991228104,0.5488907694816589,-0.11236047744750977,0.9925237894058228,-0.047662291675806048,-0.5415481328964233,-0.10138237476348877,-0.8345341682434082],[-7718.8125,12.13778018951416,-7108.2734375,-0.8767452836036682,-0.07595964521169663,0.47491875290870669,-0.10013748705387116,0.9946396350860596,-0.02577829733490944,-0.4704149067401886,-0.07015816867351532,-0.8796520233154297],[-7719.3681640625,12.034113883972168,-7103.6240234375,-0.9123246669769287,-0.06024862825870514,0.4050108790397644,-0.07018433511257172,0.9974867701530457,-0.009712555445730687,-0.4034078121185303,-0.0372864231467247,-0.9142602682113648],[-7719.505859375,11.977364540100098,-7099.15283203125,-0.9415725469589233,-0.03681079298257828,0.33479267358779909,-0.03814544156193733,0.9992688298225403,0.002590190852060914,-0.33464324474334719,-0.010331962257623673,-0.9422882795333862],[-7719.33203125,11.962873458862305,-7094.91845703125,-0.9641498327255249,-0.017347611486911775,0.26479074358940127,-0.015793025493621827,0.9998432993888855,0.007998957298696041,-0.2648880183696747,0.003530346555635333,-0.9642727375030518],[-7718.900390625,11.950833320617676,-7090.76904296875,-0.981819748878479,-0.010823694057762623,0.1895066648721695,-0.00925062783062458,0.9999150633811951,0.009183450601994992,-0.1895899623632431,0.007263438310474157,-0.9818364977836609],[-7718.20849609375,11.964420318603516,-7086.84033203125,-0.9934839606285095,-0.012035541236400605,0.11333487182855606,-0.011118478141725064,0.9999001622200012,0.008720261044800282,-0.1134285107254982,0.00740332854911685,-0.993518590927124],[-7717.25830078125,11.966802597045899,-7083.26904296875,-0.9991095066070557,-0.012426849454641343,0.04032038524746895,-0.012091396376490593,0.9998903274536133,0.0085529126226902,-0.04042224958539009,0.00805776659399271,-0.9991502165794373],[-7716.06787109375,11.959602355957032,-7079.9326171875,-0.9994127154350281,-0.012586495839059353,-0.03187236562371254,-0.012879293411970139,0.9998765587806702,0.00899798609316349,0.03175517916679382,0.009403195232152939,-0.9994514584541321],[-7714.72802734375,11.951215744018555,-7076.96728515625,-0.9949160814285278,-0.01242162473499775,-0.09993873536586762,-0.013470838777720929,0.999860942363739,0.009830585680902005,0.09980272501707077,0.01112686563283205,-0.9949450492858887],[-7713.40478515625,11.841216087341309,-7074.4609375,-0.9880895018577576,-0.00009439098357688636,-0.15388032793998719,-0.0024002159480005504,0.9998875856399536,0.014798822812736035,0.1538616418838501,0.01499190740287304,-0.9879786372184753],[-7712.24951171875,11.515175819396973,-7072.16259765625,-0.9807225465774536,0.006597896106541157,-0.19529388844966889,0.0003644487005658448,0.9994898438453674,0.03193702921271324,0.19540497660636903,0.03125018998980522,-0.980224609375],[-7711.4482421875,11.275369644165039,-7070.2578125,-0.9759730100631714,0.009654407389461995,-0.21767747402191163,-0.00006390845373971388,0.9990051984786987,0.04459430277347565,0.21789145469665528,0.043536748737096789,-0.9750014543533325],[-7710.8994140625,11.100796699523926,-7068.625,-0.9738429188728333,0.01162971556186676,-0.22692447900772096,-0.0003680615918710828,0.9986072778701782,0.05275743082165718,0.2272219955921173,0.05146097391843796,-0.9724823832511902],[-7710.556640625,10.976009368896485,-7067.38916015625,-0.9731767773628235,0.012994863092899323,-0.2296912670135498,-0.0005115966196171939,0.9982787370681763,0.058645542711019519,0.2300579994916916,0.05718998983502388,-0.9714950323104858],[-7710.36474609375,10.886775970458985,-7066.4814453125,-0.9734569787979126,0.014030653052031994,-0.22843952476978303,-0.00039762575761415064,0.998013973236084,0.06299198418855667,0.22886966168880464,0.061410821974277499,-0.9715180993080139],[-7710.30908203125,10.835569381713868,-7065.904296875,-0.9745029807090759,0.014962169341742993,-0.22387509047985078,0.00020545528968796134,0.997833251953125,0.06579352915287018,0.2243744134902954,0.06407000124454498,-0.9723945260047913],[-7710.3271484375,10.81065559387207,-7065.73193359375,-0.9752531051635742,0.015280285850167275,-0.22056257724761964,0.00042402828694321215,0.9977362751960754,0.0672469511628151,0.22109083831310273,0.0654892697930336,-0.973051905632019],[-7710.30810546875,10.844727516174317,-7066.06396484375,-0.9740564227104187,0.014454586431384087,-0.22584331035614015,-0.00040370752685703337,0.9978455305099487,0.0656060054898262,0.2263050526380539,0.0639951229095459,-0.971951961517334],[-7710.16796875,10.908430099487305,-7066.77294921875,-0.969770073890686,0.013321327045559883,-0.2436567097902298,-0.0018982799956575037,0.9980667233467102,0.06212211027741432,0.2440132051706314,0.060706689953804019,-0.9678699374198914],[-7709.90625,11.001120567321778,-7067.88232421875,-0.9613703489303589,0.01208390574902296,-0.27499282360076907,-0.0038438031915575268,0.998349130153656,0.057307951152324679,0.27523136138916018,0.05615118145942688,-0.9597368240356445],[-7709.57080078125,11.124017715454102,-7069.2822265625,-0.9483212232589722,0.01024957001209259,-0.3171464204788208,-0.006225531455129385,0.998684823513031,0.050890982151031497,0.31725090742111208,0.05023540183901787,-0.9470101594924927],[-7709.20849609375,11.289568901062012,-7070.9677734375,-0.9295905828475952,0.007590538822114468,-0.3685155212879181,-0.008803341537714005,0.9990455508232117,0.04278462380170822,0.3684885501861572,0.043016351759433749,-0.9286365509033203],[-7708.8388671875,11.471785545349121,-7072.89501953125,-0.9041370153427124,0.004290970042347908,-0.4272211194038391,-0.011256149969995022,0.9993632435798645,0.03385913744568825,0.42709437012672427,0.03542216494679451,-0.9035129547119141],[-7708.501953125,11.668891906738282,-7075.02294921875,-0.8732190728187561,-0.00009043310274137184,-0.48732784390449526,-0.013515345752239228,0.9996198415756226,0.0240319911390543,0.487140417098999,0.027571598067879678,-0.8728883266448975],[-7708.18896484375,11.89720344543457,-7077.39501953125,-0.8379794359207153,-0.005431375931948423,-0.5456748008728027,-0.015275713987648487,0.9997920989990234,0.013507106341421605,0.5454879403114319,0.019654249772429467,-0.8378881812095642],[-7707.89306640625,11.964418411254883,-7079.89990234375,-0.7973865270614624,0.002379855839535594,-0.6034641861915588,-0.004546430427581072,0.9999401569366455,0.009950839914381504,0.6034517884254456,0.010678273625671864,-0.797327995300293],[-7707.77783203125,11.950926780700684,-7082.271484375,-0.7549159526824951,0.008759449236094952,-0.6557630896568298,0.0028201306704431774,0.9999449253082275,0.010110367089509964,0.6558154821395874,0.005783139728009701,-0.7548990845680237],[-7707.86962890625,11.947501182556153,-7084.7783203125,-0.7054200768470764,0.008745248429477215,-0.708735466003418,0.002038637176156044,0.999944806098938,0.010309445671737194,0.7087864875793457,0.005827635992318392,-0.7053989768028259],[-7708.1484375,11.944498062133789,-7087.34033203125,-0.6506870985031128,0.008858928456902504,-0.7592942714691162,0.0014906034339219332,0.9999449253082275,0.01038928423076868,0.7593444585800171,0.005628366954624653,-0.6506645083427429],[-7708.57080078125,11.942281723022461,-7089.8232421875,-0.5933756232261658,0.010341847315430642,-0.8048592805862427,0.0034166332334280016,0.999940812587738,0.010329618118703366,0.8049184679985046,0.00337943434715271,-0.5933758020401001],[-7709.15087890625,11.941946983337403,-7092.1259765625,-0.5366553664207459,0.01093553751707077,-0.8437306880950928,0.00451211491599679,0.9999389052391052,0.010090209543704987,0.8437894582748413,0.001607955084182322,-0.5366718769073486],[-7709.880859375,11.935380935668946,-7094.412109375,-0.4761075973510742,0.011362561024725438,-0.8793136477470398,0.00523277698084712,0.9999354481697083,0.010087939910590649,0.8793714642524719,0.00020169222261756659,-0.47613629698753359],[-7710.37060546875,11.942482948303223,-7095.70263671875,-0.4404832124710083,0.011790539138019085,-0.8976834416389465,0.006330612115561962,0.999929666519165,0.010027122683823109,0.897738516330719,-0.0012661063810810447,-0.4405268728733063],[-7710.76953125,11.947941780090332,-7096.55712890625,-0.417452871799469,0.012670490890741349,-0.9086102247238159,0.009886370971798897,0.9999069571495056,0.009401410818099976,0.9086447954177856,-0.005058211274445057,-0.4175392985343933],[-7711.05029296875,11.940723419189454,-7096.91357421875,-0.4086916148662567,0.012095654383301735,-0.9125924110412598,0.00928965862840414,0.9999154806137085,0.00909280776977539,0.912625253200531,-0.00476151704788208,-0.408769428730011],[-7711.1669921875,11.937060356140137,-7097.00390625,-0.4066723585128784,0.01124843955039978,-0.9135048389434815,0.007182123605161905,0.9999326467514038,0.009115343913435936,0.9135458469390869,-0.0028539460618048908,-0.4067257344722748],[-7711.111328125,11.93844223022461,-7096.94970703125,-0.40733832120895388,0.010532865300774575,-0.9132165908813477,0.00539542268961668,0.9999437928199768,0.009126543067395687,0.9132614135742188,-0.0012095986166968942,-0.40737226605415347],[-7710.890625,11.938899040222168,-7096.84033203125,-0.40745413303375246,0.01003267616033554,-0.913170576095581,0.004250709433108568,0.9999496340751648,0.009089432656764984,0.9132158160209656,-0.00017809600103646517,-0.4074762463569641],[-7710.5322265625,11.942608833312989,-7096.72119140625,-0.4056914746761322,0.00965973548591137,-0.9139590263366699,0.0035127364099025728,0.9999532699584961,0.00900937244296074,0.914003312587738,0.0004445283848326653,-0.4057064354419708],[-7710.05908203125,11.947256088256836,-7096.66357421875,-0.39966070652008059,0.00864189863204956,-0.9166224002838135,0.002005806425586343,0.9999614357948303,0.008553056046366692,0.9166609644889832,0.001579753356054