{"DriveData":[[-14934.865234375,11.243435859680176,-5156.2939453125,-0.38456717133522036,-0.0017826223047450185,0.9230952858924866,-0.0005160504369996488,0.9999983906745911,0.00171614286955446,-0.9230968356132507,0.00018360849935561419,-0.3845674991607666],[-14936.68359375,11.2424955368042,-5155.53662109375,-0.3845615088939667,-0.0016116973711177707,0.9230979681015015,-0.00013341689191292971,0.9999985694885254,0.0016903819050639868,-0.9230993390083313,0.0005268989480100572,-0.384561151266098],[-14939.0341796875,11.245885848999024,-5154.55908203125,-0.38452330231666567,-0.0015445670578628779,0.923114001750946,-0.0001577670918777585,0.9999986886978149,0.0016074937302619219,-0.9231152534484863,0.0004724817699752748,-0.38452303409576418],[-14941.7470703125,11.248299598693848,-5153.4306640625,-0.3845073878765106,-0.001582091674208641,0.9231205582618713,-0.0003503926855046302,0.9999986886978149,0.001567900413647294,-0.9231218695640564,0.0002794145548250526,-0.3845074474811554],[-14945.0322265625,11.248135566711426,-5152.0625,-0.3844980001449585,-0.0015784676652401686,0.9231244921684265,-0.0003535850264597684,0.9999986886978149,0.0015626417007297278,-0.9231257438659668,0.0002744296216405928,-0.38449805974960329],[-14948.890625,11.246490478515625,-5150.455078125,-0.38448697328567507,-0.0015886384062469006,0.9231290221214294,-0.0003382235881872475,0.9999986886978149,0.0015800540568307043,-0.9231303334236145,0.0002952862123493105,-0.38448700308799746],[-14952.7431640625,11.234435081481934,-5148.85302734375,-0.38441500067710879,-0.0017943630227819086,0.9231586456298828,-0.0003384253359399736,0.9999983310699463,0.001802793238312006,-0.9231603145599365,0.0003806005115620792,-0.384414941072464],[-14956.5947265625,11.249785423278809,-5147.20654296875,-0.38499996066093447,-0.0018401884008198977,0.9229147434234619,-0.0007617424707859755,0.9999983310699463,0.001676118467003107,-0.9229162931442261,-0.000057717861636774617,-0.38500070571899416],[-14960.8994140625,11.322525978088379,-5145.05615234375,-0.3889850080013275,-0.0024998453445732595,0.9212406873703003,-0.0038642212748527529,0.9999919533729553,0.0010819117305800319,-0.921235978603363,-0.003139030421152711,-0.3889915347099304],[-14965.4267578125,11.34203815460205,-5142.45166015625,-0.39618200063705447,-0.0016298125265166164,0.9181705713272095,-0.0026336978189647199,0.9999963045120239,0.000638642581179738,-0.9181682467460632,-0.002165165264159441,-0.3961848318576813],[-14970.4169921875,11.252154350280762,-5139.84521484375,-0.40110960602760317,0.0006223044474609196,0.9160298705101013,0.004864300601184368,0.9999871253967285,0.0014506308361887932,-0.9160171747207642,0.005037706345319748,-0.40110746026039126],[-14975.4423828125,11.114107131958008,-5137.55224609375,-0.4025958776473999,-0.002490647602826357,0.9153744578361511,0.002798667410388589,0.9999882578849793,0.003951771184802055,-0.9153735637664795,0.004152795299887657,-0.4025841951370239],[-14981.1787109375,10.95086669921875,-5135.05224609375,-0.40277257561683657,-0.007379843853414059,0.9152703285217285,-0.0033086903858929874,0.9999727010726929,0.006606783252209425,-0.9152941107749939,-0.00036731507861986756,-0.402785986661911],[-14986.66015625,10.577044486999512,-5132.6787109375,-0.4024120271205902,-0.011610959656536579,0.9153850078582764,-0.0023538931272923948,0.9999293684959412,0.01164854597300291,-0.9154556393623352,0.0025327964685857298,-0.40241092443466189],[-14992.7548828125,9.789390563964844,-5130.07470703125,-0.4015962779521942,-0.019595567137002946,0.9156071543693543,0.0012659577187150717,0.999758243560791,0.021951809525489808,-0.9158159494400024,0.009974884800612927,-0.40147438645362856],[-14998.6474609375,8.39000129699707,-5127.56201171875,-0.4007183611392975,-0.03618043661117554,0.9154866337776184,0.001818602322600782,0.9991865754127502,0.04028432071208954,-0.9161995053291321,0.017807573080062867,-0.4003266394138336],[-15004.6025390625,7.200806617736816,-5124.9619140625,-0.40072137117385867,-0.053709641098976138,0.9146243333816528,-0.0010901730274781585,0.998307466506958,0.058146148920059207,-0.9161993265151978,0.022303305566310884,-0.4001016914844513],[-15010.291015625,7.077680587768555,-5122.07568359375,-0.4053524136543274,-0.05916247516870499,0.9122440814971924,-0.010229432955384255,0.9981346726417542,0.06018739566206932,-0.9141032695770264,0.015065365470945835,-0.4052014946937561],[-15016.0517578125,7.296905517578125,-5118.52978515625,-0.4160221517086029,-0.05664757266640663,0.9075883626937866,-0.024728912860155107,0.9983934760093689,0.05097993090748787,-0.9090181589126587,-0.0012348938034847379,-0.4167546331882477],[-15021.65625,7.66540002822876,-5114.33056640625,-0.43229207396507265,-0.051351580768823627,0.9002702832221985,-0.03284970670938492,0.9986112713813782,0.041187185794115069,-0.9011350870132446,-0.011768721044063568,-0.4333786368370056],[-15026.7919921875,7.7064619064331059,-5109.7236328125,-0.45230939984321597,-0.050926413387060168,0.8904058933258057,-0.033110909163951877,0.9986389875411987,0.040297046303749087,-0.8912462592124939,-0.0112554170191288,-0.4533800184726715],[-15031.7568359375,7.755511283874512,-5104.31591796875,-0.478278785943985,-0.045853499323129657,0.87701016664505,-0.029565809294581415,0.9989106059074402,0.03610317036509514,-0.877710223197937,-0.00866213720291853,-0.4791134297847748],[-15036.400390625,8.085724830627442,-5098.0654296875,-0.5115773677825928,-0.030419431626796724,0.8586985468864441,-0.024623611941933633,0.9994816780090332,0.0207369402050972,-0.8588842749595642,-0.0105357114225626,-0.5120612978935242],[-15040.5361328125,8.673090934753418,-5091.9560546875,-0.5424225926399231,-0.003276140196248889,0.8400993943214417,-0.005343940574675798,0.9999856352806091,0.00044925513793714345,-0.8400887846946716,-0.004245755262672901,-0.5424323081970215],[-15045.15234375,8.87916088104248,-5085.5546875,-0.57061368227005,0.014468669891357422,0.8210911750793457,0.01880650781095028,0.9998127818107605,-0.004548472352325916,-0.821003258228302,0.012846436351537705,-0.5707789659500122],[-15050.3505859375,8.665594100952149,-5079.5087890625,-0.5938000082969666,0.00491317268460989,0.8045976758003235,0.00877735111862421,0.9999614357948303,0.0003716240171343088,-0.8045647740364075,0.007282906677573919,-0.5938202142715454],[-15056.0556640625,8.699336051940918,-5073.74853515625,-0.610626757144928,-0.0017050548922270537,0.7919166684150696,-0.002294661244377494,0.9999973177909851,0.0003837129333987832,-0.7919151782989502,-0.0015828751493245364,-0.6106290221214294],[-15062.5703125,8.600699424743653,-5068.02294921875,-0.6179941892623901,0.0026051688473671676,0.7861783504486084,0.006491675041615963,0.9999773502349854,0.0017892984906211496,-0.7861558794975281,0.006209390703588724,-0.6179971098899841],[-15068.986328125,8.577777862548829,-5062.87255859375,-0.6187775135040283,0.003910093102604151,0.7855565547943115,0.008649996481835842,0.9999608993530273,0.0018362558912485839,-0.7855187058448792,0.007931295782327652,-0.6187871098518372],[-15075.7607421875,8.572607040405274,-5057.54443359375,-0.6189953088760376,0.00024247773399110883,0.7853946685791016,0.0031343279406428339,0.9999927282333374,0.0021615352015942337,-0.7853884100914002,0.003799664555117488,-0.6189915537834168],[-15082.658203125,8.552108764648438,-5052.109375,-0.6189850568771362,0.00025929484399966896,0.7854027152061462,0.003290646942332387,0.9999920129776001,0.0022632575128227474,-0.7853958606719971,0.003985405899584293,-0.6189810037612915],[-15089.7470703125,8.517614364624024,-5046.50341796875,-0.6189762353897095,0.002164056058973074,0.7854067087173462,0.0064463247545063499,0.9999765157699585,0.0023250586818903686,-0.7853832244873047,0.006502142641693354,-0.6189756989479065],[-15097.03515625,8.50046157836914,-5040.76220703125,-0.6189922094345093,0.001538916607387364,0.785395622253418,0.0055610500276088718,0.9999815821647644,0.002423439174890518,-0.7853774428367615,0.005867714062333107,-0.6189894080162048],[-15104.21484375,8.504768371582032,-5035.140625,-0.6188334822654724,0.0005687751690857112,0.7855219841003418,0.0038967428263276817,0.9999896287918091,0.0023457850329577924,-0.7855125069618225,0.004512627609074116,-0.6188293099403381],[-15112.2255859375,8.665969848632813,-5029.01953125,-0.6175345182418823,0.001683992799371481,0.7865419983863831,0.002684494713321328,0.9999964237213135,-0.00003333382846903987,-0.7865391969680786,0.0020908829756081106,-0.6175368428230286],[-15120.1005859375,8.867841720581055,-5023.07861328125,-0.6161223649978638,-0.000730652769561857,0.7876501083374023,-0.004323986824601889,0.9999876618385315,-0.0024547206703573467,-0.7876386046409607,-0.004918196704238653,-0.6161178946495056],[-15128.4873046875,8.97737979888916,-5016.89013671875,-0.6138914227485657,-0.005933299195021391,0.789368212223053,-0.014087324030697346,0.9998948574066162,-0.0034399807918816807,-0.7892647981643677,-0.013231859542429448,-0.613910436630249],[-15136.328125,9.13532543182373,-5011.109375,-0.6120547652244568,-0.011259355582296849,0.7907351851463318,-0.024334009736776353,0.9996932744979858,-0.004600584506988525,-0.7904409170150757,-0.022057566791772844,-0.6121410727500916],[-15144.900390625,9.530906677246094,-5004.78271484375,-0.6105048060417175,-0.01778418757021427,0.7918128967285156,-0.040229182690382007,0.9991536736488342,-0.008576485328376294,-0.7909902334213257,-0.03708996996283531,-0.6107035279273987],[-15153.2177734375,10.12216854095459,-4998.6484375,-0.6094802618026733,-0.02728830836713314,0.7923314571380615,-0.06291215866804123,0.9979205131530762,-0.01402463298290968,-0.7903011441230774,-0.05839502066373825,-0.609929621219635],[-15161.61328125,10.817953109741211,-4992.4931640625,-0.6081900596618652,-0.04017898812890053,0.792773962020874,-0.09250634908676148,0.9955007433891296,-0.02051433175802231,-0.7883828282356262,-0.0858132392168045,-0.6091704368591309],[-15170.0712890625,11.556231498718262,-4986.3154296875,-0.6065324544906616,-0.05003232881426811,0.7934829592704773,-0.1182376965880394,0.9925962686538696,-0.027792777866125108,-0.7862176895141602,-0.11067681014537811,-0.6079575419425964],[-15178.517578125,12.114745140075684,-4979.9375,-0.6066532135009766,-0.04791295528411865,0.7935214042663574,-0.12090087682008743,0.9921315908432007,-0.03252457082271576,-0.7857193350791931,-0.11566857248544693,-0.6076725125312805],[-15186.8916015625,12.330297470092774,-4973.27099609375,-0.6094346046447754,-0.04287486895918846,0.7916761636734009,-0.11033786088228226,0.9934062361717224,-0.031138425692915918,-0.7851210236549377,-0.10632868856191635,-0.6101468801498413],[-15195.314453125,12.534212112426758,-4966.5673828125,-0.6115285754203796,-0.04245021194219589,0.7900827527046204,-0.106795534491539,0.9938502907752991,-0.029261955991387368,-0.7839818596839905,-0.10227183252573013,-0.6123013496398926],[-15204.21875,12.649327278137207,-4959.68310546875,-0.611260175704956,-0.039443157613277438,0.7904462218284607,-0.09819991141557694,0.994819164276123,-0.026297660544514657,-0.7853137850761414,-0.0936964601278305,-0.6119666695594788],[-15213.224609375,12.278512001037598,-4952.82470703125,-0.6093501448631287,-0.033010851591825488,0.7922137975692749,-0.07623274624347687,0.996943473815918,-0.017094476148486139,-0.789228081703186,-0.07080915570259094,-0.610004186630249],[-15221.986328125,11.451691627502442,-4946.248046875,-0.6059497594833374,-0.018534839153289796,0.7952869534492493,-0.034158855676651,0.9994126558303833,-0.0027343574911355974,-0.7947691679000855,-0.02882297709584236,-0.6062270402908325],[-15231.12890625,11.06967544555664,-4940.08642578125,-0.5956407785415649,0.006619214080274105,0.8032236695289612,0.01678224466741085,0.999850332736969,0.0042055100202560429,-0.8030756115913391,0.01598486863076687,-0.5956627130508423],[-15240.7841796875,11.089941024780274,-4934.59716796875,-0.5788675546646118,0.016254954040050508,0.8152595162391663,0.03154856339097023,0.9994991421699524,0.0024723734240978958,-0.8148110508918762,0.0271514430642128,-0.5790904760360718],[-15250.6123046875,11.408103942871094,-4929.2392578125,-0.5651195049285889,-0.008529113605618477,0.8249649405479431,-0.015219537541270256,0.9998841881752014,-0.00008816345507511869,-0.8248686194419861,-0.01260540820658207,-0.5651838779449463],[-15260.0810546875,11.529375076293946,-4923.208984375,-0.5603732466697693,-0.011210398748517037,0.8281643390655518,-0.021621419116854669,0.9997656345367432,-0.0010967542184516788,-0.8279579281806946,-0.01852067932486534,-0.5604842901229858],[-15269.087890625,11.192103385925293,-4917.1044921875,-0.5583420395851135,0.008887207135558129,0.8295632600784302,0.017715811729431154,0.9998423457145691,0.0012122963089495898,-0.8294216394424439,0.015373262576758862,-0.5584114789962769],[-15278.466796875,11.168290138244629,-4911.37939453125,-0.5530705451965332,0.00723999971523881,0.8331030011177063,0.016054393723607065,0.999869167804718,0.0019687358289957048,-0.8329797387123108,0.014463813044130803,-0.5531144142150879],[-15288.6611328125,11.324119567871094,-4905.87158203125,-0.5431485176086426,-0.004917336627840996,0.8396222591400147,-0.0073975990526378159,0.9999720454216003,0.001070962636731565,-0.8396040797233582,-0.005629497114568949,-0.5431697368621826],[-15299.5673828125,11.254791259765625,-4900.431640625,-0.5284602046012878,0.00004839215034735389,0.8489580750465393,0.0025349052157253029,0.9999956488609314,0.0015209284611046315,-0.8489543199539185,0.002955778269097209,-0.5284579992294312],[-15310.3916015625,11.211925506591797,-4895.63427734375,-0.509680986404419,0.005921117030084133,0.8603430986404419,0.01384983491152525,0.9999032020568848,0.0013232558267191053,-0.8602519631385803,0.012590047903358937,-0.5097137093544006],[-15321.5654296875,11.271480560302735,-4891.3330078125,-0.48662206530570986,0.00014430326700676233,0.8736125826835632,0.00254580145701766,0.9999959468841553,0.0012528899824246765,-0.8736088871955872,0.002833727980032563,-0.4866204559803009],[-15333.2724609375,11.336831092834473,-4886.8984375,-0.4634183645248413,-0.003513334784656763,0.8861326575279236,-0.006040752865374088,0.9999814033508301,0.0008056060178205371,-0.88611900806427,-0.004979575518518686,-0.4634309709072113],[-15343.9228515625,11.307121276855469,-4882.37646484375,-0.44903266429901125,-0.0005118879489600658,0.8935152292251587,0.000508040830027312,0.9999995231628418,0.0008282060152851045,-0.8935152292251587,0.0008258337620645762,-0.449032187461853],[-15355.560546875,11.227323532104493,-4877.638671875,-0.43513643741607668,0.0035561169497668745,0.9003574848175049,0.011098640039563179,0.9999374151229858,0.0014144694432616234,-0.9002960920333862,0.010608230717480183,-0.4351486563682556],[-15366.294921875,11.291532516479493,-4873.26123046875,-0.4257363975048065,-0.0021217430476099254,0.9048447608947754,-0.0022045900113880636,0.9999967217445374,0.001307585509493947,-0.9048445224761963,-0.0014381250366568566,-0.42573970556259158],[-15376.841796875,11.345332145690918,-4868.4892578125,-0.42363715171813967,-0.004220462869852781,0.9058221578598023,-0.00805123895406723,0.9999672174453735,0.0008936859085224569,-0.9057961702346802,-0.006914392113685608,-0.42365723848342898],[-15387.76953125,11.27175521850586,-4863.34521484375,-0.42330384254455569,0.00022082602663431317,0.9059877395629883,0.0031621987000107767,0.9999942183494568,0.001233731978572905,-0.905982255935669,0.0033871568739414217,-0.4233020842075348],[-15398.2861328125,11.262003898620606,-4858.45654296875,-0.4229576289653778,0.0010493918089196087,0.9061488509178162,0.005174717865884304,0.9999858140945435,0.0012573094572871924,-0.9061346650123596,0.005220853257924318,-0.42295706272125246],[-15409.40234375,11.301681518554688,-4853.7138671875,-0.41875770688056948,-0.0004206246812827885,0.9080979228019714,0.001093682018108666,0.999998927116394,0.0009675300680100918,-0.9080973267555237,0.0013983311364427209,-0.4187568128108978],[-15420.6845703125,11.24219799041748,-4849.37060546875,-0.4098691940307617,-0.00035572488559409976,0.9121442437171936,0.002825574716553092,0.9999946355819702,0.0016596487257629634,-0.9121399521827698,0.003257570555433631,-0.40986597537994387],[-15432.0625,11.24258041381836,-4845.32177734375,-0.3983844220638275,-0.0003336939262226224,0.9172185063362122,0.003038514871150255,0.9999939799308777,0.00168355624191463,-0.917213499546051,0.0034576845355331899,-0.39838099479675295],[-15443.32421875,11.335431098937989,-4840.9833984375,-0.3919436037540436,-0.002721051685512066,0.9199852347373962,-0.005159455351531506,0.9999864101409912,0.0007595766219310463,-0.9199748039245606,-0.004448911175131798,-0.3919523060321808],[-15454.458984375,11.302062034606934,-4836.30615234375,-0.3910365104675293,-0.0015381171833723784,0.9203738570213318,-0.0014612529193982483,0.9999983906745911,0.0010503464145585895,-0.9203739762306213,-0.0009341752156615257,-0.3910381495952606],[-15465.5712890625,11.265883445739746,-4831.57470703125,-0.39083823561668398,0.00024782802211120725,0.9204593300819397,0.0035411124117672445,0.9999929666519165,0.0012343574780970812,-0.9204525351524353,0.0037418841384351255,-0.3908363878726959],[-15477.146484375,11.278547286987305,-4826.68701171875,-0.3907909095287323,-0.0012771214824169875,0.9204785823822022,-0.00017059269885066897,0.9999991059303284,0.0013150271261110902,-0.9204794764518738,0.0003568737010937184,-0.39079079031944277],[-15488.705078125,11.301717758178711,-4821.79833984375,-0.39079001545906069,-0.0026099064853042366,0.9204761385917664,-0.0038377572782337667,0.9999918937683106,0.0012060366570949555,-0.9204718470573425,-0.0030612570699304344,-0.39079686999320986],[-15499.79296875,11.20157241821289,-4817.03369140625,-0.3911658823490143,-0.0019435243448242546,0.9203181266784668,0.0006341139669530094,0.9999969601631165,0.002381309401243925,-0.9203199744224548,0.0015150735853239894,-0.3911634385585785],[-15510.84765625,10.984964370727539,-4812.18310546875,-0.39215511083602908,0.00012756678916048259,0.9198991060256958,0.011089532636106015,0.9999279975891113,0.004588828422129154,-0.9198322892189026,0.01200078334659338,-0.39212825894355776],[-15521.91015625,10.851582527160645,-4807.36279296875,-0.3926757574081421,0.003936518914997578,0.9196685552597046,0.023117022588849069,0.999717116355896,0.005591241642832756,-0.9193863868713379,0.0234555434435606,-0.3926556706428528],[-15533.0166015625,10.923148155212403,-4802.65234375,-0.392611026763916,0.005153155419975519,0.9196901917457581,0.022608663886785508,0.9997361898422241,0.00404985761269927,-0.919426679611206,0.022382983937859536,-0.3926239311695099],[-15544.1396484375,11.004600524902344,-4797.95263671875,-0.39239034056663515,0.005299937911331654,0.9197835326194763,0.019961854442954065,0.9997969269752502,0.0027549713850021364,-0.9195821285247803,0.01944160833954811,-0.39241647720336916],[-15555.701171875,11.075427055358887,-4793.072265625,-0.39161860942840578,0.00643475167453289,0.9201051592826843,0.01913599483668804,0.9998162388801575,0.0011525227455422283,-0.9199286103248596,0.018058475106954576,-0.39166978001594546],[-15566.3828125,11.194647789001465,-4788.56396484375,-0.38991352915763857,0.013156590051949025,0.9207574725151062,0.02777874656021595,0.9996109008789063,-0.0025198408402502538,-0.9204323887825012,0.024594968184828759,-0.3901273012161255],[-15577.4970703125,11.248991012573243,-4783.88623046875,-0.3900553584098816,0.012073018588125706,0.9207122325897217,0.025363458320498468,0.9996755123138428,-0.002363331848755479,-0.9204420447349548,0.02243061736226082,-0.3902350068092346],[-15588.96875,11.375211715698243,-4778.9462890625,-0.39274394512176516,0.002163930796086788,0.9196453094482422,0.0018426348688080907,0.999997079372406,-0.0015660828212276102,-0.9196460247039795,0.0010795010020956398,-0.39274677634239199],[-15599.7900390625,11.335041046142579,-4773.86181640625,-0.39851441979408266,-0.0019606268033385278,0.9171599745750427,-0.004044000990688801,0.999991774559021,0.00038054207107052207,-0.9171531796455383,-0.003557344200089574,-0.3985190689563751],[-15610.3681640625,11.287050247192383,-4768.43115234375,-0.40806737542152407,-0.00045967771438881755,0.9129517078399658,0.0011700083268806339,0.9999988079071045,0.0010264720767736436,-0.9129510521888733,0.0014870308805257083,-0.40806636214256289],[-15620.896484375,11.323254585266114,-4762.99853515625,-0.4170919358730316,-0.0005106055177748203,0.9088641405105591,0.0003380228881724179,0.9999997019767761,0.0007169299642555416,-0.9088642597198486,0.0006062425673007965,-0.41709160804748537],[-15631.6142578125,11.320623397827149,-4757.95947265625,-0.41883522272109988,-0.002814713167026639,0.9080578684806824,-0.0039815655909478668,0.9999912977218628,0.0012632111320272089,-0.9080535173416138,-0.0030864146538078787,-0.41884276270866396],[-15641.90625,11.303388595581055,-4753.1796875,-0.41925469040870669,-0.0035440351348370315,0.9078617691993713,-0.004868427757173777,0.9999867677688599,0.0016554029425606132,-0.9078556299209595,-0.003725823713466525,-0.41926640272140505],[-15652.53515625,11.295600891113282,-4748.08203125,-0.42098626494407656,-0.002822218695655465,0.9070626497268677,-0.003344315104186535,0.9999932050704956,0.0015591965056955815,-0.9070608615875244,-0.0023771028500050308,-0.42099282145500185],[-15662.51171875,11.298269271850586,-4742.84765625,-0.4270957112312317,-0.0034625951666384937,0.9041997790336609,-0.005129795987159014,0.9999858736991882,0.0014063621638342739,-0.9041918516159058,-0.004037709441035986,-0.42710742354393008],[-15672.23828125,11.269798278808594,-4737.2587890625,-0.43724730610847475,-0.00378407072275877,0.8993333578109741,-0.004810760263353586,0.9999867081642151,0.0018686378607526422,-0.8993284106254578,-0.0035094202030450107,-0.437259703874588],[-15682.4677734375,11.27193832397461,-4730.8056640625,-0.4527660012245178,-0.002470577135682106,0.8916259407997131,-0.002469714730978012,0.9999958276748657,0.0015167389065027238,-0.8916259407997131,-0.0015153340063989163,-0.4527702033519745],[-15692.337890625,11.290899276733399,-4723.9443359375,-0.47290095686912539,-0.00378240249119699,0.8811074495315552,-0.0052637821063399319,0.9999850988388062,0.0014675830025225878,-0.8810998797416687,-0.003943936433643103,-0.47291380167007449],[-15701.453125,11.29344654083252,-4716.9599609375,-0.49567097425460818,-0.004112434573471546,0.8685006499290466,-0.005659112241119146,0.9999828338623047,0.001505244872532785,-0.8684919476509094,-0.004168836399912834,-0.49568575620651247],[-15710.150390625,11.28920841217041,-4709.58984375,-0.5210556387901306,-0.004237179644405842,0.853512167930603,-0.005537695717066526,0.9999834299087524,0.001583646866492927,-0.8535047173500061,-0.0039013223722577097,-0.5210704803466797],[-15718.05859375,11.306514739990235,-4702.15234375,-0.5478562712669373,-0.00435268972069025,0.8365611433982849,-0.005877422634512186,0.9999818205833435,0.00135390879586339,-0.8365517854690552,-0.0041750757955014709,-0.5478718876838684],[-15725.8232421875,11.296798706054688,-4694.07421875,-0.5777173638343811,-0.004387432709336281,0.8162250518798828,-0.005519624333828688,0.9999836683273315,0.0014684406341984869,-0.8162181973457336,-0.0036569121293723585,-0.5777322053909302],[-15732.794921875,11.286848068237305,-4686.03076171875,-0.6081228256225586,-0.004486680496484041,0.7938302755355835,-0.0052874404937028889,0.9999847412109375,0.0016013486310839654,-0.7938253879547119,-0.003223513951525092,-0.6081372499465942],[-15739.7890625,11.287666320800782,-4677.03466796875,-0.6427627205848694,-0.004619555082172155,0.7660514116287231,-0.0053531937301158909,0.9999845027923584,0.0015386042650789023,-0.7660466432571411,-0.003111863974481821,-0.6427775025367737],[-15745.9326171875,11.29654598236084,-4668.09814453125,-0.677038311958313,-0.006154497619718313,0.7359220385551453,-0.007346471305936575,0.9999717473983765,0.0016040847403928638,-0.7359110713005066,-0.004320403095334768,-0.6770643591880798],[-15751.484375,11.30401611328125,-4658.88037109375,-0.7113901972770691,-0.006942198611795902,0.7027629613876343,-0.008256138302385807,0.9999647736549377,0.0015205960953608156,-0.7027487754821777,-0.004720370750874281,-0.7114224433898926],[-15756.5087890625,11.301027297973633,-4649.958984375,-0.7418305277824402,-0.003361527109518647,0.6705789566040039,-0.003571257693693042,0.999993085861206,0.0010621205437928439,-0.670577883720398,-0.0016068968689069152,-0.7418373823165894],[-15761.0625,11.296531677246094,-4640.876953125,-0.7715029120445252,-0.006980834528803825,0.6361874938011169,-0.007677573245018721,0.9999691247940064,0.0016620084643363953,-0.636179506778717,-0.0036021319683641197,-0.7715326547622681],[-15765.455078125,11.292106628417969,-4630.41845703125,-0.8047611713409424,-0.009695691987872124,0.5935195684432983,-0.01065385714173317,0.9999414682388306,0.0018892622319981456,-0.5935031175613403,-0.00480286730453372,-0.8048173785209656],[-15768.7412109375,11.305320739746094,-4620.966796875,-0.83346027135849,-0.005446441471576691,0.5525525808334351,-0.005738447420299053,0.9999828338623047,0.0012009359197691084,-0.5525496006011963,-0.0021698614582419397,-0.8334771990776062],[-15772.083984375,11.282075881958008,-4611.2353515625,-0.8585802912712097,-0.0005252599949017167,0.512678861618042,0.00004739794894703664,0.9999994039535523,0.0011039164382964373,-0.5126791596412659,0.0009721008245833218,-0.8585797548294067],[-15775.56640625,11.198975563049317,-4601.67626953125,-0.8780055046081543,-0.002896414604038,0.47864171862602236,-0.00197402061894536,0.9999951124191284,0.002430208958685398,-0.4786464273929596,0.0011888880981132389,-0.8780069351196289],[-15779.126953125,10.993607521057129,-4592.6455078125,-0.8913621306419373,0.0016155142802745104,0.45328909158706667,0.0043133217841386799,0.9999786019325256,0.004917948041111231,-0.45327144861221316,0.006338854320347309,-0.8913499712944031],[-15782.9287109375,10.82070255279541,-4583.759765625,-0.899887204170227,0.010360675863921643,0.4359996020793915,0.01458172407001257,0.9998735785484314,0.006336107850074768,-0.43587884306907656,0.012059408240020275,-0.8999245762825012],[-15787.13671875,10.771746635437012,-4574.64208984375,-0.9043138027191162,0.01157672330737114,0.4267112612724304,0.015980465337634088,0.9998495578765869,0.006740798242390156,-0.42656904458999636,0.012914841994643212,-0.9043627977371216],[-15791.5576171875,10.652381896972657,-4565.63427734375,-0.9042966365814209,0.014638593420386315,0.42665356397628786,0.019926633685827256,0.9997699856758118,0.007932341657578946,-0.4264393150806427,0.015674959868192674,-0.9043803215026856],[-15796.302734375,10.495705604553223,-4556.82666015625,-0.9003031253814697,0.031704649329185489,0.43410724401474,0.03949613869190216,0.9991797804832459,0.00893754605203867,-0.4334678053855896,0.025192059576511384,-0.9008168578147888],[-15801.609375,10.482246398925782,-4548.35693359375,-0.8928666114807129,0.04349685087800026,0.4482156038284302,0.05265315622091293,0.9985809922218323,0.007980799302458763,-0.4472324252128601,0.03072575479745865,-0.893889844417572],[-15807.31640625,10.639909744262696,-4540.64599609375,-0.883229672908783,0.041116874665021899,0.467134565114975,0.04903449863195419,0.9987855553627014,0.004799008835107088,-0.46636995673179629,0.027144337072968484,-0.8841732144355774],[-15814.0458984375,10.97487735748291,-4532.728515625,-0.8696243166923523,0.031197216361761094,0.4927273392677307,0.03584492951631546,0.9993573427200317,-0.000011249475392105524,-0.4924110472202301,0.01765199564397335,-0.8701837658882141],[-15820.900390625,11.178956031799317,-4525.4541015625,-0.852872371673584,0.029257401823997499,0.5212990641593933,0.032604802399873736,0.9994645118713379,-0.0027508209459483625,-0.5211004018783569,0.014650753699243069,-0.8533696532249451],[-15828.1240234375,11.349474906921387,-4518.54931640625,-0.8333263993263245,0.02517363615334034,0.5522077679634094,0.026965616270899774,0.999624490737915,-0.0048768301494419579,-0.5521231889724731,0.01082663144916296,-0.8336922526359558],[-15835.08984375,11.36355972290039,-4511.9560546875,-0.8150261044502258,0.01034375000745058,0.5793319344520569,0.010536978021264077,0.9999399185180664,-0.0030297248158603908,-0.5793284773826599,0.003635103115811944,-0.8150860667228699],[-15841.9931640625,11.327350616455079,-4504.81494140625,-0.7995533347129822,0.0032399252522736789,0.6005863547325134,0.003329266794025898,0.9999939799308777,-0.0009623586665838957,-0.6005858778953552,0.0012300551170483232,-0.7995592951774597],[-15848.6484375,11.296140670776368,-4496.955078125,-0.7904407978057861,0.0047256844118237499,0.6125202178955078,0.005532298237085342,0.9999845027923584,-0.0005757476319558919,-0.6125134229660034,0.0029335501603782179,-0.7904547452926636],[-15854.5087890625,11.275680541992188,-4489.4228515625,-0.7884862422943115,0.006348224822431803,0.6150196194648743,0.008052371442317963,0.9999675750732422,0.0000018941175312647829,-0.6149997115135193,0.004953859839588404,-0.7885118126869202],[-15860.560546875,11.25680160522461,-4480.97998046875,-0.7924052476882935,-0.004963346756994724,0.6099748015403748,-0.004767588805407286,0.9999867677688599,0.001943388837389648,-0.6099763512611389,-0.0013681575655937195,-0.7924184203147888],[-15865.697265625,11.301501274108887,-4472.8759765625,-0.7992832660675049,-0.011602242477238179,0.6008424162864685,-0.013045049272477627,0.9999129772186279,0.0019548276904970409,-0.6008127927780151,-0.006275557447224855,-0.7993651032447815],[-15870.5810546875,11.285462379455567,-4464.61083984375,-0.8071024417877197,0.0017928649904206396,0.5904086828231812,0.0027490323409438135,0.9999959468841553,0.0007213529315777123,-0.5904049873352051,0.00220525823533535,-0.8071041107177734],[-15876.3935546875,11.251811027526856,-4455.98828125,-0.8102735877037048,0.009487037546932698,0.5859749913215637,0.012129263021051884,0.9999262690544128,0.0005831031012348831,-0.5859262347221375,0.007579917553812265,-0.8103289604187012],[-15881.98828125,11.334001541137696,-4448.189453125,-0.8112252354621887,-0.005078121554106474,0.5847117304801941,-0.0056932419538497929,0.9999834895133972,0.0007859183824621141,-0.5847060680389404,-0.002691348548978567,-0.8112407922744751],[-15887.5771484375,11.348119735717774,-4439.89794921875,-0.8136647343635559,-0.0075944457203149799,0.5812848210334778,-0.00873537641018629,0.9999614953994751,0.0008369139395654202,-0.5812687873840332,-0.004396774340420961,-0.8136997222900391],[-15893.4658203125,11.258360862731934,-4431.32470703125,-0.8144751787185669,0.0060158041305840019,0.5801671743392944,0.008045049384236336,0.9999672174453735,0.0009253996540792286,-0.580142617225647,0.005421189125627279,-0.8144968748092651],[-15899.455078125,11.28558349609375,-4422.82421875,-0.8150827884674072,0.0010674592340365053,0.5793434977531433,0.002035243669524789,0.9999974370002747,0.0010208721505478025,-0.5793408751487732,0.002011200413107872,-0.815082848072052],[-15904.9228515625,11.354419708251954,-4414.455078125,-0.8182522654533386,-0.009485100395977497,0.574781060218811,-0.01102046761661768,0.99993896484375,0.0008124812156893313,-0.5747536420822144,-0.0056695411913096909,-0.8183068633079529],[-15909.7666015625,11.261492729187012,-4406.1708984375,-0.823737621307373,-0.004851540084928274,0.5669504404067993,-0.004688674584031105,0.9999874830245972,0.0017448464641347528,-0.5669518113136292,-0.0012209505075588823,-0.8237500786781311],[-15914.197265625,11.238265037536621,-4397.65673828125,-0.8318683505058289,-0.0009820915292948485,0.5549721121788025,-0.000007846185326343403,0.9999984502792358,0.0017578594852238894,-0.5549730062484741,0.0014579532435163856,-0.8318670988082886],[-15918.4833984375,11.300687789916993,-4388.62548828125,-0.8420900702476502,-0.003506651846691966,0.539325475692749,-0.0035230317153036596,0.9999932646751404,0.0010010988917201758,-0.5393253564834595,-0.0010570453014224768,-0.8420968055725098],[-15922.859375,11.266728401184082,-4380.08203125,-0.8491277694702148,0.0028217651415616276,0.528179943561554,0.003966787364333868,0.9999915957450867,0.0010348138166591526,-0.5281726121902466,0.0029738666489720346,-0.8491318225860596],[-15928.1318359375,11.272542953491211,-4371.11474609375,-0.8513877987861633,0.002861100248992443,0.524528980255127,0.003935969900339842,0.9999918341636658,0.0009340951801277697,-0.5245220065116882,0.002859807573258877,-0.8513920903205872],[-15933.3798828125,11.30038070678711,-4362.60009765625,-0.8516495227813721,-0.003700865665450692,0.5240986347198486,-0.0036628306843340399,0.9999926686286926,0.0011093148496001959,-0.5240989327430725,-0.0009749371092766523,-0.8516568541526794],[-15938.3935546875,11.279842376708985,-4354.41259765625,-0.851728081703186,-0.0021001617424190046,0.5239797830581665,-0.0016900759655982257,0.9999977946281433,0.0012608730467036367,-0.5239812731742859,0.00018835539231076837,-0.8517297506332398],[-15943.8154296875,11.252991676330567,-4345.541015625,-0.8517488837242127,0.0016503774095326663,0.5239476561546326,0.0027571716345846655,0.9999952912330627,0.0013322860468178988,-0.5239430069923401,0.0025793868117034437,-0.8517494201660156],[-15949.0751953125,11.263858795166016,-4337.0302734375,-0.8517423868179321,-0.0006499421433545649,0.5239604115486145,0.00006700221274513751,0.9999991059303284,0.0013493580045178533,-0.5239608287811279,0.0011844119289889932,-0.8517415523529053],[-15954.32421875,11.276434898376465,-4328.5146484375,-0.8517677783966065,-0.002104971557855606,0.5239152312278748,-0.0016798649448901415,0.9999977350234985,0.0012866813922300935,-0.5239167809486389,0.00021584694331977516,-0.8517694473266602],[-15959.3251953125,11.272469520568848,-4320.322265625,-0.8518369197845459,0.0008098424877971411,0.5238064527511597,0.0016470544505864382,0.9999979734420776,0.001132443081587553,-0.5238044857978821,0.0018273945897817612,-0.8518365621566773],[-15964.7568359375,11.2756986618042,-4311.45068359375,-0.8519062995910645,0.002418776974081993,0.5236886143684387,0.0034450318198651077,0.9999935626983643,0.000985476654022932,-0.5236828923225403,0.002643657848238945,-0.8519091606140137],[-15970.22265625,11.268644332885743,-4302.6005859375,-0.8518436551094055,0.0006575601291842759,0.5237957239151001,0.0015102310571819544,0.999998152256012,0.001200700644403696,-0.5237939357757568,0.0018138617742806674,-0.8518430590629578],[-15975.4775390625,11.239377975463868,-4294.09228515625,-0.8517132997512817,0.00019777948909904808,0.52400803565979,0.001228257897309959,0.9999979138374329,0.001618953188881278,-0.5240066647529602,0.0020225010812282564,-0.8517117500305176],[-15980.5322265625,11.184752464294434,-4285.9287109375,-0.8514550924301148,0.000055148309911601248,0.524427592754364,0.0016208766028285027,0.9999954700469971,0.0025264795403927566,-0.5244250893592835,0.00300121633335948,-0.8514513373374939],[-15985.60546875,11.14411735534668,-4277.77880859375,-0.8512448668479919,-0.0026664501056075098,0.5247619152069092,-0.0011352462461218238,0.9999940991401672,0.003239682409912348,-0.5247674584388733,0.0021620290353894235,-0.8512428998947144],[-15991.041015625,11.145580291748047,-4268.91015625,-0.8515895009040833,-0.008579443208873272,0.5241389870643616,-0.007753633428364992,0.9999628067016602,0.00377039541490376,-0.5241518616676331,-0.0008531524799764156,-0.8516243696212769],[-15995.9970703125,11.085115432739258,-4260.22802734375,-0.8538951277732849,-0.012997209094464779,0.5202828049659729,-0.012274551205337048,0.9999129772186279,0.0048337155021727089,-0.5203003883361816,-0.002258752007037401,-0.8539803624153137],[-16000.4052734375,11.054789543151856,-4251.70703125,-0.8587366342544556,-0.014566462486982346,0.5122101306915283,-0.013749604113399983,0.9998909831047058,0.00538370106369257,-0.5122327208518982,-0.0024195050355046989,-0.8588433265686035],[-16004.7080078125,11.186388969421387,-4242.24853515625,-0.8670750856399536,-0.01773393712937832,0.49786177277565,-0.01857180893421173,0.999822199344635,0.003269241191446781,-0.49783122539520266,-0.006411516573280096,-0.8672502040863037],[-16008.3515625,11.307576179504395,-4232.94384765625,-0.8773636817932129,-0.017758339643478395,0.47949719429016116,-0.019512034952640535,0.9998087286949158,0.001325954799540341,-0.4794290363788605,-0.008192621171474457,-0.8775424361228943],[-16011.337890625,11.399641036987305,-4223.83056640625,-0.8889201283454895,-0.012045875191688538,0.45790383219718935,-0.01375930942595005,0.9999052286148071,-0.0004066198307555169,-0.45785555243492129,-0.006661892868578434,-0.8890016674995422],[-16014.0380859375,11.446996688842774,-4213.7958984375,-0.902583658695221,-0.0033240222837775947,0.4305017292499542,-0.0046168663538992409,0.9999874234199524,-0.001958476612344384,-0.43048980832099917,-0.0037552579306066038,-0.9025876522064209],[-16016.169921875,11.340777397155762,-4204.44775390625,-0.9153856635093689,-0.004777912050485611,0.40254971385002139,-0.005177001003175974,0.9999865889549255,0.0000966226652963087,-0.402544766664505,-0.0019955532625317575,-0.915398120880127],[-16017.8994140625,11.356717109680176,-4194.61376953125,-0.9292152523994446,-0.010283849202096463,0.3693958520889282,-0.010886607691645623,0.9999406337738037,0.00045273060095496476,-0.36937856674194338,-0.00360078364610672,-0.9292720556259155],[-16019.068359375,11.366439819335938,-4184.69580078125,-0.9430169463157654,-0.007978645153343678,0.3326490819454193,-0.008422774262726307,0.9999645352363586,0.00010685071174520999,-0.332638144493103,-0.002701065968722105,-0.9430506825447083],[-16019.7177734375,11.291984558105469,-4174.7255859375,-0.9561185836791992,-0.004137556068599224,0.29295071959495547,-0.003951891325414181,0.9999914169311523,0.0012256117770448328,-0.2929532825946808,0.00001412075653206557,-0.9561267495155335],[-16019.8125,11.28908634185791,-4164.73193359375,-0.9682838320732117,-0.006308339070528746,0.24977312982082368,-0.006104373838752508,0.999980092048645,0.0015912314411252738,-0.24977819621562959,0.000016055069863796235,-0.9683030843734741],[-16019.29296875,11.30461311340332,-4154.76123046875,-0.9790334105491638,-0.008047563023865223,0.2035405933856964,-0.007887903600931168,0.999967634677887,0.0015956576680764557,-0.20354683697223664,-0.00004330634692450985,-0.9790651798248291],[-16018.099609375,11.29874038696289,-4144.4462890625,-0.9882375597953796,-0.006026059854775667,0.15280781686306,-0.005897920578718185,0.9999817609786987,0.0012918394058942795,-0.15281282365322114,0.0003753957280423492,-0.9882550835609436],[-16016.474609375,11.105215072631836,-4134.59716796875,-0.9946614503860474,0.003076074179261923,0.10314594209194184,0.003438755637034774,0.9999884963035584,0.003338560229167342,-0.10313449054956436,0.003675430780276656,-0.9946606159210205],[-16014.5888671875,10.753320693969727,-4125.24267578125,-0.9983510971069336,0.015326072461903096,0.05531865730881691,0.01572767272591591,0.9998529553413391,0.006831699050962925,-0.0552058219909668,0.007690467871725559,-0.9984453916549683],[-16012.3408203125,10.036381721496582,-4115.5615234375,-0.9998809099197388,0.013898178935050965,0.006705784238874912,0.01400576252490282,0.9997695088386536,0.016272537410259248,-0.0064780800603330139,0.01636451855301857,-0.9998450875282288],[-16009.28515625,9.430652618408204,-4106.5126953125,-0.9989944100379944,0.0018746344139799476,-0.04479623958468437,0.0007262203725986183,0.9996709823608398,0.02563892863690853,0.04482956603169441,0.025580614805221559,-0.9986670613288879],[-16004.587890625,9.617271423339844,-4097.701171875,-0.9937644600868225,-0.005384571384638548,-0.11136993020772934,-0.007851683534681797,0.9997331500053406,0.021725695580244066,0.11122322082519531,0.02246466465294361,-0.9935415387153626],[-15998.9169921875,10.169000625610352,-4089.49365234375,-0.9831424951553345,-0.008917049504816533,-0.18262355029582978,-0.011346492916345597,0.999860405921936,0.01226246077567339,0.18248872458934785,0.01412788312882185,-0.9831064343452454],[-15993.029296875,10.557315826416016,-4082.035888671875,-0.9686073064804077,-0.013500368222594262,-0.2482289969921112,-0.015361178666353226,0.9998665452003479,0.005560928024351597,0.24812079966068269,0.009199445135891438,-0.9686853885650635],[-15986.400390625,10.947754859924317,-4074.773193359375,-0.949017345905304,-0.018138393759727479,-0.314701646566391,-0.017895406112074853,0.9998331665992737,-0.00366161554120481,0.314715564250