{"DriveData":[[-1913.174072265625,29.75933265686035,7177.2021484375,0.7279435396194458,0.0037038768641650678,-0.6856270432472229,-0.0012756772339344025,0.9999909996986389,0.004047714173793793,0.6856358647346497,-0.0020718686282634737,0.7279416918754578],[-1912.990478515625,29.750465393066408,7176.7099609375,0.7341918349266052,0.000973193091340363,-0.6789414286613464,0.0028074763249605896,0.9999860525131226,0.004469319246709347,0.6789363026618958,-0.005187449511140585,0.7341788411140442],[-1912.8056640625,29.751026153564454,7176.228515625,0.7406534552574158,0.0003467639908194542,-0.6718871593475342,0.0034965132363140585,0.9999843239784241,0.004370470531284809,0.6718781590461731,-0.00558626651763916,0.7406406402587891],[-1912.6085205078126,29.75775909423828,7175.73828125,0.7472526431083679,0.0015802355483174325,-0.6645381450653076,0.0015975713031366468,0.9999899864196777,0.004174341447651386,0.6645380854606628,-0.0041809347458183769,0.7472426891326904],[-1912.397216796875,29.762897491455079,7175.18896484375,0.754551112651825,0.002605735557153821,-0.6562361121177673,0.00002835166742443107,0.9999920129776001,0.004003296140581369,0.6562412977218628,-0.003039296716451645,0.7545449733734131],[-1912.1519775390626,29.772354125976564,7174.52734375,0.7633066177368164,0.004190582316368818,-0.6460227370262146,-0.0014695505378767849,0.9999876618385315,0.004750316962599754,0.6460346579551697,-0.002676585456356406,0.7633033394813538],[-1911.861083984375,29.777374267578126,7173.7119140625,0.7736527323722839,0.006173679139465094,-0.6335797905921936,-0.00414277333766222,0.9999804496765137,0.004685267340391874,0.6335963010787964,-0.0009999924805015326,0.7736631631851196],[-1911.555419921875,29.77744483947754,7172.779296875,0.7849307656288147,0.00641342718154192,-0.6195502877235413,-0.004472585394978523,0.9999790191650391,0.004685048013925552,0.619567334651947,-0.0009064470650628209,0.7849429845809937],[-1911.2078857421876,29.7764892578125,7171.6552734375,0.797919750213623,0.006359641905874014,-0.6027300953865051,-0.004416606388986111,0.9999791979789734,0.004704281222075224,0.6027474999427795,-0.0010916171595454217,0.7979312539100647],[-1910.8310546875,29.775915145874025,7170.36669921875,0.8120757937431336,0.0063721067272126678,-0.5835171341896057,-0.004464492201805115,0.9999789595603943,0.004706745035946369,0.583534836769104,-0.0012171261478215457,0.8120871782302856],[-1910.4481201171876,29.775772094726564,7168.96484375,0.826636552810669,0.006441046018153429,-0.5626992583274841,-0.004597803577780724,0.9999784231185913,0.004692016635090113,0.5627173781394959,-0.001291411928832531,0.8266483545303345],[-1910.0634765625,29.775421142578126,7167.45947265625,0.8411467671394348,0.006102846469730139,-0.5407724976539612,-0.004276725929230452,0.9999801516532898,0.004632948432117701,0.5407900214195252,-0.0015842539723962546,0.8411561250686646],[-1909.65185546875,29.74461555480957,7165.71142578125,0.8567837476730347,0.006568420212715864,-0.5156340599060059,-0.003945623524487019,0.9999731183052063,0.006182093173265457,0.51566082239151,-0.0032622190192341806,0.8567866086959839],[-1909.2314453125,29.74407386779785,7163.685546875,0.8737862706184387,0.0071930475533008579,-0.48625698685646059,-0.004757203161716461,0.9999691843986511,0.0062437099404633049,0.4862869083881378,-0.003142444882541895,0.8737935423851013],[-1908.842041015625,29.74544906616211,7161.5185546875,0.8903868198394775,0.007853844203054905,-0.4551369249820709,-0.005642498843371868,0.9999647736549377,0.006216944195330143,0.4551697075366974,-0.0029673755634576084,0.8903997540473938],[-1908.4822998046876,29.746421813964845,7159.130859375,0.9069215655326843,0.008432474918663502,-0.4212151765823364,-0.00639444449916482,0.9999600052833557,0.006250673905014992,0.4212510287761688,-0.002975433599203825,0.9069392085075378],[-1908.157958984375,29.747356414794923,7156.40771484375,0.923651933670044,0.009241368621587754,-0.3831210434436798,-0.007403254974633455,0.9999529123306274,0.006271915044635534,0.3831609785556793,-0.0029567237943410875,0.9236768484115601],[-1907.90771484375,29.7474422454834,7153.435546875,0.9396116733551025,0.00986950471997261,-0.34210020303726199,-0.008219592273235321,0.9999465346336365,0.0062722922302782539,0.34214383363723757,-0.0030815943609923126,0.9396425485610962],[-1907.7652587890626,29.737003326416017,7150.52099609375,0.9530719518661499,0.010086012072861195,-0.30257582664489748,-0.008394547738134861,0.9999410510063171,0.006890204269438982,0.30262747406959536,-0.0040268730372190479,0.9531004428863525],[-1907.737548828125,29.725440979003908,7147.48095703125,0.9651017189025879,0.008661076426506043,-0.2617320418357849,-0.006909963209182024,0.999947190284729,0.007610078435391188,0.2617841064929962,-0.005535941105335951,0.9651105999946594],[-1907.8253173828126,29.722238540649415,7144.68310546875,0.9746262431144714,0.007087342441082001,-0.22372637689113618,-0.00551947858184576,0.9999556541442871,0.007632535882294178,0.22377054393291474,-0.0062040165066719059,0.9746221303939819],[-1908.0147705078126,29.72167205810547,7141.9072265625,0.9826146960258484,0.0067664142698049549,-0.18553337454795838,-0.0054362681694328789,0.9999557733535767,0.007677099201828241,0.18557710945606233,-0.006535021122545004,0.9826079607009888],[-1908.300537109375,29.73806381225586,7139.3154296875,0.988856852054596,0.0075417133048176769,-0.14867854118347169,-0.006594654638320208,0.9999547004699707,0.006861800327897072,0.1487235575914383,-0.005804854445159435,0.9888617992401123],[-1908.7230224609376,29.78308868408203,7136.51953125,0.9940875768661499,0.008681037463247776,-0.10823377221822739,-0.008229960687458516,0.9999554753303528,0.004613624885678291,0.10826900601387024,-0.0036955876275897028,0.9941147565841675],[-1909.2750244140626,29.784183502197267,7133.5927734375,0.9977461099624634,0.009000007063150406,-0.06649614870548248,-0.008715835399925709,0.9999516010284424,0.004562385380268097,0.06653399765491486,-0.003972532693296671,0.9977762699127197],[-1909.9482421875,29.784910202026368,7130.662109375,0.9996541738510132,0.009218393824994564,-0.024628248065710069,-0.009109733626246453,0.999948263168335,0.00452056061476469,0.024668646976351739,-0.004294640384614468,0.9996864795684815],[-1910.7706298828126,29.78557777404785,7127.6279296875,0.9997804760932922,0.009568835608661175,0.01864093914628029,-0.00965373869985342,0.9999434351921082,0.004469987004995346,-0.018597112968564035,-0.004648960195481777,0.9998162388801575],[-1911.7381591796876,29.742286682128908,7124.4775390625,0.9980111718177795,0.009792500175535679,0.062271784991025928,-0.010231483727693558,0.9999249577522278,0.006734505761414766,-0.06220116466283798,-0.007358245085924864,0.9980365037918091],[-1912.9444580078126,29.738502502441408,7121.10986328125,0.9938843846321106,0.011164559051394463,0.10986004024744034,-0.012009740807116032,0.99990314245224,0.00703454902395606,-0.10977086424827576,-0.00831091869622469,0.9939221739768982],[-1914.3653564453126,29.73933982849121,7117.64501953125,0.9872736930847168,0.01182103157043457,0.15859030187129975,-0.013101012445986271,0.9998894929885864,0.007027923595160246,-0.15848968923091889,-0.009016177617013455,0.9873194694519043],[-1915.9488525390626,29.738618850708009,7114.228515625,0.9784181714057922,0.011819276958703995,0.20629632472991944,-0.013567095622420311,0.9998830556869507,0.007059740833938122,-0.20618875324726106,-0.009706220589578152,0.9784641265869141],[-1917.8270263671876,29.73935890197754,7110.6123046875,0.9664875268936157,0.012003589421510697,0.25643280148506167,-0.014291626401245594,0.9998729228973389,0.007060775067657232,-0.2563154697418213,-0.010488992556929589,0.966536283493042],[-1919.9564208984376,29.738370895385743,7106.94189453125,0.9516916275024414,0.012019824236631394,0.3068200349807739,-0.014941224828362465,0.9998626112937927,0.007174454163759947,-0.30669164657592776,-0.011412135325372219,0.9517405033111572],[-1922.2593994140626,29.739593505859376,7103.37451171875,0.934582531452179,0.012082692235708237,0.3555411100387573,-0.01565738022327423,0.999851644039154,0.007178397383540869,-0.3554016351699829,-0.01227564737200737,0.9346330761909485],[-1924.8214111328126,29.7415771484375,7099.79541015625,0.91461181640625,0.01206169743090868,0.40415313839912417,-0.01636912114918232,0.9998400807380676,0.007204257883131504,-0.4040015935897827,-0.013204731047153473,0.9146629571914673],[-1927.630615234375,29.732864379882814,7096.24462890625,0.891991913318634,0.011152646504342556,0.4519137740135193,-0.016455532982945443,0.9998341202735901,0.007805486209690571,-0.4517517685890198,-0.014398912899196148,0.8920274972915649],[-1930.66357421875,29.72243881225586,7092.7958984375,0.8668050169944763,0.009021126665174961,0.4985656440258026,-0.015169885009527207,0.9998506307601929,0.00828286912292242,-0.4984164535999298,-0.014742815867066384,0.8668124079704285],[-1933.6484375,29.721569061279298,7089.734375,0.8410758376121521,0.007597997784614563,0.5408638715744019,-0.01437152549624443,0.9998622536659241,0.008302627131342888,-0.5407263040542603,-0.014756177552044392,0.8410691618919373],[-1936.797607421875,29.720537185668947,7086.81298828125,0.8130351305007935,0.006543055642396212,0.5821778774261475,-0.013992716558277607,0.9998676180839539,0.008303957059979439,-0.5820464491844177,-0.014897658489644528,0.8130190372467041],[-1939.862548828125,29.76441192626953,7084.21484375,0.7852413058280945,0.007592184003442526,0.6191433072090149,-0.014440201222896576,0.999877393245697,0.0060531869530677799,-0.6190214157104492,-0.013693766668438912,0.785254716873169],[-1943.1392822265626,29.96091079711914,7081.61328125,0.7535960674285889,0.02403566613793373,0.6568982601165772,-0.029889419674873353,0.9995505809783936,-0.0022839405573904516,-0.6566579341888428,-0.01791313849389553,0.7539758086204529],[-1946.602294921875,30.20436668395996,7079.16552734375,0.718818724155426,0.04024961218237877,0.6940314173698425,-0.042715590447187427,0.9989933967590332,-0.013694381341338158,-0.693884015083313,-0.019802182912826539,0.7198144793510437],[-1950.1619873046876,30.476543426513673,7076.98974609375,0.6832706928253174,0.04884030297398567,0.7285298705101013,-0.041834861040115359,0.9987399578094482,-0.027719149366021158,-0.728965699672699,-0.011538262479007244,0.684453010559082],[-1953.784423828125,30.754575729370118,7075.009765625,0.6466222405433655,0.05803350359201431,0.760599672794342,-0.04023415595293045,0.9983085989952087,-0.041965633630752566,-0.7617486119270325,-0.0034661737736314537,0.6478634476661682],[-1958.087890625,31.100183486938478,7072.8876953125,0.6021456718444824,0.07288303971290589,0.7950525879859924,-0.043824758380651477,0.9973404407501221,-0.0582355335354805,-0.7971825003623962,0.00022328592604026198,0.6037383079528809],[-1962.304931640625,31.540311813354493,7070.9814453125,0.5548675060272217,0.09195026010274887,0.8268417119979858,-0.061011187732219699,0.9956945776939392,-0.06978511810302735,-0.8296985626220703,-0.011725098825991154,0.5580885410308838],[-1966.7640380859376,32.027286529541019,7069.21240234375,0.5055055618286133,0.10654459148645401,0.8562198281288147,-0.08175201714038849,0.9937965869903565,-0.07539834082126618,-0.8589416742324829,-0.031883418560028079,0.5110799074172974],[-1971.4993896484376,32.50782775878906,7067.70263671875,0.45594295859336855,0.11093516647815705,0.8830682039260864,-0.08776553720235825,0.9929695725440979,-0.07942667603492737,-0.885671079158783,-0.041288916021585467,0.4624737799167633],[-1976.6900634765626,32.92601776123047,7066.3837890625,0.4046081602573395,0.10570316761732102,0.9083606600761414,-0.08393236249685288,0.9933972358703613,-0.07821290194988251,-0.9106303453445435,-0.044595278799533847,0.4108085632324219],[-1981.88134765625,33.39569854736328,7065.38037109375,0.35324209928512576,0.10029971599578858,0.9301397800445557,-0.07856915891170502,0.9939043521881104,-0.07733718305826187,-0.932226836681366,-0.04576155170798302,0.3589693307876587],[-1987.22705078125,33.89710998535156,7064.65087890625,0.30004438757896426,0.0953487753868103,0.9491479992866516,-0.07266336679458618,0.9943857192993164,-0.07692290097475052,-0.9511536955833435,-0.04588800296187401,0.3052881956100464],[-1992.6873779296876,34.41633605957031,7064.20458984375,0.24544303119182588,0.09126389771699906,0.9651054739952087,-0.0673590674996376,0.9947579503059387,-0.07693737000226975,-0.9670679569244385,-0.04612486809492111,0.25030386447906496],[-1998.24169921875,34.95914840698242,7064.01318359375,0.18888363242149354,0.09021419286727905,0.9778468012809753,-0.06937401741743088,0.9945091009140015,-0.07835094630718231,-0.9795459508895874,-0.05303794890642166,0.19410501420497895],[-2004.1016845703126,35.52528762817383,7064.14208984375,0.13019268214702607,0.08983208239078522,0.9874107837677002,-0.07112391293048859,0.9941676259040833,-0.08106892555952072,-0.9889343976974487,-0.059673938900232318,0.13582256436347962],[-2010.0303955078126,36.10202407836914,7064.6650390625,0.07091308385133743,0.08818171918392182,0.9935770034790039,-0.06549359858036041,0.9943468570709229,-0.08357566595077515,-0.9953300356864929,-0.05914632976055145,0.07628753781318665],[-2015.77587890625,36.66945266723633,7065.5205078125,0.013578716665506363,0.08667903393507004,0.9961437582969666,-0.05759142339229584,0.9946495890617371,-0.08576396852731705,-0.9982478618621826,-0.05620477348566055,0.01849803328514099],[-2021.76904296875,37.19597625732422,7066.75830078125,-0.0440058708190918,0.08222479373216629,0.9956417679786682,-0.04431410878896713,0.9954656362533569,-0.08416886627674103,-0.998047947883606,-0.04782490432262421,-0.04016261547803879],[-2027.785888671875,37.66449737548828,7068.2900390625,-0.09784035384654999,0.07566738873720169,0.9923213720321655,-0.02953614480793476,0.99644535779953,-0.07889404147863388,-0.9947637319564819,-0.037028368562459949,-0.09525764733552933],[-2033.653076171875,38.09325408935547,7069.7939453125,-0.13670280575752259,0.0684955045580864,0.9882411956787109,-0.018703535199165345,0.9972503781318665,-0.07170718163251877,-0.9904355406761169,-0.028286177664995195,-0.13504581153392793],[-2039.86474609375,38.41461181640625,7071.2734375,-0.16064512729644776,0.05566868931055069,0.9854410886764526,-0.006839468609541655,0.9983214139938355,-0.05751127377152443,-0.9869885444641113,-0.015978800132870675,-0.15999473631381989],[-2045.951904296875,38.657955169677737,7072.552734375,-0.16722029447555543,0.046734798699617389,0.9848112463951111,0.008911386132240296,0.9989067316055298,-0.04589055851101875,-0.9858793020248413,0.0011022003600373865,-0.16745395958423615],[-2051.91162109375,38.89116668701172,7073.552734375,-0.16385027766227723,0.040944624692201617,0.9856351613998413,0.01770077459514141,0.9990994334220886,-0.03856140375137329,-0.9863263964653015,0.011128207668662072,-0.1644274741411209],[-2058.239990234375,39.03432846069336,7074.32421875,-0.15066270530223847,0.02766282856464386,0.9881981015205383,0.020361505448818208,0.9994832277297974,-0.024874377995729448,-0.9883755445480347,0.016373559832572938,-0.15114809572696687],[-2065.153076171875,39.13337707519531,7074.86962890625,-0.1253485232591629,0.01849675551056862,0.9919403195381165,0.02960139699280262,0.9994508028030396,-0.01489616371691227,-0.991671085357666,0.0274956077337265,-0.12582720816135407],[-2071.6005859375,39.15703201293945,7075.2958984375,-0.10443022102117539,0.010866818949580193,0.994472861289978,0.04350699856877327,0.9990329742431641,-0.0063479505479335789,-0.9935801029205322,0.04260361194610596,-0.10480201989412308],[-2078.159912109375,39.156410217285159,7075.12255859375,-0.0696854516863823,-0.004080650396645069,0.9975606799125671,0.030003201216459276,0.9995306730270386,0.006184608209878206,-0.9971176981925964,0.0303609911352396,-0.06953031569719315],[-2084.955810546875,39.30123519897461,7074.56298828125,-0.017433570697903634,-0.00562503794208169,0.9998322129249573,0.033443864434957507,0.9994213581085205,0.006205870304256678,-0.9992885589599609,0.03354644030332565,-0.01723535917699337],[-2091.441650390625,39.287567138671878,7073.81298828125,0.050093382596969607,-0.02080734260380268,0.9985277652740479,0.08384250104427338,0.9963414669036865,0.01655563712120056,-0.9952191114425659,0.08288973569869995,0.05165465176105499],[-2097.8798828125,39.27950668334961,7072.61572265625,0.09880706667900086,-0.023801235482096673,0.9948219060897827,0.11668174713850022,0.993094801902771,0.012170923873782158,-0.9882421493530273,0.11487498879432678,0.10090195387601853],[-2104.271728515625,39.358211517333987,7070.87890625,0.14780272543430329,-0.02161722630262375,0.9887806177139282,0.09198173880577088,0.9957283735275269,0.008019712753593922,-0.9847303032875061,0.08976442366838455,0.1491597592830658],[-2110.753662109375,39.47828674316406,7068.36572265625,0.20623284578323365,-0.00582297844812274,0.978485643863678,0.03327345848083496,0.9994457364082336,-0.0010652473429217935,-0.9779370427131653,0.03277729079127312,0.20631228387355805],[-2116.869873046875,39.559410095214847,7065.6552734375,0.262530654668808,-0.0037239701487123968,0.964916467666626,0.01587691158056259,0.9998738765716553,-0.0004608438757713884,-0.9647930264472961,0.015440879389643669,0.26255667209625246],[-2122.689453125,39.576141357421878,7062.78466796875,0.3179551661014557,-0.009030339308083058,0.9480627179145813,0.026282617822289468,0.9996542930603027,0.0007072556763887405,-0.9477413892745972,0.02469269558787346,0.3180826008319855],[-2128.348876953125,39.634193420410159,7059.52099609375,0.3738316297531128,-0.013141228817403317,0.9274035096168518,0.03353289142251015,0.9994373917579651,0.0006450057844631374,-0.9268901944160461,0.030857395380735399,0.3740619719028473],[-2133.409912109375,39.680240631103519,7056.08056640625,0.4269506633281708,-0.01490939874202013,0.9041520357131958,0.031201232224702836,0.9995115995407105,0.0017483022529631854,-0.9037364721298218,0.027464216575026513,0.4272073209285736],[-2138.189697265625,39.68135452270508,7052.357421875,0.47881418466567995,-0.016425328329205514,0.8777626156806946,0.026013055816292764,0.9996513724327087,0.004516235552728176,-0.8775308132171631,0.020670849829912187,0.47907453775405886],[-2142.7978515625,39.703857421875,7048.30224609375,0.5293706059455872,-0.01545431837439537,0.8482499122619629,0.019146190956234933,0.9997970461845398,0.006266728043556213,-0.8481746315956116,0.01292333286255598,0.5295590758323669],[-2147.39599609375,39.71166229248047,7043.7666015625,0.5810372233390808,-0.013913288712501526,0.8137580156326294,0.015190402045845986,0.9998651146888733,0.0062490603886544708,-0.8137351870536804,0.008730375207960606,0.5811702013015747],[-2151.648193359375,39.72608947753906,7039.111328125,0.6281736493110657,-0.01457152608782053,0.7779366970062256,0.016533851623535157,0.9998488426208496,0.005377293098717928,-0.7778974771499634,0.009484415873885155,0.6283196210861206],[-2155.8623046875,39.7426872253418,7033.9912109375,0.6736220717430115,-0.015681138262152673,0.7389096021652222,0.01849905215203762,0.9998193979263306,0.004353624302893877,-0.7388443946838379,0.010736430063843727,0.6737905144691467],[-2159.846923828125,39.68349075317383,7028.56396484375,0.7159668207168579,-0.01895575411617756,0.6978769302368164,0.01938907615840435,0.9997856020927429,0.007264540530741215,-0.6978650093078613,0.008330019190907479,0.7161808609962463],[-2163.413330078125,39.66268539428711,7023.037109375,0.7554755806922913,-0.02135559730231762,0.654828667640686,0.021157272160053254,0.9997425675392151,0.008194965310394764,-0.6548351049423218,0.007663292344659567,0.7557328939437866],[-2166.694091796875,39.65974807739258,7017.2265625,0.7927891612052918,-0.02237100526690483,0.6090853214263916,0.021804727613925935,0.9997274875640869,0.00833767931908369,-0.6091058254241943,0.006670917384326458,0.7930608987808228],[-2169.778564453125,39.65878677368164,7010.90966796875,0.8288775682449341,-0.022933386266231538,0.5589597821235657,0.02203996293246746,0.9997223615646362,0.008334390819072724,-0.5589957237243652,0.00541126262396574,0.8291528820991516],[-2172.427001953125,39.65623092651367,7004.57568359375,0.8606730103492737,-0.023401398211717607,0.508620023727417,0.02213919535279274,0.9997184872627258,0.008533290587365628,-0.5086765289306641,0.003916064742952585,0.8609488010406494],[-2174.732177734375,39.65434265136719,6998.009765625,0.8895984292030335,-0.02419932372868061,0.4561019539833069,0.022826077416539193,0.9997031688690186,0.008520236238837242,-0.45617273449897768,0.002831429010257125,0.889886736869812],[-2176.748291015625,39.65135955810547,6990.96533203125,0.9162482619285584,-0.024822643026709558,0.3998412489891052,0.023287644609808923,0.9996909499168396,0.008697722107172013,-0.3999335765838623,0.001342088682577014,0.9165431261062622],[-2178.299560546875,39.6495361328125,6983.98583984375,0.9386850595474243,-0.02552463859319687,0.3438297510147095,0.024004193022847177,0.9996742010116577,0.008678552694618702,-0.34393924474716189,0.00010692862997530028,0.938991904258728],[-2179.4931640625,39.64582824707031,6976.5576171875,0.9583650231361389,-0.02591388113796711,0.2843676507472992,0.024390552192926408,0.9996629357337952,0.00889726635068655,-0.2845023572444916,-0.001590944710187614,0.9586740136146545],[-2180.20849609375,39.67543411254883,6969.2578125,0.9739044308662415,-0.026134751737117769,0.2254486382007599,0.024985361844301225,0.9996562004089356,0.007950419560074807,-0.2255789041519165,-0.0021100337617099287,0.9742226004600525],[-2180.564453125,39.73274612426758,6961.85400390625,0.9851935505867004,-0.020240679383277894,0.1702466756105423,0.019613806158304216,0.9997932314872742,0.0053633879870176319,-0.1703200340270996,-0.0019447901286184788,0.9853869080543518],[-2180.778076171875,39.747955322265628,6954.384765625,0.9918351173400879,-0.010465477593243122,0.12709662318229676,0.009867430664598942,0.999937117099762,0.005334163550287485,-0.1271444410085678,-0.0040364935994148258,0.9918760061264038],[-2181.06640625,39.76344299316406,6946.578125,0.9950467348098755,-0.0010418510064482689,0.0994025319814682,0.0005246596992947161,0.9999861717224121,0.005228997673839331,-0.09940660744905472,-0.005150944925844669,0.9950335621833801],[-2181.478759765625,39.766090393066409,6939.00537109375,0.9963326454162598,0.002036413410678506,0.08554032444953919,-0.002495527733117342,0.9999830722808838,0.00526063796132803,-0.08552815765142441,-0.0054548135958611969,0.9963208436965942],[-2181.972412109375,39.759315490722659,6931.359375,0.99693763256073,0.00017993620713241398,0.07820028811693192,-0.000596225552726537,0.9999857544898987,0.005300058051943779,-0.07819822430610657,-0.0053304522298276428,0.996923565864563],[-2182.518798828125,39.752620697021487,6923.33251953125,0.9972366094589233,-0.0017343267099931837,0.07427090406417847,0.0013414324494078756,0.999984860420227,0.0053395736031234268,-0.07427904009819031,-0.005225188564509153,0.9972237944602966],[-2183.053955078125,39.7504997253418,6915.5146484375,0.9973776936531067,-0.0015932413516566158,0.07235438376665116,0.0011969682527706028,0.9999840259552002,0.005519865080714226,-0.0723620280623436,-0.005418784450739622,0.9973636865615845],[-2183.617919921875,39.74576187133789,6907.30419921875,0.9974547028541565,-0.000457094720331952,0.07130182534456253,0.000044772201363230127,0.9999832510948181,0.00578426755964756,-0.07130327075719834,-0.005766352638602257,0.9974380135536194],[-2184.16162109375,39.742610931396487,6899.4912109375,0.9974913001060486,-0.000019170074665453286,0.07078958302736283,-0.00039660060429014266,0.9999827742576599,0.005859271623194218,-0.07078847289085388,-0.005872647278010845,0.9974740743637085],[-2184.70361328125,39.73874282836914,6891.7841796875,0.997509241104126,-0.0002061484265141189,0.07053577899932862,-0.0002106874599121511,0.9999825358390808,0.00590207614004612,-0.07053576409816742,-0.0059022363275289539,0.9974917769432068],[-2185.300537109375,39.738407135009769,6883.869140625,0.9973649978637695,0.000998178729787469,0.07254021614789963,-0.0014313182327896357,0.9999814629554749,0.005919288378208876,-0.07253295928239823,-0.006007519084960222,0.9973479509353638],[-2186.0068359375,39.747833251953128,6876.2998046875,0.996751070022583,0.005019878502935171,0.08038710802793503,-0.005491409916430712,0.9999690055847168,0.0056457556784152988,-0.08035627752542496,-0.006068851333111525,0.9967477321624756],[-2186.951904296875,39.759281158447269,6868.603515625,0.9953658580780029,0.009850060567259789,0.09565458446741104,-0.010416644625365734,0.9999310374259949,0.005425682291388512,-0.09559454023838043,-0.00639693858101964,0.9953997731208801],[-2188.077880859375,39.75886154174805,6860.70751953125,0.993808925151825,0.008176552131772042,0.1108013242483139,-0.008806722238659859,0.999947726726532,0.005199170205742121,-0.11075302213430405,-0.006142778322100639,0.9938289523124695],[-2189.278076171875,39.74394607543945,6852.24658203125,0.9928117394447327,0.00045271028648130596,0.11968570947647095,-0.0010874246945604683,0.9999856948852539,0.005237920209765434,-0.11968162655830383,-0.005330417770892382,0.9927980303764343],[-2190.41943359375,39.7353630065918,6843.81884765625,0.9922685027122498,-0.003083587624132633,0.12407148629426956,0.002449495019391179,0.9999831318855286,0.005262924358248711,-0.12408562749624253,-0.004918321501463652,0.9922593235969544],[-2191.601318359375,39.731998443603519,6834.755859375,0.9919880032539368,-0.0017526769079267979,0.12631982564926148,0.0010691310744732619,0.9999844431877136,0.005478826817125082,-0.12632745504379273,-0.005299878306686878,0.991974413394928],[-2192.768798828125,39.73478698730469,6825.71826171875,0.9918492436408997,0.0001188376554637216,0.12741675972938538,-0.00081357586896047,0.9999850988388062,0.005400457419455051,-0.12741421163082124,-0.005460102576762438,0.9918345808982849],[-2194.032470703125,39.73367691040039,6815.98876953125,0.9917746186256409,0.0003144817310385406,0.12799590826034547,-0.001012257533147931,0.9999849796295166,0.005386534612625837,-0.12799228727817536,-0.005471793469041586,0.9917600750923157],[-2195.2998046875,39.730247497558597,6806.2705078125,0.9917641282081604,-0.0008613732643425465,0.12807480990886689,0.00008914108911994845,0.9999817609786987,0.006035149563103914,-0.1280776709318161,-0.005974028259515762,0.9917461276054382],[-2196.608154296875,39.728416442871097,6796.19873046875,0.9917395114898682,-0.0013876883313059807,0.12826092541217805,0.0006342559936456382,0.9999822974205017,0.005914872977882624,-0.12826687097549439,-0.005784662906080484,0.991722822189331],[-2198.0107421875,39.72697067260742,6785.35791015625,0.9917280673980713,-0.0011092694476246834,0.1283518224954605,0.00036165094934403896,0.9999828338623047,0.005847919266670942,-0.12835609912872315,-0.005753126926720142,0.991711437702179],[-2199.4638671875,39.725894927978519,6774.12841796875,0.9917236566543579,-0.0008415016927756369,0.1283879429101944,0.00009996993321692571,0.9999832510948181,0.005782046355307102,-0.12839066982269288,-0.005721357185393572,0.9917071461677551],[-2200.899658203125,39.721099853515628,6763.0419921875,0.9917209148406982,-0.0008207333157770336,0.12840940058231355,0.000053500585636356848,0.9999821186065674,0.005978230852633715,-0.12841200828552247,-0.005921866279095411,0.9917032122612],[-2202.35009765625,39.71887969970703,6751.8408203125,0.9917203783988953,-0.0007752031087875366,0.12841393053531648,0.000007976123924890999,0.9999821782112122,0.005975046660751104,-0.1284162700176239,-0.005924551282078028,0.991702675819397],[-2203.872802734375,39.71709442138672,6740.0810546875,0.9917206168174744,-0.0007901101489551365,0.12841194868087769,0.00002708540705498308,0.9999823570251465,0.005943644791841507,-0.12841437757015229,-0.005890956614166498,0.9917030930519104],[-2205.35595703125,39.71562194824219,6728.62744140625,0.9917204976081848,-0.0008188916835933924,0.12841273844242097,0.00006112542905611917,0.9999825358390808,0.0059048510156571869,-0.1284153312444687,-0.005848112516105175,0.9917032122612],[-2206.925537109375,39.71746063232422,6716.505859375,0.9917204976081848,-0.0007796216523274779,0.12841276824474336,0.000058166773669654506,0.9999842047691345,0.005621903110295534,-0.12841512262821198,-0.005567887332290411,0.9917048811912537],[-2208.48681640625,39.717506408691409,6704.478515625,0.9916900992393494,-0.000578191364184022,0.1286483258008957,-0.00013378963922150433,0.9999847412109375,0.005525609944015741,-0.1286495476961136,-0.005496904253959656,0.9916749000549316],[-2210.169921875,39.722503662109378,6692.1171875,0.9911665320396423,0.002386216539889574,0.1326015293598175,-0.0031311761122196914,0.9999804496765137,0.005409794393926859,-0.1325860321521759,-0.0057772062718868259,0.991154670715332],[-2212.19091796875,39.736236572265628,6678.95654296875,0.9894720315933228,0.009362633340060711,0.14442120492458344,-0.010244845412671566,0.999933123588562,0.005366108845919371,-0.14436131715774537,-0.0067891874350607399,0.9895017743110657],[-2214.555419921875,39.75518035888672,6666.0048828125,0.9862105250358582,0.017233215272426606,0.16459594666957856,-0.01836860179901123,0.9998168349266052,0.005378323141485453,-0.16447310149669648,-0.008327556774020195,0.986346423625946],[-2217.47607421875,39.77727508544922,6652.8232421875,0.9808188080787659,0.023667948320508004,0.19347956776618958,-0.025181002914905549,0.999668538570404,0.005364381242543459,-0.19328846037387849,-0.010133495554327965,0.9810896515846252],[-2221.051513671875,39.77898025512695,6638.8828125,0.974570631980896,0.02148696407675743,0.2230479121208191,-0.02331387624144554,0.9997127056121826,0.005560361314564943,-0.22286435961723329,-0.01061907596886158,0.9747916460037231],[-2224.7646484375,39.756622314453128,6625.1484375,0.9706203937530518,0.008433769457042218,0.24046821892261506,-0.010064905509352684,0.9999338984489441,0.005555789917707443,-0.24040547013282777,-0.00781285297125578,0.9706411361694336],[-2228.53955078125,39.73134994506836,6611.06689453125,0.9687922596931458,-0.0038142537232488395,0.2478446215391159,0.0025052151177078487,0.9999812245368958,0.005596849601715803,-0.24786131083965302,-0.004801280330866575,0.9687836170196533],[-2232.47314453125,39.724613189697269,6596.07861328125,0.968011736869812,-0.0056782993488013748,0.25084060430526736,0.0043784016743302349,0.9999739527702332,0.005739928688853979,-0.2508666515350342,-0.004458037670701742,0.9680113792419434],[-2236.301025390625,39.726341247558597,6581.34228515625,0.9677534103393555,-0.0020070720929652454,0.2518914043903351,0.0005576610565185547,0.9999828934669495,0.005825365427881479,-0.25189876556396487,-0.005497047211974859,0.9677379727363586],[-2240.178466796875,39.72909927368164,6566.4423828125,0.9676545262336731,0.00008695114956935868,0.25227898359298708,-0.0015697681810706854,0.9999826550483704,0.0056764292530715469,-0.2522740960121155,-0.005888842046260834,0.9676378965377808],[-2244.2578125,39.725830078125,6550.8271484375,0.9676176905632019,-0.0005225054337643087,0.25241968035697939,-0.0009182200883515179,0.9999839663505554,0.005589829757809639,-0.25241854786872866,-0.005640595220029354,0.9676017165184021],[-2248.228759765625,39.73063278198242,6535.6552734375,0.9676968455314636,-0.002287836279720068,0.252106249332428,0.0005777734331786633,0.9999763369560242,0.006856921128928661,-0.25211596488952639,-0.006489760708063841,0.9676752686500549],[-2252.21826171875,39.7281494140625,6520.36328125,0.9676525592803955,-0.0024627516977488996,0.25227469205856326,0.0008048282470554113,0.9999774098396301,0.006674875505268574,-0.2522854208946228,-0.006255922373384237,0.9676326513290405],[-2256.380615234375,39.72667694091797,6504.35498046875,0.9677650332450867,-0.002180330688133836,0.25184541940689089,0.0005663283518515527,0.9999788403511047,0.006481006741523743,-0.25185421109199526,-0.0061294641345739368,0.9677457809448242],[-2260.325439453125,39.71931838989258,6488.7958984375,0.9689409732818604,-0.0055827246978878979,0.2472291886806488,0.004156405571848154,0.9999715685844421,0.00629073940217495,-0.2472572773694992,-0.00506777036935091,0.9689366221427918],[-2264.077880859375,39.70674133300781,6473.0732421875,0.9715056419372559,-0.012093855999410153,0.23670771718025208,0.01093098521232605,0.9999209046363831,0.006224492564797401,-0.23676426708698274,-0.003459680825471878,0.9715609550476074],[-2267.6904296875,39.7077522277832,6457.2255859375,0.9734742641448975,-0.011224024929106236,0.22852101922035218,0.010091092437505722,0.9999303221702576,0.00612558051943779,-0.22857384383678437,-0.0036570685915648939,0.9735196828842163],[-2271.43701171875,39.78840637207031,6440.82080078125,0.9740625023841858,-0.005665733013302088,0.22620806097984315,0.005216851830482483,0.9999830722808838,0.0025821244344115259,-0.22621886432170869,-0.0013350568478927017,0.9740755558013916],[-2275.083984375,39.88040542602539,6425.79150390625,0.9734683036804199,-0.022982973605394365,0.2276647537946701,0.02440863661468029,0.9996961355209351,-0.00344824674539268,-0.2275163233280182,0.008913745172321797,0.9737334847450256],[-2278.999755859375,39.868160247802737,6410.2490234375,0.9720205068588257,-0.059082671999931338,0.2273440659046173,0.05888541042804718,0.9982354044914246,0.007656186353415251,-0.22739523649215699,0.005945277400314808,0.9737843871116638],[-2283.200927734375,39.82229232788086,6394.2138671875,0.9677150845527649,-0.0829630121588707,0.23800131678581239,0.08316439390182495,0.9964932799339294,0.009212728589773178,-0.2379310131072998,0.010877938941121102,0.9712211489677429],[-2287.39599609375,39.857093811035159,6378.77685546875,0.9644849896430969,-0.06733613461256027,0.2554105818271637,0.06738588213920593,0.9976902008056641,0.008566335774958134,-0.2553974390029907,0.008948964066803456,0.9667947292327881],[-2292.202880859375,39.913490295410159,6362.83642578125,0.9588926434516907,-0.042750414460897449,0.2805303633213043,0.042175814509391788,0.9990774393081665,0.008087890222668648,-0.28061729669570925,0.004076177254319191,0.9598110914230347],[-2297.336181640625,39.91787338256836,6347.6025390625,0.9519756436347961,-0.040629759430885318,0.3034660220146179,0.04009730741381645,0.9991638660430908,0.007988130673766137,-0.3035368323326111,0.004563664551824331,0.9528087973594666],[-2302.698974609375,39.851226806640628,6332.39208984375,0.9468315243721008,-0.05894390493631363,0.3162841200828552,0.05912478268146515,0.9982097148895264,0.009033559821546078,-0.31625035405158999,0.010146969929337502,0.9486215114593506],[-2307.910888671875,39.81553268432617,6317.2333984375,0.9449993371963501,-0.06148409843444824,0.3212413191795349,0.060898009687662128,0.9980732798576355,0.011882207356393338,-0.32135292887687685,0.008334279991686345,0.9469228386878967],[-2313.383056640625,39.92951583862305,6302.5537109375,0.9381637573242188,-0.0643828883767128,0.3401522636413574,0.07113944739103317,0.9974387884140015,-0.007415667176246643,-0.33880361914634707,0.031155353412032129,0.9403411149978638],[-2318.749267578125,39.790863037109378,6287.63525390625,0.9402406215667725,-0.1254471242427826,0.31656065583229067,0.10512887686491013,0.9911918640136719,0.08053981512784958,-0.3238758146762848,-0.04244713857769966,0.945146918296814],[-2323.894287109375,40.03443908691406,6273.57568359375,0.9443089365959168,-0.16605828702449799,0.28408679366111758,0.14104729890823365,0.9842590093612671,0.10648904740810394,-0.2972983717918396,-0.060488879680633548,0.9528666138648987],[-2328.44677734375,39.90041732788086,6259.931640625,0.9620197415351868,-0.12639734148979188,0.24195395410060883,0.11560612171888352,0.9915798902511597,0.0583486370742321,-0.24729177355766297,-0.02816118486225605,0.9685317277908325],[-2332.5830078125,39.52384567260742,6245.67529296875,0.9731315970420837,-0.06942074000835419,0.21953502297401429,0.07154494524002075,0.9974358677864075,-0.0017305506626144052,-0.2188519686460495,0.017390675842761995,0.9756031036376953],[-2336.326416015625,39.705406188964847,6230.58056640625,0.9707098007202148,-0.01217719167470932,0.23994630575180055,0.011727933771908284,0.9999257922172546,0.0033001878764480354,-0.2399686872959137,-0.00038945028791204095,0.9707805514335632],[-2339.964111328125,39.79069137573242,6215.9111328125,0.9683443307876587,0.02680043689906597,0.24817542731761933,-0.028504276648163797,0.9995883107185364,0.003274103393778205,-0.24798551201820374,-0.010244520381093026,0.9687095880508423],[-2344.0166015625,39.77861404418945,6200.64111328125,0.9677242040634155,0.018765036016702653,0.2513119876384735,-0.020208310335874559,0.9997907876968384,0.0031632448080927135,-0.2512000501155853,-0.00813973881304264,0.9679009914398193],[-2348.0029296875,39.73884201049805,6185.9541015625,0.9675197005271912,-0.003477283986285329,0.25277161598205569,0.002774190390482545,0.999991238117218,0.0031378904823213817,-0.2527802884578705,-0.0023347344249486925,0.9675208926200867],[-2351.908447265625,39.72539138793945,6171.2490234375,0.9672849178314209,-0.010675892233848572,0.253467857837677,0.010214036330580712,0.9999428987503052,0.0031380695290863516,-0.25348690152168276,-0.0004464772355277091,0.9673387408256531],[-2355.881103515625,39.73694610595703,6155.96142578125,0.9672900438308716,-0.003995883744210005,0.2536414563655853,0.0033143428154289724,0.9999896287918091,0.0031142833177000286,-0.25365129113197329,-0.0021717604249715807,0.9672932624816895],[-2359.558349609375,39.746864318847659,6141.8056640625,0.9673043489456177,0.0019198482623323799,0.25361111760139468,-0.0028065063524991276,0.9999911785125732,0.0031343833543360235,-0.25360286235809328,-0.0037436638958752157,0.9673011898994446],[-2363.563232421875,39.74538040161133,6126.5263671875,0.9673106074333191,0.002013945719227195,0.25358662009239199,-0.002913266886025667,0.999990701675415,0.003170935669913888,-0.2535778880119324,-0.0038060450460761787,0.9673075079917908],[-2367.43505859375,39.7396240234375,6111.8134765625,0.9673054814338684,-0.0004926222027279437,0.25361353158950808,-0.0003322070697322488,0.9999948143959045,0.0032094712369143965,-0.25361379981040957,-0.0031887914519757034,0.967300295829773],[-2371.30029296875,39.736183166503909,6097.10205078125,0.9672946929931641,-0.0017846380360424519,0.2536490559577942,0.0009935303824022413,0.9999942183494568,0.003246971173211932,-0.2536533772945404,-0.002888769842684269,0.9672908782958984],[-2375.1513671875,39.735450744628909,6082.4140625,0.9672902226448059,-0.0015116528375074268,0.25366780161857607,0.0007026683888398111,0.9999943971633911,0.003279722761362791,-0.2536713182926178,-0.0029941995162516834,0.9672858119010925],[-2378.991943359375,39.73505783081055,6067.75390625,0.9672945141792297,-0.0009305979474447668,0.2536543011665344,0.00008897137740859762,0.9999944567680359,0.003329457715153694,-0.2536559998989105,-0.0031979980412870647,0.9672892093658447],[-2382.9755859375,39.73418426513672,6052.56103515625,0.967296302318573,-0.000737302761990577,0.25364813208580019,-0.00011915657523786649,0.9999943375587463,0.003361184848472476,-0.25364917516708376,-0.0032814855221658947,0.9672906994819641],[-2386.951904296875,39.73286819458008,6037.3984375,0.9672952890396118,-0.000828020041808486,0.2536516785621643,-0.00003354524960741401,0.9999942183494568,0.003392303129658103,-0.25365304946899416,-0.0032898676581680776,0.9672896862030029],[-2390.7734375,39.731597900390628,6022.826171875,0.9672954082489014,-0.0009340016404166818,0.25365087389945986,0.0000674367111059837,0.999994158744812,0.003425042377784848,-0.25365257263183596,-0.0032959224190562965,0.9672898054122925],[-2394.5869140625,39.73052978515625,6008.28173828125,0.9672949910163879,-0.0009586848318576813,0.2536523640155792,0.0000853243182064034,0.9999940395355225,0.0034541182685643436,-0.2536541819572449,-0.0033195086289197208,0.9672892689704895],[-2398.393310546875,39.729549407958987,5993.76611328125,0.9672951102256775,-0.0009318429511040449,0.2536519765853882,0.00004975260890205391,0.9999939203262329,0.003483954118564725,-0.2536536753177643,-0.003357391804456711,0.9672892689704895],[-2402.192626953125,39.728939056396487,5979.27880859375,0.9672948122024536,-0.0009593320428393781,0.2536529302597046,0.0000670864901621826,0.9999938011169434,0.0035262107849121095,-0.25365471839904787,-0.0033938686829060318,0.9672888517379761],[-2405.98486328125,39.727699279785159,5964.81884765625,0.967294692993