{"DriveData":[[-1927.880859375,29.723709106445314,7189.53125,0.5235578417778015,0.004334835335612297,-0.85197913646698,0.00019305753812659532,0.9999864101409912,0.00520652811974287,0.8519901037216187,-0.0028903994243592026,0.5235499143600464],[-1927.873779296875,29.72240447998047,7189.52783203125,0.5235586762428284,0.004384929314255714,-0.8519783616065979,0.00018171743431594223,0.9999861717224121,0.005258359480649233,0.8519896268844605,-0.002907878952100873,0.5235506296157837],[-1927.8428955078126,29.721094131469728,7189.50927734375,0.5235593914985657,0.004435584414750338,-0.8519776463508606,0.000165807650773786,0.9999858736991882,0.005308040417730808,0.8519891500473023,-0.002920338651165366,0.5235512256622315],[-1927.7689208984376,29.720905303955079,7189.46337890625,0.5235570669174194,0.004388344939798117,-0.8519793152809143,0.00016707857139408588,0.9999861717224121,0.005253366660326719,0.8519905805587769,-0.0028927845414727928,0.5235490798950195],[-1927.5391845703126,29.72104263305664,7189.322265625,0.5235595703125,0.0043227034620940689,-0.8519781231880188,0.00020298859453760087,0.999986469745636,0.0051983981393277649,0.8519890308380127,-0.0028946129605174066,0.5235515832901001],[-1927.0948486328126,29.72047233581543,7189.04931640625,0.5235597491264343,0.004286560229957104,-0.8519781827926636,0.0002427770523354411,0.9999865293502808,0.005180427338927984,0.8519889116287231,-0.0029191041830927135,0.5235517024993897],[-1926.41552734375,29.71985626220703,7188.63134765625,0.5235608816146851,0.0042656478472054008,-0.8519775867462158,0.00026800212799571455,0.9999865889549255,0.005171387456357479,0.8519881963729858,-0.002935867989435792,0.5235527157783508],[-1925.4888916015626,29.71939468383789,7188.06298828125,0.5235633850097656,0.004230090882629156,-0.851976215839386,0.0002917980891652405,0.9999867081642151,0.005144285969436169,0.8519867062568665,-0.002941964892670512,0.5235551595687866],[-1924.2967529296876,29.71896743774414,7187.33154296875,0.5235641598701477,0.004191848449409008,-0.8519759178161621,0.00031309088808484375,0.9999868869781494,0.005112487822771072,0.8519861698150635,-0.0029434612952172758,0.5235559940338135],[-1922.8121337890626,29.718990325927736,7186.41943359375,0.5235664248466492,0.0041423668153584,-0.8519747853279114,0.00030607107328251004,0.9999871850013733,0.005050105042755604,0.8519847989082336,-0.0029048302676528694,0.5235584378242493],[-1920.998779296875,29.71932601928711,7185.30517578125,0.5235669016838074,0.004076570272445679,-0.8519747853279114,0.0003018384159076959,0.9999876022338867,0.004970278590917587,0.8519845008850098,-0.0028594322502613069,0.5235592126846314],[-1918.819091796875,29.7199764251709,7183.9638671875,0.5236974954605103,0.004052110482007265,-0.8518946766853333,0.0001852441782830283,0.9999881386756897,0.004870407748967409,0.8519042730331421,-0.0027084287721663715,0.5236905217170715],[-1916.252685546875,29.725011825561525,7182.34130859375,0.5255102515220642,0.004451530985534191,-0.8507755994796753,-0.0006941974861547351,0.9999881982803345,0.004803464747965336,0.8507869839668274,-0.0019336636178195477,0.5255071520805359],[-1913.47216796875,29.72373390197754,7180.48388671875,0.5308882594108582,0.00617125304415822,-0.8474193811416626,-0.003083253977820277,0.9999809265136719,0.00535068241879344,0.847436249256134,-0.00022780525614507496,0.5308971405029297],[-1910.86376953125,29.731395721435548,7178.58935546875,0.5403376817703247,0.007232184987515211,-0.8414171934127808,-0.005390922538936138,0.9999722838401794,0.005133084952831268,0.8414310216903687,0.00176241563167423,0.5403617024421692],[-1908.476318359375,29.758560180664064,7176.66357421875,0.55434650182724,0.00947749987244606,-0.8322319984436035,-0.006107185035943985,0.9999545812606812,0.007319560274481773,0.8322635293006897,0.0010250220075249673,0.5543792247772217],[-1906.239013671875,29.78153419494629,7174.61865234375,0.5729546546936035,0.009077607654035092,-0.8195368051528931,-0.00701619777828455,0.9999563694000244,0.006170862354338169,0.8195570707321167,0.00221440801396966,0.5729933381080627],[-1904.25048828125,29.793594360351564,7172.55029296875,0.5949218273162842,0.00892292894423008,-0.8037340641021729,-0.007644845638424158,0.999955952167511,0.0054426598362624649,0.8037472367286682,0.0029064654372632505,0.5949638485908508],[-1902.305419921875,29.794408798217775,7170.27099609375,0.6209924221038818,0.0096213323995471,-0.7837575078010559,-0.008677749894559384,0.9999477863311768,0.005399645306169987,0.7837685346603394,0.003448112402111292,0.6210435032844544],[-1900.4049072265626,29.793296813964845,7167.78125,0.6497383713722229,0.010214059613645077,-0.7600892782211304,-0.00934609118849039,0.9999414682388306,0.005447975359857082,0.7601004242897034,0.003564104437828064,0.6497958302497864],[-1898.5264892578126,29.7493896484375,7165.09716796875,0.6792815923690796,0.012711448594927788,-0.7337676286697388,-0.010374894365668297,0.9999163746833801,0.007717580534517765,0.7338044047355652,0.0023703512270003559,0.6793566942214966],[-1896.6405029296876,29.74235725402832,7162.07958984375,0.7115241289138794,0.01447860337793827,-0.7025124430656433,-0.012308279983699322,0.9998911023139954,0.008141334168612957,0.7025538682937622,0.0028539644554257395,0.7116248607635498],[-1894.9561767578126,29.7408447265625,7159.07470703125,0.7414980530738831,0.014992735348641873,-0.670787513256073,-0.012832035310566426,0.9998843669891357,0.008163646794855595,0.6708323359489441,0.0025542411021888258,0.7416046261787415],[-1893.287841796875,29.75310707092285,7155.73876953125,0.7724928259849548,0.01464635506272316,-0.6348546147346497,-0.0128445103764534,0.9998898506164551,0.0074386317282915119,0.6348935961723328,0.0024081068113446237,0.7725958228111267],[-1891.7442626953126,29.80313491821289,7152.189453125,0.8031641840934753,0.012062975205481053,-0.5956356525421143,-0.011549348942935467,0.9999223351478577,0.004677382297813892,0.5956457853317261,0.003122497582808137,0.8032411336898804],[-1890.266357421875,29.771303176879884,7148.4443359375,0.8313263654708862,0.012261559255421162,-0.5556492805480957,-0.010630151256918908,0.9999245405197144,0.006161276251077652,0.555682897567749,0.0007846051012165844,0.8313939571380615],[-1888.90673828125,29.751983642578126,7144.49365234375,0.8582941889762878,0.014600560069084168,-0.5129501819610596,-0.012697240337729454,0.9998933672904968,0.007215193938463926,0.5130007863044739,0.00032029239810071886,0.8583880662918091],[-1887.702392578125,29.754915237426759,7140.33203125,0.883756160736084,0.016407396644353868,-0.46765998005867007,-0.014748528599739075,0.9998652338981628,0.007208405062556267,0.46771523356437685,0.000526824442204088,0.8838790655136108],[-1886.881103515625,29.93287467956543,7136.2177734375,0.9078335762023926,0.004108914639800787,-0.41931048035621645,-0.0054526193998754028,0.9999831318855286,-0.002006212715059519,0.41929513216018679,0.004107647575438023,0.9078406691551209],[-1886.33349609375,29.987388610839845,7131.853515625,0.9287353157997131,-0.028917888179421426,-0.36961397528648379,0.02814583107829094,0.9995757937431336,-0.00748238293454051,0.36967355012893679,-0.0034539392217993738,0.9291552901268005],[-1885.7578125,30.13591766357422,7127.60498046875,0.9469162225723267,-0.018628761172294618,-0.320940226316452,0.01496308296918869,0.9997916221618652,-0.013884495943784714,0.32113200426101687,0.00834519974887371,0.9469977021217346],[-1885.2374267578126,30.191116333007814,7123.6845703125,0.9607897400856018,0.0200802031904459,-0.2765500247478485,-0.024632800370454789,0.9996120929718018,-0.012997747398912907,0.27618172764778139,0.019300302490592004,0.9609116315841675],[-1885.03173828125,30.147415161132814,7119.99560546875,0.9713929295539856,0.03842499852180481,-0.2343485802412033,-0.04170912131667137,0.9990885853767395,-0.009071830660104752,0.2337864190340042,0.018586786463856698,0.9721103310585022],[-1885.1627197265626,30.063457489013673,7116.1123046875,0.981529951095581,0.029429113492369653,-0.18903154134750367,-0.031053932383656503,0.9995018243789673,-0.005638800095766783,0.18877142667770387,0.011404823511838913,0.98195481300354],[-1885.489013671875,29.998661041259767,7112.5078125,0.9892103672027588,0.01625601202249527,-0.14559747278690339,-0.016942903399467469,0.9998503923416138,-0.0034788751509040596,0.14551915228366853,0.005908183287829161,0.9893378019332886],[-1886.0946044921876,30.018388748168947,7109.1787109375,0.9936677813529968,-0.013945008628070355,-0.11148927360773087,0.014987328089773655,0.999851405620575,0.008516409434378147,0.11135394871234894,-0.010133408010005951,0.9937291741371155],[-1886.8515625,29.950780868530275,7106.06494140625,0.9958708882331848,-0.0572047159075737,-0.0704900249838829,0.05794353038072586,0.998283863067627,0.008479634299874306,0.06988397985696793,-0.012529062107205391,0.9974764585494995],[-1887.5919189453126,29.93443489074707,7102.88427734375,0.9973446130752564,-0.06766631454229355,-0.02692617103457451,0.06789298355579376,0.9976637363433838,0.007593742571771145,0.026349423453211786,-0.009401676245033741,0.99960857629776],[-1888.24755859375,29.975662231445314,7100.03564453125,0.998591959476471,-0.051352474838495257,0.01330676767975092,0.051284026354551318,0.9986693263053894,0.005435366649180651,-0.013568180613219738,-0.004745288752019405,0.9998967051506043],[-1889.07275390625,30.086387634277345,7096.80712890625,0.9981046915054321,-0.00841448549181223,0.06096034497022629,0.007637482602149248,0.9998867511749268,0.012967859394848347,-0.06106255576014519,-0.012477697804570198,0.9980559349060059],[-1890.0635986328126,30.140850067138673,7093.79541015625,0.9940266013145447,0.019576188176870347,0.10736793279647827,-0.020849090069532396,0.9997248649597168,0.01074573677033186,-0.10712803900241852,-0.012920072302222252,0.9941613078117371],[-1891.3388671875,30.15767478942871,7090.787109375,0.9877079725265503,0.02324380725622177,0.15457241237163545,-0.02525228075683117,0.9996201395988464,0.011042739264667035,-0.15425701439380647,-0.014810307882726193,0.9879197478294373],[-1892.7720947265626,30.14800453186035,7087.87890625,0.9796552062034607,0.020966986194252969,0.19958974421024323,-0.02318499982357025,0.9996926188468933,0.008781835436820984,-0.19934426248073579,-0.013230659067630768,0.9798402190208435],[-1894.5225830078126,30.1297550201416,7084.71435546875,0.9684216380119324,0.017182331532239915,0.24872542917728425,-0.01955852098762989,0.9997836351394653,0.0070852478966116909,-0.24854986369609834,-0.011726208962500096,0.9685481190681458],[-1896.3321533203126,30.115459442138673,7081.7724609375,0.955737829208374,0.01230187900364399,0.29396241903305056,-0.015166407451033593,0.9998571276664734,0.007466898299753666,-0.2938285768032074,-0.011594750918447972,0.9557878375053406],[-1898.4151611328126,30.105541229248048,7078.72607421875,0.9400090575218201,0.00527794286608696,0.3411087095737457,-0.008255251683294773,0.9999394416809082,0.007277409080415964,-0.3410496413707733,-0.009656768292188645,0.9399957060813904],[-1900.68017578125,30.100418090820314,7075.69189453125,0.9216744899749756,0.0009220627252943814,0.3879629373550415,-0.003988467622548342,0.9999668598175049,0.007098711095750332,-0.3879435062408447,-0.008090078830718995,0.9216476678848267],[-1903.1226806640626,30.101783752441408,7072.67431640625,0.9006778001785278,0.0014832715969532729,0.43448513746261599,-0.005050553008913994,0.999962329864502,0.0070559498853981499,-0.43445828557014468,-0.008549527265131474,0.9006513953208923],[-1905.755126953125,30.109941482543947,7069.693359375,0.8770208358764648,0.0050759147852659229,0.48042553663253786,-0.00961107388138771,0.9999294281005859,0.006980385631322861,-0.4803561866283417,-0.010739348828792572,0.8770077228546143],[-1908.591796875,30.12034797668457,7066.76123046875,0.8506659269332886,0.009682616218924523,0.5256174802780151,-0.01568336971104145,0.9998527765274048,0.0069634635001420979,-0.5254726409912109,-0.014167034067213536,0.8506925106048584],[-1911.5133056640626,30.132373809814454,7064.0048828125,0.8227818012237549,0.015052084811031819,0.5681580305099487,-0.02311096340417862,0.9997085332870483,0.006983236875385046,-0.5678873658180237,-0.01887636072933674,0.8228898048400879],[-1914.879638671875,30.149635314941408,7061.10595703125,0.7898122668266296,0.022534534335136415,0.6129345893859863,-0.0339931920170784,0.9993970990180969,0.00705995736643672,-0.6124059557914734,-0.026411643251776696,0.7901021242141724],[-1918.2786865234376,30.294713973999025,7058.55615234375,0.7570576071739197,0.022096076980233194,0.6529743671417236,-0.028715435415506364,0.9995874762535095,-0.0005325209931470454,-0.6527167558670044,-0.01834729313850403,0.7573798298835754],[-1921.932373046875,30.2181453704834,7056.17578125,0.7200324535369873,0.012851808220148087,0.693821370601654,-0.020470350980758668,0.9997867345809937,0.0027244044467806818,-0.6936383843421936,-0.016164427623152734,0.7201419472694397],[-1925.8157958984376,29.995189666748048,7053.91357421875,0.6802639365196228,-0.0010273890802636743,0.7329664826393127,-0.01306812185794115,0.9998230934143066,0.013529921881854535,-0.7328507304191589,-0.018782412633299829,0.6801301836967468],[-1929.69091796875,29.890262603759767,7051.7734375,0.6409568190574646,-0.0017783482326194645,0.7675748467445374,-0.022000176832079889,0.9995439052581787,0.020686842501163484,-0.7672615647315979,-0.030146155506372453,0.6406253576278687],[-1934.031494140625,29.940248489379884,7049.57470703125,0.5961245894432068,0.009135058149695397,0.8028399348258972,-0.04696786031126976,0.9986196756362915,0.023511843755841256,-0.8015170097351074,-0.051723662763834,0.5957307815551758],[-1938.3809814453126,30.072256088256837,7047.76904296875,0.5536174178123474,0.005690538790076971,0.8327516913414002,-0.04758831486105919,0.998558759689331,0.024813376367092134,-0.8314103484153748,-0.053366366773843768,0.5530903339385986],[-1943.8092041015626,30.196918487548829,7045.99462890625,0.4973389804363251,0.0030432569328695537,0.8675509691238403,-0.01709764078259468,0.9998340010643005,0.006294236984103918,-0.8673878312110901,-0.01796344295144081,0.4973084628582001],[-1948.028076171875,30.334802627563478,7044.9150390625,0.4533252716064453,0.013732930645346642,0.8912393450737,0.0037527543026953937,0.9998430609703064,-0.017315205186605455,-0.8913372755050659,0.011194022372364998,0.45320257544517519],[-1952.7147216796876,30.59019660949707,7043.74755859375,0.4021570384502411,0.03703279048204422,0.914821445941925,-0.009217056445777417,0.9992947578430176,-0.03640051186084747,-0.9155243039131165,0.006206761114299297,0.40221476554870608],[-1957.5888671875,30.90968894958496,7042.71435546875,0.3495059311389923,0.0605909489095211,0.934972882270813,-0.03868371248245239,0.9979890584945679,-0.05021420121192932,-0.9361352324485779,-0.018618060275912286,0.35114696621894839],[-1962.7042236328126,31.215126037597658,7041.9560546875,0.29588010907173159,0.06610206514596939,0.9529352188110352,-0.05258540064096451,0.9972171187400818,-0.05284634232521057,-0.9537765383720398,-0.03447429835796356,0.29853272438049319],[-1967.98876953125,31.556631088256837,7041.52490234375,0.24156269431114198,0.06484456360340119,0.9682162404060364,-0.05724705755710602,0.996979296207428,-0.052488211542367938,-0.9686951041221619,-0.042748335748910907,0.24454517662525178],[-1973.387451171875,31.969894409179689,7041.41259765625,0.18738321959972382,0.06634009629487992,0.9800441265106201,-0.053705476224422458,0.9969164133071899,-0.05721377953886986,-0.9808176159858704,-0.04191283509135246,0.19036822021007539],[-1978.8585205078126,32.46882247924805,7041.60791015625,0.1310008019208908,0.07182418555021286,0.9887770414352417,-0.05177570879459381,0.9965066909790039,-0.06552601605653763,-0.9900293350219727,-0.04261067137122154,0.13426192104816438],[-1984.4056396484376,32.98262405395508,7042.1201171875,0.07409436255693436,0.07739851623773575,0.9942432045936585,-0.04745915159583092,0.996127724647522,-0.07400840520858765,-0.9961212873458862,-0.041702333837747577,0.07748071104288101],[-1990.2308349609376,33.52791213989258,7042.9990234375,0.014240638352930546,0.08333588391542435,0.9964197874069214,-0.04237448051571846,0.9956758618354797,-0.08266805857419968,-0.9990003108978272,-0.041045524179935458,0.017710374668240548],[-1995.6658935546876,34.0715446472168,7044.09765625,-0.04264509305357933,0.08621278405189514,0.9953636527061462,-0.0421455092728138,0.9952278733253479,-0.08800670504570008,-0.9982009530067444,-0.045703161507844928,-0.038808103650808337],[-2001.332275390625,34.66416549682617,7045.53564453125,-0.1009163036942482,0.08444073796272278,0.9913050532341003,-0.0468495711684227,0.9948830008506775,-0.08951486647129059,-0.9937912225723267,-0.05547572299838066,-0.09644390642642975],[-2006.9599609375,35.25615692138672,7047.36181640625,-0.1583355963230133,0.08274669200181961,0.9839119911193848,-0.042973391711711887,0.9949605464935303,-0.09059134870767594,-0.9864497780799866,-0.05662586912512779,-0.1539817750453949],[-2012.7308349609376,35.9267578125,7049.62451171875,-0.21507854759693147,0.08541666716337204,0.9728541374206543,-0.031089287251234056,0.9950639605522156,-0.09423990547657013,-0.9761017560958862,-0.05051432177424431,-0.211361363530159],[-2018.0894775390626,36.50009536743164,7051.86279296875,-0.25741448998451235,0.08791244029998779,0.9622936844825745,-0.016416098922491075,0.9953113198280335,-0.09532015770673752,-0.9661616086959839,-0.04033390060067177,-0.2547643780708313],[-2023.7432861328126,37.08883285522461,7054.1484375,-0.2870657444000244,0.09005831182003021,0.9536680579185486,-0.004506940953433514,0.9954327344894409,-0.0953589454293251,-0.9579002857208252,-0.031672414392232898,-0.2853487730026245],[-2029.5487060546876,37.54642868041992,7056.31884765625,-0.30182141065597536,0.08537621796131134,0.9495339393615723,0.005112325772643089,0.9961127042770386,-0.08793926984071732,-0.9533507823944092,-0.021687626838684083,-0.30108460783958437],[-2035.4637451171876,37.98365020751953,7058.2880859375,-0.30417975783348086,0.07806285470724106,0.9494107961654663,0.009407401084899903,0.9968343377113342,-0.07894811779260636,-0.9525681734085083,-0.015082931146025658,-0.3039512038230896],[-2041.1627197265626,38.47986602783203,7060.05517578125,-0.3010379374027252,0.07475036382675171,0.9506779313087463,0.012427939102053643,0.9971458911895752,-0.0744686871767044,-0.9535311460494995,-0.01060293335467577,-0.3011077642440796],[-2046.51220703125,38.78053665161133,7061.79052734375,-0.29365789890289309,0.07321564108133316,0.9531025886535645,0.04060725122690201,0.9971178770065308,-0.06408543139696121,-0.9550476670265198,0.01988368295133114,-0.2957846224308014],[-2051.928466796875,38.97693634033203,7063.11083984375,-0.2695279121398926,0.06576446443796158,0.9607443809509277,0.06483490020036698,0.9966409206390381,-0.050032809376716617,-0.9608075618743897,0.04880452901124954,-0.27288639545440676],[-2056.775146484375,39.17470169067383,7063.8603515625,-0.24265728890895844,0.059292443096637729,0.9682984352111816,0.06465696543455124,0.9968996047973633,-0.044840648770332339,-0.9679549932479858,0.0517263263463974,-0.24573862552642823],[-2061.426513671875,39.64882278442383,7064.3505859375,-0.21961639821529389,0.05169864371418953,0.9742155075073242,0.029237106442451478,0.9984951615333557,-0.046396199613809589,-0.97514808177948,0.018293876200914384,-0.22079743444919587],[-2065.844482421875,39.707950592041019,7064.607421875,-0.1785871535539627,0.03454393520951271,0.983317494392395,0.046261001378297809,0.9985730648040772,-0.02667807973921299,-0.9828359484672546,0.04072489216923714,-0.17993037402629853],[-2070.106689453125,39.72372817993164,7064.630859375,-0.1346513032913208,0.03281001001596451,0.9903497099876404,0.07673893868923187,0.9967952966690064,-0.02258986234664917,-0.9879170656204224,0.0729566290974617,-0.13673758506774903],[-2074.20458984375,39.79035568237305,7064.322265625,-0.09312710911035538,0.027019666507840158,0.9952875375747681,0.08030559867620468,0.9965787529945374,-0.019540680572390558,-0.9924103617668152,0.07810739427804947,-0.09497832506895066],[-2078.51416015625,39.882347106933597,7063.66552734375,-0.04711828753352165,0.018952099606394769,0.998709499835968,0.0666804164648056,0.9976494908332825,-0.015786057338118554,-0.9966612458229065,0.06585055589675904,-0.04827126860618591],[-2082.7509765625,39.73598098754883,7062.91552734375,0.0012851307401433588,-0.013942287303507328,0.9999019503593445,0.049615032970905307,0.9986722469329834,0.013861372135579586,-0.998767614364624,0.04959235340356827,0.0019751715008169414],[-2086.7529296875,39.622169494628909,7061.8349609375,0.05258719250559807,-0.027349745854735376,0.9982417225837708,0.049018293619155887,0.998490571975708,0.02477428875863552,-0.9974125623703003,0.04762929677963257,0.05384845286607742],[-2091.0166015625,39.695030212402347,7060.36865234375,0.10677429288625717,-0.030481886118650438,0.9938159584999085,0.0321180485188961,0.9991140961647034,0.027193667367100717,-0.9937644004821777,0.02901584282517433,0.10765871405601502],[-2094.9404296875,39.751976013183597,7058.7998046875,0.1529996544122696,-0.020168129354715349,0.9880204200744629,0.010544649325311184,0.9997681379318237,0.01877504214644432,-0.9881699681282044,0.007545754313468933,0.15317684412002564],[-2099.062744140625,39.80170440673828,7057.09130859375,0.20321351289749146,-0.02931942604482174,0.9786953926086426,0.007559662219136953,0.99956876039505,0.02837507799267769,-0.9791052937507629,0.0016324074240401388,0.20334751904010774],[-2103.29833984375,39.78435516357422,7055.14599609375,0.253318190574646,-0.032793693244457248,0.9668270349502564,0.023619480431079866,0.9993369579315186,0.027707859873771669,-0.9670946002006531,0.015817048028111459,0.25392478704452517],[-2107.2978515625,39.76932144165039,7052.94140625,0.3079574406147003,-0.026775045320391656,0.951023280620575,0.032228436321020129,0.9993237853050232,0.017698779702186586,-0.9508541226387024,0.02519952319562435,0.3086121380329132],[-2111.325439453125,39.635921478271487,7050.61767578125,0.3611530065536499,-0.03616345673799515,0.9318050742149353,0.07011797279119492,0.9974719882011414,0.011535371653735638,-0.9298666715621948,0.06117025017738342,0.3627757132053375],[-2115.155029296875,39.64108657836914,7047.78857421875,0.4091890752315521,-0.027668019756674768,0.912030041217804,0.058102913200855258,0.9983016848564148,0.004216914065182209,-0.9105978012084961,0.05126608908176422,0.4101017415523529],[-2119.005615234375,39.7608528137207,7044.4228515625,0.4593992233276367,-0.005550451576709747,0.8882125616073608,0.004841826856136322,0.9999812841415405,0.003744617337360978,-0.8882166743278503,0.0025802969466894867,0.4594174921512604],[-2122.749755859375,39.73243713378906,7041.11865234375,0.5046845078468323,-0.0003488627844490111,0.8633037805557251,-0.011756733059883118,0.9999043941497803,0.007277010008692741,-0.8632237911224365,-0.013822225853800774,0.5046321749687195],[-2126.491943359375,39.695091247558597,7037.69189453125,0.5501397252082825,-0.009617623873054982,0.8350172638893127,0.0061002192087471489,0.9999532699584961,0.0074982899241149429,-0.8350503444671631,0.0009686808916740119,0.5501726865768433],[-2130.126220703125,39.65789031982422,7033.9951171875,0.5943033695220947,-0.02011103369295597,0.8039894700050354,0.02336391620337963,0.9996970891952515,0.007736032363027334,-0.8039014935493469,0.014186792075634003,0.5945932269096375],[-2133.572509765625,39.65385437011719,7029.96142578125,0.6374962329864502,-0.021539127454161645,0.7701523303985596,0.02434326522052288,0.9996731877326965,0.007807999849319458,-0.7700688242912293,0.013770452700555325,0.6378121972084045],[-2136.840087890625,39.665870666503909,7025.634765625,0.6793428659439087,-0.017873436212539674,0.733603298664093,0.01796991191804409,0.9998087286949158,0.007718459237366915,-0.7336009740829468,0.00793930608779192,0.6795341372489929],[-2139.94921875,39.67152404785156,7021.06005859375,0.7193098068237305,-0.01624004915356636,0.6944996118545532,0.015176861546933651,0.9998554587364197,0.007661397568881512,-0.6945236325263977,0.0050294059328734879,0.7194522619247437],[-2142.86181640625,39.71550369262695,7016.23828125,0.7579291462898254,-0.01622328907251358,0.6521351337432861,0.016807464882731439,0.999844491481781,0.005339228548109531,-0.6521203517913818,0.00691398186609149,0.7580839395523071],[-2145.559814453125,39.73956298828125,7011.1787109375,0.7938129901885986,-0.015953775495290757,0.6079526543617249,0.01692507229745388,0.9998481869697571,0.004138501361012459,-0.6079264283180237,0.007004446350038052,0.7939624786376953],[-2148.04248046875,39.70282745361328,7005.89501953125,0.8265926241874695,-0.01720273867249489,0.562537670135498,0.016638584434986116,0.9998428225517273,0.006127062253654003,-0.562554657459259,0.004295246209949255,0.8267489671707153],[-2150.197998046875,39.675537109375,7000.60302734375,0.8559482097625732,-0.0189051553606987,0.5167158842086792,0.017567211762070657,0.9998177289962769,0.007480100728571415,-0.5167630910873413,0.0026746783405542375,0.8561242818832398],[-2152.29541015625,39.723854064941409,6994.69921875,0.8834567070007324,-0.01683279313147068,0.46821027994155886,0.01634030230343342,0.9998534321784973,0.005113889463245869,-0.46822771430015566,0.0031327977776527406,0.8836022615432739],[-2154.241455078125,39.748077392578128,6988.90283203125,0.9027438759803772,-0.010467462241649628,0.4300510883331299,0.009448905475437642,0.9999452233314514,0.004503993783146143,-0.43007466197013857,-0.0000024407215732935585,0.9027933478355408],[-2156.282958984375,39.76355743408203,6983.06591796875,0.9142537117004395,-0.0025705057196319105,0.40513402223587038,0.0008571941289119422,0.999989926815033,0.004410360474139452,-0.40514126420021059,-0.0036849097814410927,0.914246678352356],[-2158.48193359375,39.772216796875,6977.20166015625,0.9203449487686157,0.0007805275381542742,0.39110684394836428,-0.0026622118894010784,0.9999873638153076,0.0042690010741353039,-0.3910985589027405,-0.004970162641257048,0.9203353524208069],[-2160.896240234375,39.76772689819336,6971.02880859375,0.9237203001976013,-0.0007742777233943343,0.3830668032169342,-0.0010269165504723788,0.9999893307685852,0.004497526679188013,-0.38306620717048647,-0.004547834396362305,0.9237096905708313],[-2163.30712890625,39.761600494384769,6964.9599609375,0.9254966378211975,-0.002188822254538536,0.3787494897842407,0.000486075587105006,0.9999893307685852,0.004591260105371475,-0.37875550985336306,-0.004065094981342554,0.9254878163337708],[-2165.787841796875,39.757652282714847,6958.74169921875,0.9264816045761108,-0.002371815964579582,0.376332551240921,0.0006576681043952704,0.9999887943267822,0.004683283623307943,-0.37633946537971499,-0.0040914746932685379,0.9264728426933289],[-2168.317626953125,39.75114440917969,6952.416015625,0.9270259141921997,-0.002064384752884507,0.37499159574508669,0.0001835815201047808,0.9999872446060181,0.005051242187619209,-0.37499722838401797,-0.00461379112675786,0.9270144701004028],[-2170.92919921875,39.7481689453125,6945.90625,0.9273258447647095,-0.0017740274779498578,0.3742506802082062,-0.0001629046892048791,0.9999867677688599,0.005143797490745783,-0.37425485253334048,-0.0048309434205293659,0.9273133277893066],[-2173.528564453125,39.74527359008789,6939.439453125,0.9274823665618897,-0.0017401152290403844,0.3738628923892975,-0.0002320133353350684,0.9999862909317017,0.005229937843978405,-0.37386685609817507,-0.004937416408210993,0.9274692535400391],[-2175.83740234375,39.74226760864258,6933.69873046875,0.9275619387626648,-0.0017944654682651163,0.3736651539802551,-0.00020311030675657094,0.9999858736991882,0.0053064557723701,-0.3736693859100342,-0.004997961688786745,0.9275484681129456],[-2178.359619140625,39.742855072021487,6927.4296875,0.9276114702224731,-0.0018071990925818682,0.3735421299934387,-0.0001140163658419624,0.9999868869781494,0.005121077876538038,-0.3735464811325073,-0.004792960360646248,0.9275990724563599],[-2180.982421875,39.7410888671875,6920.9140625,0.9276384711265564,-0.001823076861910522,0.37347492575645449,-0.00010778103023767471,0.9999867081642151,0.0051490324549376968,-0.37347936630249026,-0.004816694185137749,0.9276259541511536],[-2183.7197265625,39.739810943603519,6914.1123046875,0.9276565909385681,-0.0017872867174446583,0.3734300434589386,-0.00014732444833498448,0.9999867081642151,0.005152048077434301,-0.37343430519104006,-0.004834346938878298,0.9276440143585205],[-2186.579833984375,39.73865509033203,6907.0048828125,0.927666962146759,-0.0017414928879588843,0.3734045922756195,-0.00019558270287234336,0.9999867081642151,0.005149656906723976,-0.37340858578681948,-0.004850198049098253,0.9276543259620667],[-2189.580322265625,39.73554611206055,6899.59521484375,0.9272890686988831,-0.001124079804867506,0.3743443787097931,-0.0009736551437526941,0.999984860420227,0.005414593033492565,-0.3743447959423065,-0.005385375581681728,0.9272739291191101],[-2192.609619140625,39.740943908691409,6892.38134765625,0.9251623749732971,0.0018762398976832629,0.3795669376850128,-0.004231870640069246,0.999976634979248,0.005371836479753256,-0.37954798340797427,-0.006576098967343569,0.9251486659049988],[-2195.99267578125,39.75188064575195,6884.86669921875,0.9199839234352112,0.006554751191288233,0.3919012248516083,-0.009386645630002022,0.9999418258666992,0.005310505162924528,-0.39184361696243288,-0.008564217016100884,0.9199919700622559],[-2199.557861328125,39.76737594604492,6877.67333984375,0.9113799333572388,0.011197810992598534,0.41141369938850405,-0.014498136006295681,0.9998828768730164,0.004902148153632879,-0.411310613155365,-0.010432451032102108,0.9114355444908142],[-2203.676025390625,39.780330657958987,6870.27587890625,0.8978176712989807,0.014921828173100949,0.44011449813842776,-0.018907567486166955,0.9998103380203247,0.004672763403505087,-0.4399612843990326,-0.012516784481704235,0.8979294896125794],[-2208.545654296875,39.80436325073242,6862.63232421875,0.8773921132087708,0.019487079232931138,0.47937801480293276,-0.024435797706246377,0.9996930360794067,0.004085876513272524,-0.47915124893188479,-0.015298900194466114,0.8775990009307861],[-2213.924072265625,39.823368072509769,6855.32666015625,0.8506726622581482,0.023252639919519426,0.525181233882904,-0.02980455942451954,0.9995476603507996,0.004021090921014547,-0.5248501896858215,-0.019073426723480226,0.8509808778762817],[-2219.770751953125,39.836936950683597,6848.4287109375,0.8186495304107666,0.02497858740389347,0.5737499594688416,-0.03328389674425125,0.9994379878044128,0.0039796046912670139,-0.5733280777931213,-0.02235453575849533,0.8190208673477173],[-2226.549072265625,39.8267936706543,6841.42919921875,0.7800704836845398,0.023664146661758424,0.6252440214157105,-0.03442326560616493,0.9993942379951477,0.005122419912368059,-0.6247439980506897,-0.025518788024783136,0.780412495136261],[-2233.70654296875,39.82112503051758,6834.88134765625,0.7399335503578186,0.020763402804732324,0.6723594665527344,-0.03330245986580849,0.9994285702705383,0.00578569620847702,-0.6718551516532898,-0.026672255247831346,0.7402021884918213],[-2241.72119140625,39.82676315307617,6828.201171875,0.7001743316650391,0.015780428424477578,0.7137975096702576,-0.027911104261875154,0.9995964765548706,0.0052796173840761189,-0.7134261727333069,-0.023619530722498895,0.7003322243690491],[-2250.195068359375,39.80983352661133,6821.5,0.6679996252059937,0.008178559131920338,0.7441166639328003,-0.01818818971514702,0.999820351600647,0.005338697694242001,-0.7439392805099487,-0.01710038259625435,0.6680283546447754],[-2259.015625,39.79033660888672,6814.86767578125,0.639121949672699,0.005006392952054739,0.7690891027450562,-0.015242274850606919,0.9998648762702942,0.006157876458019018,-0.768954336643219,-0.0156583022326231,0.6391118764877319],[-2268.53369140625,39.7960090637207,6808.28564453125,0.6056067943572998,0.00847264938056469,0.7957189083099365,-0.0225533340126276,0.9997243881225586,0.006520064547657967,-0.7954443693161011,-0.021894710138440133,0.6056309938430786],[-2278.119873046875,39.812068939208987,6802.3837890625,0.5674945116043091,0.012157715857028962,0.8232874274253845,-0.031111134216189386,0.9994935989379883,0.00668519688770175,-0.822789192199707,-0.029407218098640443,0.5675853490829468],[-2288.072021484375,39.80681610107422,6796.84326171875,0.5318076014518738,0.008966589346528054,0.8468177318572998,-0.027988862246274949,0.9995837807655335,0.00699304323643446,-0.8464025259017944,-0.027420418336987497,0.5318372249603272],[-2297.931884765625,39.78652572631836,6791.5927734375,0.50747150182724,0.001304772449657321,0.8616675734519959,-0.013643773272633553,0.9998856782913208,0.006521311588585377,-0.8615605235099793,-0.01506577618420124,0.5074312686920166],[-2308.47607421875,39.7633171081543,6785.92822265625,0.49443405866622927,-0.0060026212595403198,0.8691943883895874,0.0012276440393179656,0.9999799728393555,0.0062074861489236359,-0.8692142963409424,-0.0020021311938762666,0.4944315254688263],[-2319.273681640625,39.7547492980957,6780.01123046875,0.4885857403278351,-0.007652533706277609,0.8724822998046875,0.004790278151631355,0.999970018863678,0.006088194902986288,-0.8725027441978455,0.0012048276839777828,0.4886077344417572],[-2330.34130859375,39.76000213623047,6773.8974609375,0.48515933752059939,-0.005210546776652336,0.8744102716445923,-0.000045721244532614949,0.9999821186065674,0.00598418852314353,-0.8744257688522339,-0.002943263854831457,0.48515039682388308],[-2341.7431640625,39.77216339111328,6767.7412109375,0.47841161489486697,-0.0013975959736853839,0.8781346082687378,-0.007817205972969532,0.9999523162841797,0.005850323475897312,-0.8781009316444397,-0.009663421660661698,0.47837787866592409],[-2353.54248046875,39.78281784057617,6761.69873046875,0.4650728702545166,0.001834195340052247,0.8852704763412476,-0.015091481618583203,0.9998689889907837,0.005856609903275967,-0.8851437568664551,-0.016083793714642526,0.46503961086273196],[-2365.78515625,39.790794372558597,6755.91015625,0.44417262077331545,0.003853936679661274,0.8959329128265381,-0.020786069333553315,0.999765932559967,0.006004431750625372,-0.8957000970840454,-0.021289927884936334,0.4441487491130829],[-2378.49072265625,39.847312927246097,6750.4921875,0.4153091311454773,0.007512653712183237,0.9096493124961853,-0.02632552571594715,0.9996463656425476,0.0037632465828210117,-0.9092993140220642,-0.0255099069327116,0.4153600335121155],[-2391.615234375,39.947330474853519,6745.384765625,0.3876176178455353,0.01056844275444746,0.9217596650123596,-0.024209056049585344,0.9997060894966126,-0.0012817668030038477,-0.9215022921562195,-0.021818095818161966,0.3877595365047455],[-2405.0771484375,40.0439453125,6740.34375,0.3706139028072357,0.005922733340412378,0.9287681579589844,-0.010733255185186863,0.9999402165412903,-0.0020936178043484689,-0.928725004196167,-0.009192782454192639,0.3706552982330322],[-2419.330322265625,40.0263786315918,6734.96875,0.3632098436355591,-0.004616009071469307,0.9316959381103516,0.0019531529396772386,0.9999893307685852,0.0041929506696760658,-0.9317052960395813,0.0002968236804008484,0.36321496963500979],[-2432.7353515625,40.075687408447269,6729.88232421875,0.36295247077941897,-0.021124236285686494,0.9315682053565979,0.00564934965223074,0.9997745156288147,0.02046981267631054,-0.9317905306816101,-0.0021668148692697288,0.36298996210098269],[-2446.79638671875,39.98829650878906,6724.6201171875,0.35898706316947939,-0.01017792709171772,0.9332870244979858,0.005182486958801746,0.9999468922615051,0.008911450393497944,-0.9333281517028809,0.001637652749195695,0.35902073979377749],[-2459.436767578125,39.986351013183597,6720.0048828125,0.3479039669036865,-0.005155904684215784,0.9375159740447998,-0.008275073021650315,0.9999290108680725,0.00856995489448309,-0.9374936819076538,-0.010739535093307495,0.34783661365509035],[-2473.932861328125,40.01112747192383,6715.0888671875,0.3292202353477478,0.0008095477242022753,0.9442527890205383,-0.02410479262471199,0.9996809363365173,0.007547232788056135,-0.9439454674720764,-0.02524571865797043,0.3291347026824951],[-2488.637939453125,40.013641357421878,6710.58740234375,0.30787837505340578,0.0014700216706842185,0.9514245986938477,-0.026637958362698556,0.9996200799942017,0.00707548251375556,-0.951052725315094,-0.02752239629626274,0.3078005611896515],[-2503.481201171875,39.988189697265628,6706.275390625,0.2943632900714874,-0.002904056804254651,0.9556891918182373,-0.012795709073543549,0.9998937845230103,0.0069796075113117699,-0.9556079506874085,-0.014283261261880398,0.2942948639392853],[-2518.96484375,39.955753326416019,6701.7666015625,0.28866976499557497,-0.007589313201606274,0.9573986530303955,0.0019577238708734514,0.9999711513519287,0.007336503826081753,-0.9574267268180847,-0.00024350453168153763,0.28867629170417788],[-2533.908203125,39.95237350463867,6697.33447265625,0.286528617143631,-0.008215623907744885,0.958036482334137,0.0040314593352377419,0.999964714050293,0.007369454018771648,-0.9580631852149963,0.0017507253214716912,0.2865516245365143],[-2548.8837890625,39.958248138427737,6692.84716796875,0.28588178753852847,-0.006608639843761921,0.9582421183586121,-0.0006945750792510808,0.9999745488166809,0.0071036722511053089,-0.9582646489143372,-0.002696381649002433,0.28586992621421816],[-2564.47705078125,39.96175765991211,6688.18310546875,0.28565144538879397,-0.00560376001521945,0.958317220211029,-0.0036830406170338394,0.9999691247940064,0.006945145782083273,-0.958326518535614,-0.005513412412256002,0.2856220006942749],[-2580.106201171875,39.97427749633789,6683.53125,0.2855803668498993,-0.0053767249919474129,0.9583396911621094,-0.00300206639803946,0.9999743103981018,0.006504915188997984,-0.9583500623703003,-0.004734675399959087,0.2855568826198578],[-2595.755126953125,39.997154235839847,6678.875,0.28553274273872378,-0.004358397796750069,0.9583590626716614,-0.0015606514643877745,0.9999862313270569,0.005012687761336565,-0.9583677053451538,-0.0029269508086144926,0.2855220139026642],[-2610.8212890625,40.058349609375,6674.34228515625,0.28770121932029726,-0.0034888056106865408,0.9577138423919678,0.0009014265378937125,0.9999939203262329,0.0033720331266522409,-0.9577198028564453,-0.00010682938591344282,0.28770262002944949],[-2625.846435546875,40.121734619140628,6669.63916015625,0.2956639230251312,-0.0038658943958580496,0.9552841782569885,0.006985812913626432,0.9999738335609436,0.0018846121383830906,-0.9552664756774902,0.00611622491851449,0.29568320512771609],[-2640.230712890625,40.212364196777347,6664.953125,0.3038557767868042,-0.0035011202562600376,0.9527115821838379,0.00899939239025116,0.9999591708183289,0.0008045039139688015,-0.9526755213737488,0.00832937192171812,0.3038748800754547],[-2655.7236328125,40.323795318603519,6659.853515625,0.307621031999588,-0.0009656010079197586,0.9515084624290466,0.002140201162546873,0.9999976754188538,0.00032288499642163515,-0.9515065550804138,0.0019370934460312129,0.30762237310409548],[-2670.614990234375,40.43034362792969,6654.96533203125,0.3090212643146515,0.0007093881722539663,0.9510548710823059,-0.003164692549034953,0.9999949336051941,0.00028239458333700895,-0.9510498642921448,-0.0030970622319728138,0.3090219497680664],[-2686.625244140625,40.51313781738281,6649.74609375,0.30956152081489565,-0.0001581389515195042,0.9508793950080872,-0.002932334551587701,0.9999950528144836,0.0011209372896701098,-0.950874924659729,-0.003135295584797859,0.30955952405929568],[-2700.317138671875,40.57769012451172,6645.2958984375,0.30974653363227847,-0.00157830526586622,0.950817883014679,-0.0010902400827035308,0.9999973773956299,0.002015106612816453,-0.9508185386657715,-0.0016607920406386257,0.3097440004348755],[-2715.10693359375,40.60920715332031,6640.47802734375,0.31002849340438845,-0.00416334206238389,0.9507181644439697,-0.00014283147174865007,0.9999902248382568,0.004425689112395048,-0.9507272839546204,-0.0015078821452334524,0.31002485752105715],[-2729.843505859375,40.61857604980469,6635.67236328125,0.30984359979629519,-0.006265660282224417,0.9507668614387512,-0.00024714137543924153,0.999977707862854,0.006670505739748478,-0.9507874846458435,-0.002301787491887808,0.30983516573905947],[-2744.53076171875,40.56781005859375,6630.87939453125,0.30980709195137026,-0.009368364699184895,0.9507532715797424,-0.0011020093224942685,0.9999472498893738,0.0102